-112.50000000     -0.00002558566577950000
-112.40234375     -0.00000398339334684000
-112.30468750     0.00006800067963400000
-112.20703125     0.00014263562784300001
-112.10937500     0.00018688566608100000
-112.01171875     0.00020639670489599999
-111.91406250     0.00021840295890100000
-111.81640625     0.00022499506437600000
-111.71875000     0.00022795879741000001
-111.62109375     0.00022864635891100001
-111.52343750     0.00022582912823600001
-111.42578125     0.00021663797693900001
-111.32812500     0.00019889445782900000
-111.23046875     0.00017232980831500001
-111.13281250     0.00013824331573200000
-111.03515625     0.00009843957944690001
-110.93750000     0.00005452601080500000
-110.83984375     0.00000803010370765000
-110.74218750     -0.00003918237501220000
-110.64453125     -0.00008491931250390000
-110.54687500     -0.00012711859671800000
-110.44921875     -0.00016422124526999999
-110.35156250     -0.00019515229304900000
-110.25390625     -0.00021908174196399999
-110.15625000     -0.00023521828329200000
-110.05859375     -0.00024256296800800000
-109.96093750     -0.00023973123101699999
-109.86328125     -0.00022556578658000000
-109.76562500     -0.00020004436101100001
-109.66796875     -0.00016429293213800000
-109.57031250     -0.00012000602315400000
-109.47265625     -0.00006905507636830000
-109.37500000     -0.00001336811841700000
-109.27734375     0.00004511268105360000
-109.17968750     0.00010443581706499999
-109.08203125     0.00016262922094400001
-108.98437500     0.00021767535823399999
-108.88671875     0.00026749992693400002
-108.78906250     0.00031011548898300000
-108.69140625     0.00034403940613200002
-108.59375000     0.00036862357746300000
-108.49609375     0.00038384626953499998
-108.39843750     0.00038963778117199999
-108.30078125     0.00038548990672800001
-108.20312500     0.00037131639145600000
-108.10546875     0.00034849330368699998
-108.00781250     0.00031974295473699999
-107.91015625     0.00028842633537100001
-107.81250000     0.00025784108681200000
-107.71484375     0.00023058222780900000
-107.61718750     0.00020819379006600000
-107.51953125     0.00019145197497899999
-107.42187500     0.00018070344706500000
-107.32421875     0.00017569327823700000
-107.22656250     0.00017532137787899999
-107.12890625     0.00017773054015200000
-107.03125000     0.00018062717806499999
-106.93359375     0.00018165772194500001
-106.83593750     0.00017872130911099999
-106.73828125     0.00017024506102000000
-106.64062500     0.00015551117567600000
-106.54296875     0.00013488096662200001
-106.44531250     0.00010960161033200000
-106.34765625     0.00008136738614870001
-106.25000000     0.00005207528403160000
-106.15234375     0.00002366852904730000
-106.05468750     -0.00000208951584268000
-105.95703125     -0.00002381208736140000
-105.85937500     -0.00004072161389630000
-105.76171875     -0.00005289658119130000
-105.66406250     -0.00006127475605679999
-105.56640625     -0.00006734999520600000
-105.46875000     -0.00007279777189990000
-105.37109375     -0.00007916466633100000
-105.27343750     -0.00008750163988440000
-105.17578125     -0.00009800412953230000
-105.07812500     -0.00011007971011300001
-104.98046875     -0.00012283106843400001
-104.88281250     -0.00013534465297200001
-104.78515625     -0.00014669671978100000
-104.68750000     -0.00015605979481599999
-104.58984375     -0.00016285452980600000
-104.49218750     -0.00016674366172599999
-104.39453125     -0.00016777585641199999
-104.29687500     -0.00016678824729599999
-104.19921875     -0.00016499301402000000
-104.10156250     -0.00016312083731800001
-104.00390625     -0.00016131411301299999
-103.90625000     -0.00015925652864200000
-103.80859375     -0.00015636139307000001
-103.71093750     -0.00015214820507800000
-103.61328125     -0.00014643692519299999
-103.51562500     -0.00013930536462100000
-103.41796875     -0.00013101294031900000
-103.32031250     -0.00012192416886300001
-103.22265625     -0.00011240668228500000
-103.12500000     -0.00010273867436200000
-103.02734375     -0.00009307163871080001
-102.92968750     -0.00008345544109060001
-102.83203125     -0.00007389832804840000
-102.73437500     -0.00006442512969600000
-102.63671875     -0.00005510792776810000
-102.53906250     -0.00004606316662220000
-102.44140625     -0.00003742614421290000
-102.34375000     -0.00002932068498960000
-102.24609375     -0.00002183751681490000
-102.14843750     -0.00001502416097500000
-102.05078125     -0.00000888008306926000
-101.95312500     -0.00000335126335169000
-101.85546875     0.00000167038726243000
-101.75781250     0.00000632764238334000
-101.66015625     0.00001075796415190000
-101.56250000     0.00001507302444220000
-101.46484375     0.00001941014792740000
-101.36718750     0.00002402103827900000
-101.26953125     0.00002923600016700000
-101.17187500     0.00003519848787270000
-101.07421875     0.00004157183916840000
-100.97656250     0.00004760120336040000
-100.87890625     0.00005258414029220000
-100.78125000     0.00005620427332680000
-100.68359375     0.00005833425416950000
-100.58593750     0.00005950507484520000
-100.48828125     0.00006268861668080001
-100.39062500     0.00007477045455000001
-100.29296875     0.00011607619863700000
-100.19531250     0.00027289567292500001
-100.09765625     0.00087877036547999996
-100.00000000     0.00345466004591000022
-99.90234375     0.01227154135080000055
-99.80468750     0.02454122852859999884
-99.70703125     0.03680722297070000010
-99.60937500     0.04906767433490000219
-99.51171875     0.06132073630930000296
-99.41406250     0.07356456359969999748
-99.31640625     0.08579731234439999521
-99.21875000     0.09801714032960000267
-99.12109375     0.11022220729399999362
-99.02343750     0.12241067519899999361
-98.92578125     0.13458070850699999088
-98.82812500     0.14673047445500000951
-98.73046875     0.15885814333400000153
-98.63281250     0.17096188876000001367
-98.53515625     0.18303988795500000797
-98.43750000     0.19509032201599998957
-98.33984375     0.20711137619200001292
-98.24218750     0.21910124015699999900
-98.14453125     0.23105810828100001308
-98.04687500     0.24298017990299999869
-97.94921875     0.25486565960500001671
-97.85156250     0.26671275747500000630
-97.75390625     0.27851968938499999107
-97.65625000     0.29028467725399997867
-97.55859375     0.30200594931899998885
-97.46093750     0.31368174039899998640
-97.36328125     0.32531029216200002541
-97.26562500     0.33688985339200000491
-97.16796875     0.34841868024900002343
-97.07031250     0.35989503653499999025
-96.97265625     0.37131719395200002420
-96.87500000     0.38268343236500002025
-96.77734375     0.39399204006100002617
-96.67968750     0.40524131400500001954
-96.58203125     0.41642956009799997341
-96.48437500     0.42755509342999997724
-96.38671875     0.43861623853900000292
-96.28906250     0.44961132965500000269
-96.19140625     0.46053871095799997493
-96.09375000     0.47139673682599997351
-95.99609375     0.48218377207899998371
-95.89843750     0.49289819222999997628
-95.80078125     0.50353838372600001616
-95.70312500     0.51410274419299994975
-95.60546875     0.52458968267799999108
-95.50781250     0.53499761988700000881
-95.41015625     0.54532498842199994549
-95.31250000     0.55557023301999997056
-95.21484375     0.56573181078400003319
-95.11718750     0.57580819141799999272
-95.01953125     0.58579785745599999291
-94.92187500     0.59569930449200003686
-94.82421875     0.60551104140400002773
-94.72656250     0.61523159058099996521
-94.62890625     0.62485948814199998580
-94.53125000     0.63439328416399998201
-94.43359375     0.64383154288999999704
-94.33593750     0.65317284295400002136
-94.23828125     0.66241577759000003223
-94.14062500     0.67155895484700001141
-94.04296875     0.68060099779500005113
-93.94531250     0.68954054473699999406
-93.84765625     0.69837624940900000503
-93.75000000     0.70710678118699998862
-93.65234375     0.71573082528400000513
-93.55468750     0.72424708295100004296
-93.45703125     0.73265427167200003478
-93.35937500     0.74095112535499996209
-93.26171875     0.74913639452299995991
-93.16406250     0.75720884650599995513
-93.06640625     0.76516726562199999240
-92.96875000     0.77301045336300000521
-92.87109375     0.78073722857200000824
-92.77343750     0.78834642762700002372
-92.67578125     0.79583690460900002872
-92.57812500     0.80320753148099999219
-92.48046875     0.81045719825299999961
-92.38281250     0.81758481315200004502
-92.28515625     0.82458930278499997790
-92.18750000     0.83146961230299998302
-92.08984375     0.83822470555499994926
-91.99218750     0.84485356524999999372
-91.89453125     0.85135519310499996326
-91.79687500     0.85772861000000000242
-91.69921875     0.86397285612200003246
-91.60156250     0.87008699110900000750
-91.50390625     0.87607009419500003755
-91.40625000     0.88192126434800000023
-91.30859375     0.88763962040300004031
-91.21093750     0.89322430119600004783
-91.11328125     0.89867446569400000200
-91.01562500     0.90398929312300002614
-90.91796875     0.90916798309099999820
-90.82031250     0.91420975570399998222
-90.72265625     0.91911385169000003881
-90.62500000     0.92387953251099996788
-90.52734375     0.92850608047299998393
-90.42968750     0.93299279883499997013
-90.33203125     0.93733901191299995315
-90.23437500     0.94154406518300004514
-90.13671875     0.94560732538100000788
-90.03906250     0.94952818059300003739
-89.94140625     0.95330604035400001717
-89.84375000     0.95694033573199999143
-89.74609375     0.96043051941599999477
-89.64843750     0.96377606579499996986
-89.55078125     0.96697647104499995230
-89.45312500     0.97003125319500005386
-89.35546875     0.97293995220600004714
-89.25781250     0.97570213003899997073
-89.16015625     0.97831737072000002353
-89.06250000     0.98078528040299994828
-88.96484375     0.98310548743100001357
-88.86718750     0.98527764238899995242
-88.76953125     0.98730141815799998817
-88.67187500     0.98917650996499995042
-88.57421875     0.99090263542799994489
-88.47656250     0.99247953459899995732
-88.37890625     0.99390697000200001199
-88.28125000     0.99518472667199997517
-88.18359375     0.99631261218300004590
-88.08593750     0.99729045667899995919
-87.98828125     0.99811811289999996522
-87.89062500     0.99879545620499998737
-87.79296875     0.99932238458800004555
-87.69531250     0.99969881869599996893
-87.59765625     0.99992470183899995195
-87.50000000     1.00000000000000000000
-87.40234375     0.99992470183899995195
-87.30468750     0.99969881869599996893
-87.20703125     0.99932238458800004555
-87.10937500     0.99879545620499998737
-87.01171875     0.99811811289999996522
-86.91406250     0.99729045667899995919
-86.81640625     0.99631261218300004590
-86.71875000     0.99518472667199997517
-86.62109375     0.99390697000200001199
-86.52343750     0.99247953459899995732
-86.42578125     0.99090263542799994489
-86.32812500     0.98917650996499995042
-86.23046875     0.98730141815799998817
-86.13281250     0.98527764238899995242
-86.03515625     0.98310548743100001357
-85.93750000     0.98078528040299994828
-85.83984375     0.97831737072000002353
-85.74218750     0.97570213003899997073
-85.64453125     0.97293995220600004714
-85.54687500     0.97003125319500005386
-85.44921875     0.96697647104499995230
-85.35156250     0.96377606579499996986
-85.25390625     0.96043051941599999477
-85.15625000     0.95694033573199999143
-85.05859375     0.95330604035400001717
-84.96093750     0.94952818059300003739
-84.86328125     0.94560732538100000788
-84.76562500     0.94154406518300004514
-84.66796875     0.93733901191299995315
-84.57031250     0.93299279883499997013
-84.47265625     0.92850608047299998393
-84.37500000     0.92387953251099996788
-84.27734375     0.91911385169000003881
-84.17968750     0.91420975570399998222
-84.08203125     0.90916798309099999820
-83.98437500     0.90398929312300002614
-83.88671875     0.89867446569400000200
-83.78906250     0.89322430119600004783
-83.69140625     0.88763962040300004031
-83.59375000     0.88192126434800000023
-83.49609375     0.87607009419500003755
-83.39843750     0.87008699110900000750
-83.30078125     0.86397285612200003246
-83.20312500     0.85772861000000000242
-83.10546875     0.85135519310499996326
-83.00781250     0.84485356524999999372
-82.91015625     0.83822470555499994926
-82.81250000     0.83146961230299998302
-82.71484375     0.82458930278499997790
-82.61718750     0.81758481315200004502
-82.51953125     0.81045719825299999961
-82.42187500     0.80320753148099999219
-82.32421875     0.79583690460900002872
-82.22656250     0.78834642762700002372
-82.12890625     0.78073722857200000824
-82.03125000     0.77301045336300000521
-81.93359375     0.76516726562199999240
-81.83593750     0.75720884650599995513
-81.73828125     0.74913639452299995991
-81.64062500     0.74095112535499996209
-81.54296875     0.73265427167200003478
-81.44531250     0.72424708295100004296
-81.34765625     0.71573082528400000513
-81.25000000     0.70710678118699998862
-81.15234375     0.69837624940900000503
-81.05468750     0.68954054473699999406
-80.95703125     0.68060099779500005113
-80.85937500     0.67155895484700001141
-80.76171875     0.66241577759000003223
-80.66406250     0.65317284295400002136
-80.56640625     0.64383154288999999704
-80.46875000     0.63439328416399998201
-80.37109375     0.62485948814199998580
-80.27343750     0.61523159058099996521
-80.17578125     0.60551104140400002773
-80.07812500     0.59569930449200003686
-79.98046875     0.58579785745599999291
-79.88281250     0.57580819141799999272
-79.78515625     0.56573181078400003319
-79.68750000     0.55557023301999997056
-79.58984375     0.54532498842199994549
-79.49218750     0.53499761988700000881
-79.39453125     0.52458968267799999108
-79.29687500     0.51410274419299994975
-79.19921875     0.50353838372600001616
-79.10156250     0.49289819222999997628
-79.00390625     0.48218377207899998371
-78.90625000     0.47139673682599997351
-78.80859375     0.46053871095799997493
-78.71093750     0.44961132965500000269
-78.61328125     0.43861623853900000292
-78.51562500     0.42755509342999997724
-78.41796875     0.41642956009799997341
-78.32031250     0.40524131400500001954
-78.22265625     0.39399204006100002617
-78.12500000     0.38268343236500002025
-78.02734375     0.37131719395200002420
-77.92968750     0.35989503653499999025
-77.83203125     0.34841868024900002343
-77.73437500     0.33688985339200000491
-77.63671875     0.32531029216200002541
-77.53906250     0.31368174039899998640
-77.44140625     0.30200594931899998885
-77.34375000     0.29028467725399997867
-77.24609375     0.27851968938499999107
-77.14843750     0.26671275747500000630
-77.05078125     0.25486565960500001671
-76.95312500     0.24298017990299999869
-76.85546875     0.23105810828100001308
-76.75781250     0.21910124015699999900
-76.66015625     0.20711137619200001292
-76.56250000     0.19509032201599998957
-76.46484375     0.18303988795500000797
-76.36718750     0.17096188876000001367
-76.26953125     0.15885814333400000153
-76.17187500     0.14673047445500000951
-76.07421875     0.13458070850699999088
-75.97656250     0.12241067519899999361
-75.87890625     0.11022220729399999362
-75.78125000     0.09801714032960000267
-75.68359375     0.08579731234439999521
-75.58593750     0.07356456359969999748
-75.48828125     0.06132073630939999936
-75.39062500     0.04906767433470000245
-75.29296875     0.03680722297140000265
-75.19531250     0.02454122853180000161
-75.09765625     0.01227154152240000039
-75.00000000     0.00336824201411999990
-74.90234375     0.00078483025633200004
-74.80468750     0.00019554694208400000
-74.70703125     0.00005265056623030000
-74.60937500     0.00001771391976480000
-74.51171875     0.00000430437643438000
-74.41406250     -0.00000514712317615000
-74.31640625     -0.00001426937517330000
-74.21875000     -0.00002519643798910000
-74.12109375     -0.00003854686135760000
-74.02343750     -0.00005265574449970000
-73.92578125     -0.00006554512300770000
-73.82812500     -0.00007627766111120001
-73.73046875     -0.00008482923139060000
-73.63281250     -0.00009153894175220000
-73.53515625     -0.00009683789937980000
-73.43750000     -0.00010116490752500000
-73.33984375     -0.00010492852466800000
-73.24218750     -0.00010849344392400000
-73.14453125     -0.00011218894356700000
-73.04687500     -0.00011632046584400000
-72.94921875     -0.00012116761317100000
-72.85156250     -0.00012696907483900001
-72.75390625     -0.00013390500927400000
-72.65625000     -0.00014208357683799999
-72.55859375     -0.00015153085853099999
-72.46093750     -0.00016218286045799999
-72.36328125     -0.00017388450603999999
-72.26562500     -0.00018640483182599999
-72.16796875     -0.00019947243859000000
-72.07031250     -0.00021282153419599999
-71.97265625     -0.00022622627743400001
-71.87500000     -0.00023950106913100001
-71.77734375     -0.00025246125096199998
-71.67968750     -0.00026486505929099999
-71.58203125     -0.00027637778340299998
-71.48437500     -0.00028659491989699998
-71.38671875     -0.00029512205029400001
-71.28906250     -0.00030166177970799999
-71.19140625     -0.00030608306118100001
-71.09375000     -0.00030853453621899999
-70.99609375     -0.00030956543940900000
-70.89843750     -0.00030993482909600002
-70.80078125     -0.00031008934240800000
-70.70312500     -0.00030979912462900002
-70.60546875     -0.00030823153102800001
-70.50781250     -0.00030448906668499999
-70.41015625     -0.00029806847962799999
-70.31250000     -0.00028883998935399997
-70.21484375     -0.00027699113882899998
-70.11718750     -0.00026306543418900001
-70.01953125     -0.00024787952916599998
-69.92187500     -0.00023234741229400001
-69.82421875     -0.00021745403279299999
-69.72656250     -0.00020426365033600000
-69.62890625     -0.00019349603645099999
-69.53125000     -0.00018491185933500000
-69.43359375     -0.00017725351084200001
-69.33593750     -0.00016872571108300001
-69.23828125     -0.00015746878401200001
-69.14062500     -0.00014187435685900001
-69.04296875     -0.00012090274425000000
-68.94531250     -0.00009436427513599999
-68.84765625     -0.00006295744165399999
-68.75000000     -0.00002803949544680000
-68.65234375     0.00000868437124668000
-68.55468750     0.00004534625860090000
-68.45703125     0.00007991527656780000
-68.35937500     0.00011031634291300000
-68.26171875     0.00013498744618200000
-68.16406250     0.00015347940508900001
-68.06640625     0.00016649279677999999
-67.96875000     0.00017553695931300000
-67.87109375     0.00018267467484100000
-67.77343750     0.00019030092795200001
-67.67578125     0.00020076234305600000
-67.57812500     0.00021587989006400000
-67.48046875     0.00023655153357400000
-67.38281250     0.00026265461019699999
-67.28515625     0.00029334518338800002
-67.18750000     0.00032750895631199998
-67.08984375     0.00036383830587899998
-66.99218750     0.00040040807158400000
-66.89453125     0.00043444367462800002
-66.79687500     0.00046262189573400002
-66.69921875     0.00048167416843299999
-66.60156250     0.00048938527702200002
-66.50390625     0.00048544402797100000
-66.40625000     0.00047080024609000000
-66.30859375     0.00044622781421100000
-66.21093750     0.00041200686553899998
-66.11328125     0.00036864487266700003
-66.01562500     0.00031743483218000000
-65.91796875     0.00026027834724100002
-65.82031250     0.00019920448044600001
-65.72265625     0.00013613450370499999
-65.62500000     0.00007286914412870001
-65.52734375     0.00001112252878280000
-65.42968750     -0.00004745089450800000
-65.33203125     -0.00010120112533400000
-65.23437500     -0.00014837679932499999
-65.13671875     -0.00018716622820500001
-65.03906250     -0.00021616021939800000
-64.94140625     -0.00023496901386200000
-64.84375000     -0.00024433964440500000
-64.74609375     -0.00024569495983000001
-64.64843750     -0.00024056791434900001
-64.55078125     -0.00023011622020599999
-64.45312500     -0.00021495875285599999
-64.35546875     -0.00019545052373000000
-64.25781250     -0.00017205155417800001
-64.16015625     -0.00014558176275499999
-64.06250000     -0.00011726468399000000
-63.96484375     -0.00008855994648460000
-63.86718750     -0.00006086074653220000
-63.76953125     -0.00003512922942410000
-63.67187500     -0.00001164123482540000
-63.57421875     0.00000986381506796000
-63.47656250     0.00002953726720760000
-63.37890625     0.00004664914280390000
-63.28125000     0.00005966825202640000
-63.18359375     0.00006855764012710000
-63.08593750     0.00007869932721759999
-62.98828125     0.00009902037571740001
-62.89062500     0.00012520802152499999
-62.79296875     0.00011253270878700000
-62.69531250     0.00004245667942830000
-62.59765625     -0.00004169510251250000
-62.50000000     -0.00008084016170220000
-62.40234375     -0.00004169510251240000
-62.30468750     0.00004245667942840000
-62.20703125     0.00011253270878700000
-62.10937500     0.00012520802152499999
-62.01171875     0.00009902037571730000
-61.91406250     0.00007869932721750000
-61.81640625     0.00006855764012739999
-61.71875000     0.00005966825202700000
-61.62109375     0.00004664914280440000
-61.52343750     0.00002953726720790000
-61.42578125     0.00000986381506807000
-61.32812500     -0.00001164123482530000
-61.23046875     -0.00003512922942430000
-61.13281250     -0.00006086074653240000
-61.03515625     -0.00008855994648530000
-60.93750000     -0.00011726468399100000
-60.83984375     -0.00014558176275499999
-60.74218750     -0.00017205155417900000
-60.64453125     -0.00019545052373100001
-60.54687500     -0.00021495875285700001
-60.44921875     -0.00023011622020599999
-60.35156250     -0.00024056791435000000
-60.25390625     -0.00024569495983000001
-60.15625000     -0.00024433964440500000
-60.05859375     -0.00023496901386099999
-59.96093750     -0.00021616021939800000
-59.86328125     -0.00018716622820400000
-59.76562500     -0.00014837679932400001
-59.66796875     -0.00010120112533300000
-59.57031250     -0.00004745089450730000
-59.47265625     0.00001112252878320000
-59.37500000     0.00007286914412950000
-59.27734375     0.00013613450370600000
-59.17968750     0.00019920448044600001
-59.08203125     0.00026027834724100002
-58.98437500     0.00031743483218100001
-58.88671875     0.00036864487266700003
-58.78906250     0.00041200686553899998
-58.69140625     0.00044622781421100000
-58.59375000     0.00047080024609000000
-58.49609375     0.00048544402796999998
-58.39843750     0.00048938527702200002
-58.30078125     0.00048167416843299999
-58.20312500     0.00046262189573400002
-58.10546875     0.00043444367462800002
-58.00781250     0.00040040807158400000
-57.91015625     0.00036383830587999999
-57.81250000     0.00032750895631299999
-57.71484375     0.00029334518338899998
-57.61718750     0.00026265461019900002
-57.51953125     0.00023655153357600000
-57.42187500     0.00021587989006600000
-57.32421875     0.00020076234305800000
-57.22656250     0.00019030092795400001
-57.12890625     0.00018267467484300000
-57.03125000     0.00017553695931500000
-56.93359375     0.00016649279678199999
-56.83593750     0.00015347940509200000
-56.73828125     0.00013498744618400000
-56.64062500     0.00011031634291600000
-56.54296875     0.00007991527657189999
-56.44531250     0.00004534625860520000
-56.34765625     0.00000868437125057000
-56.25000000     -0.00002803949544320000
-56.15234375     -0.00006295744165000001
-56.05468750     -0.00009436427513199999
-55.95703125     -0.00012090274424600000
-55.85937500     -0.00014187435685500001
-55.76171875     -0.00015746878400800000
-55.66406250     -0.00016872571108000000
-55.56640625     -0.00017725351083800001
-55.46875000     -0.00018491185933199999
-55.37109375     -0.00019349603644800001
-55.27343750     -0.00020426365033300001
-55.17578125     -0.00021745403279000000
-55.07812500     -0.00023234741229100000
-54.98046875     -0.00024787952916500002
-54.88281250     -0.00026306543418900001
-54.78515625     -0.00027699113882999999
-54.68750000     -0.00028883998935700002
-54.58984375     -0.00029806847963400002
-54.49218750     -0.00030448906669299999
-54.39453125     -0.00030823153103799999
-54.29687500     -0.00030979912464199999
-54.19921875     -0.00031008934242500002
-54.10156250     -0.00030993482911600002
-54.00390625     -0.00030956543943199999
-53.90625000     -0.00030853453624800001
-53.80859375     -0.00030608306121300002
-53.71093750     -0.00030166177974500001
-53.61328125     -0.00029512205033600000
-53.51562500     -0.00028659491994499999
-53.41796875     -0.00027637778345600001
-53.32031250     -0.00026486505934899998
-53.22265625     -0.00025246125102499999
-53.12500000     -0.00023950106919999999
-53.02734375     -0.00022622627751000000
-52.92968750     -0.00021282153427700000
-52.83203125     -0.00019947243868000000
-52.73437500     -0.00018640483192300001
-52.63671875     -0.00017388450614199999
-52.53906250     -0.00016218286056400000
-52.44140625     -0.00015153085863600001
-52.34375000     -0.00014208357693599999
-52.24609375     -0.00013390500935700001
-52.14843750     -0.00012696907489599999
-52.05078125     -0.00012116761319300000
-51.95312500     -0.00011632046582000000
-51.85546875     -0.00011218894349100000
-51.75781250     -0.00010849344379099999
-51.66015625     -0.00010492852446800000
-51.56250000     -0.00010116490723000000
-51.46484375     -0.00009683789892740000
-51.36718750     -0.00009153894102580000
-51.26953125     -0.00008482923020450000
-51.17187500     -0.00007627765919130000
-51.07421875     -0.00006554511998970000
-50.97656250     -0.00005265574007650000
-50.87890625     -0.00003854685566470000
-50.78125000     -0.00002519643154700000
-50.68359375     -0.00001426936814270000
-50.58593750     -0.00000514711504621000
-50.48828125     0.00000430438862448000
-50.39062500     0.00001771393227590000
-50.29296875     0.00005265049086730000
-50.19531250     0.00019554647406600000
-50.09765625     0.00078482880880300005
-50.00000000     0.00336824390786000022
-49.90234375     0.01227154155649999925
-49.80468750     0.02454122853180000161
-49.70703125     0.03680722297140000265
-49.60937500     0.04906767433470000245
-49.51171875     0.06132073630939999936
-49.41406250     0.07356456359969999748
-49.31640625     0.08579731234439999521
-49.21875000     0.09801714032960000267
-49.12109375     0.11022220729399999362
-49.02343750     0.12241067519899999361
-48.92578125     0.13458070850699999088
-48.82812500     0.14673047445500000951
-48.73046875     0.15885814333400000153
-48.63281250     0.17096188876000001367
-48.53515625     0.18303988795500000797
-48.43750000     0.19509032201599998957
-48.33984375     0.20711137619200001292
-48.24218750     0.21910124015699999900
-48.14453125     0.23105810828100001308
-48.04687500     0.24298017990299999869
-47.94921875     0.25486565960500001671
-47.85156250     0.26671275747500000630
-47.75390625     0.27851968938499999107
-47.65625000     0.29028467725399997867
-47.55859375     0.30200594931899998885
-47.46093750     0.31368174039899998640
-47.36328125     0.32531029216200002541
-47.26562500     0.33688985339200000491
-47.16796875     0.34841868024900002343
-47.07031250     0.35989503653499999025
-46.97265625     0.37131719395200002420
-46.87500000     0.38268343236500002025
-46.77734375     0.39399204006100002617
-46.67968750     0.40524131400500001954
-46.58203125     0.41642956009799997341
-46.48437500     0.42755509342999997724
-46.38671875     0.43861623853900000292
-46.28906250     0.44961132965500000269
-46.19140625     0.46053871095799997493
-46.09375000     0.47139673682599997351
-45.99609375     0.48218377207899998371
-45.89843750     0.49289819222999997628
-45.80078125     0.50353838372600001616
-45.70312500     0.51410274419299994975
-45.60546875     0.52458968267799999108
-45.50781250     0.53499761988700000881
-45.41015625     0.54532498842199994549
-45.31250000     0.55557023301999997056
-45.21484375     0.56573181078400003319
-45.11718750     0.57580819141799999272
-45.01953125     0.58579785745599999291
-44.92187500     0.59569930449200003686
-44.82421875     0.60551104140400002773
-44.72656250     0.61523159058099996521
-44.62890625     0.62485948814199998580
-44.53125000     0.63439328416399998201
-44.43359375     0.64383154288999999704
-44.33593750     0.65317284295400002136
-44.23828125     0.66241577759000003223
-44.14062500     0.67155895484700001141
-44.04296875     0.68060099779500005113
-43.94531250     0.68954054473699999406
-43.84765625     0.69837624940900000503
-43.75000000     0.70710678118699998862
-43.65234375     0.71573082528400000513
-43.55468750     0.72424708295100004296
-43.45703125     0.73265427167200003478
-43.35937500     0.74095112535499996209
-43.26171875     0.74913639452299995991
-43.16406250     0.75720884650599995513
-43.06640625     0.76516726562199999240
-42.96875000     0.77301045336300000521
-42.87109375     0.78073722857200000824
-42.77343750     0.78834642762700002372
-42.67578125     0.79583690460900002872
-42.57812500     0.80320753148099999219
-42.48046875     0.81045719825299999961
-42.38281250     0.81758481315200004502
-42.28515625     0.82458930278499997790
-42.18750000     0.83146961230299998302
-42.08984375     0.83822470555499994926
-41.99218750     0.84485356524999999372
-41.89453125     0.85135519310499996326
-41.79687500     0.85772861000000000242
-41.69921875     0.86397285612200003246
-41.60156250     0.87008699110900000750
-41.50390625     0.87607009419500003755
-41.40625000     0.88192126434800000023
-41.30859375     0.88763962040300004031
-41.21093750     0.89322430119600004783
-41.11328125     0.89867446569400000200
-41.01562500     0.90398929312300002614
-40.91796875     0.90916798309099999820
-40.82031250     0.91420975570399998222
-40.72265625     0.91911385169000003881
-40.62500000     0.92387953251099996788
-40.52734375     0.92850608047299998393
-40.42968750     0.93299279883499997013
-40.33203125     0.93733901191299995315
-40.23437500     0.94154406518300004514
-40.13671875     0.94560732538100000788
-40.03906250     0.94952818059300003739
-39.94140625     0.95330604035400001717
-39.84375000     0.95694033573199999143
-39.74609375     0.96043051941599999477
-39.64843750     0.96377606579499996986
-39.55078125     0.96697647104499995230
-39.45312500     0.97003125319500005386
-39.35546875     0.97293995220600004714
-39.25781250     0.97570213003899997073
-39.16015625     0.97831737072000002353
-39.06250000     0.98078528040299994828
-38.96484375     0.98310548743100001357
-38.86718750     0.98527764238899995242
-38.76953125     0.98730141815799998817
-38.67187500     0.98917650996499995042
-38.57421875     0.99090263542799994489
-38.47656250     0.99247953459899995732
-38.37890625     0.99390697000200001199
-38.28125000     0.99518472667199997517
-38.18359375     0.99631261218300004590
-38.08593750     0.99729045667899995919
-37.98828125     0.99811811289999996522
-37.89062500     0.99879545620499998737
-37.79296875     0.99932238458800004555
-37.69531250     0.99969881869599996893
-37.59765625     0.99992470183899995195
-37.50000000     1.00000000000000000000
-37.40234375     0.99992470183899995195
-37.30468750     0.99969881869599996893
-37.20703125     0.99932238458800004555
-37.10937500     0.99879545620499998737
-37.01171875     0.99811811289999996522
-36.91406250     0.99729045667899995919
-36.81640625     0.99631261218300004590
-36.71875000     0.99518472667199997517
-36.62109375     0.99390697000200001199
-36.52343750     0.99247953459899995732
-36.42578125     0.99090263542799994489
-36.32812500     0.98917650996499995042
-36.23046875     0.98730141815799998817
-36.13281250     0.98527764238899995242
-36.03515625     0.98310548743100001357
-35.93750000     0.98078528040299994828
-35.83984375     0.97831737072000002353
-35.74218750     0.97570213003899997073
-35.64453125     0.97293995220600004714
-35.54687500     0.97003125319500005386
-35.44921875     0.96697647104499995230
-35.35156250     0.96377606579499996986
-35.25390625     0.96043051941599999477
-35.15625000     0.95694033573199999143
-35.05859375     0.95330604035400001717
-34.96093750     0.94952818059300003739
-34.86328125     0.94560732538100000788
-34.76562500     0.94154406518300004514
-34.66796875     0.93733901191299995315
-34.57031250     0.93299279883499997013
-34.47265625     0.92850608047299998393
-34.37500000     0.92387953251099996788
-34.27734375     0.91911385169000003881
-34.17968750     0.91420975570399998222
-34.08203125     0.90916798309099999820
-33.98437500     0.90398929312300002614
-33.88671875     0.89867446569400000200
-33.78906250     0.89322430119600004783
-33.69140625     0.88763962040300004031
-33.59375000     0.88192126434800000023
-33.49609375     0.87607009419500003755
-33.39843750     0.87008699110900000750
-33.30078125     0.86397285612200003246
-33.20312500     0.85772861000000000242
-33.10546875     0.85135519310499996326
-33.00781250     0.84485356524999999372
-32.91015625     0.83822470555499994926
-32.81250000     0.83146961230299998302
-32.71484375     0.82458930278499997790
-32.61718750     0.81758481315200004502
-32.51953125     0.81045719825299999961
-32.42187500     0.80320753148099999219
-32.32421875     0.79583690460900002872
-32.22656250     0.78834642762700002372
-32.12890625     0.78073722857200000824
-32.03125000     0.77301045336300000521
-31.93359375     0.76516726562199999240
-31.83593750     0.75720884650599995513
-31.73828125     0.74913639452299995991
-31.64062500     0.74095112535499996209
-31.54296875     0.73265427167200003478
-31.44531250     0.72424708295100004296
-31.34765625     0.71573082528400000513
-31.25000000     0.70710678118699998862
-31.15234375     0.69837624940900000503
-31.05468750     0.68954054473699999406
-30.95703125     0.68060099779500005113
-30.85937500     0.67155895484700001141
-30.76171875     0.66241577759000003223
-30.66406250     0.65317284295400002136
-30.56640625     0.64383154288999999704
-30.46875000     0.63439328416399998201
-30.37109375     0.62485948814199998580
-30.27343750     0.61523159058099996521
-30.17578125     0.60551104140400002773
-30.07812500     0.59569930449200003686
-29.98046875     0.58579785745599999291
-29.88281250     0.57580819141799999272
-29.78515625     0.56573181078400003319
-29.68750000     0.55557023301999997056
-29.58984375     0.54532498842199994549
-29.49218750     0.53499761988700000881
-29.39453125     0.52458968267799999108
-29.29687500     0.51410274419299994975
-29.19921875     0.50353838372600001616
-29.10156250     0.49289819222999997628
-29.00390625     0.48218377207899998371
-28.90625000     0.47139673682599997351
-28.80859375     0.46053871095799997493
-28.71093750     0.44961132965500000269
-28.61328125     0.43861623853900000292
-28.51562500     0.42755509342999997724
-28.41796875     0.41642956009799997341
-28.32031250     0.40524131400500001954
-28.22265625     0.39399204006100002617
-28.12500000     0.38268343236500002025
-28.02734375     0.37131719395200002420
-27.92968750     0.35989503653499999025
-27.83203125     0.34841868024900002343
-27.73437500     0.33688985339200000491
-27.63671875     0.32531029216200002541
-27.53906250     0.31368174039899998640
-27.44140625     0.30200594931899998885
-27.34375000     0.29028467725399997867
-27.24609375     0.27851968938499999107
-27.14843750     0.26671275747500000630
-27.05078125     0.25486565960500001671
-26.95312500     0.24298017990299999869
-26.85546875     0.23105810828100001308
-26.75781250     0.21910124015699999900
-26.66015625     0.20711137619200001292
-26.56250000     0.19509032201599998957
-26.46484375     0.18303988795500000797
-26.36718750     0.17096188876000001367
-26.26953125     0.15885814333400000153
-26.17187500     0.14673047445500000951
-26.07421875     0.13458070850699999088
-25.97656250     0.12241067519899999361
-25.87890625     0.11022220729399999362
-25.78125000     0.09801714032960000267
-25.68359375     0.08579731234439999521
-25.58593750     0.07356456359969999748
-25.48828125     0.06132073630939999936
-25.39062500     0.04906767433470000245
-25.29296875     0.03680722297140000265
-25.19531250     0.02454122853180000161
-25.09765625     0.01227154153550000064
-25.00000000     0.00336824274126000002
-24.90234375     0.00078482970055400003
-24.80468750     0.00019554676238099999
-24.70703125     0.00005265053729970000
-24.60937500     0.00001771392457680000
-24.51171875     0.00000430438111643000
-24.41406250     -0.00000514712005797000
-24.31640625     -0.00001426937247870000
-24.21875000     -0.00002519643551960000
-24.12109375     -0.00003854685917570000
-24.02343750     -0.00005265574280510000
-23.92578125     -0.00006554512185040001
-23.82812500     -0.00007627766037510000
-23.73046875     -0.00008482923093510001
-23.63281250     -0.00009153894147320000
-23.53515625     -0.00009683789920500001
-23.43750000     -0.00010116490741100000
-23.33984375     -0.00010492852459100000
-23.24218750     -0.00010849344387199999
-23.14453125     -0.00011218894353700000
-23.04687500     -0.00011632046583400001
-22.94921875     -0.00012116761317899999
-22.85156250     -0.00012696907486000000
-22.75390625     -0.00013390500930600001
-22.65625000     -0.00014208357687499999
-22.55859375     -0.00015153085857100000
-22.46093750     -0.00016218286049699999
-22.36328125     -0.00017388450607800000
-22.26562500     -0.00018640483186200001
-22.16796875     -0.00019947243862400001
-22.07031250     -0.00021282153422600000
-21.97265625     -0.00022622627746199999
-21.87500000     -0.00023950106915699999
-21.77734375     -0.00025246125098499998
-21.67968750     -0.00026486505931300002
-21.58203125     -0.00027637778342299999
-21.48437500     -0.00028659491991600002
-21.38671875     -0.00029512205031000002
-21.28906250     -0.00030166177972299998
-21.19140625     -0.00030608306119300001
-21.09375000     -0.00030853453623099999
-20.99609375     -0.00030956543941800001
-20.89843750     -0.00030993482910400002
-20.80078125     -0.00031008934241499999
-20.70312500     -0.00030979912463399999
-20.60546875     -0.00030823153103200001
-20.50781250     -0.00030448906668700002
-20.41015625     -0.00029806847963000002
-20.31250000     -0.00028883998935300001
-20.21484375     -0.00027699113882800002
-20.11718750     -0.00026306543418800000
-20.01953125     -0.00024787952916400000
-19.92187500     -0.00023234741229200001
-19.82421875     -0.00021745403279100001
-19.72656250     -0.00020426365033400000
-19.62890625     -0.00019349603644899999
-19.53125000     -0.00018491185933399999
-19.43359375     -0.00017725351084000001
-19.33593750     -0.00016872571108200000
-19.23828125     -0.00015746878401000001
-19.14062500     -0.00014187435685700001
-19.04296875     -0.00012090274424800000
-18.94531250     -0.00009436427513390000
-18.84765625     -0.00006295744165220000
-18.75000000     -0.00002803949544540000
-18.65234375     0.00000868437124801000
-18.55468750     0.00004534625860310000
-18.45703125     0.00007991527656950000
-18.35937500     0.00011031634291500000
-18.26171875     0.00013498744618300001
-18.16406250     0.00015347940509100001
-18.06640625     0.00016649279678100000
-17.96875000     0.00017553695931399999
-17.87109375     0.00018267467484200001
-17.77343750     0.00019030092795299999
-17.67578125     0.00020076234305699999
-17.57812500     0.00021587989006600000
-17.48046875     0.00023655153357500001
-17.38281250     0.00026265461019800001
-17.28515625     0.00029334518338800002
-17.18750000     0.00032750895631199998
-17.08984375     0.00036383830587999999
-16.99218750     0.00040040807158400000
-16.89453125     0.00043444367462800002
-16.79687500     0.00046262189573400002
-16.69921875     0.00048167416843299999
-16.60156250     0.00048938527702200002
-16.50390625     0.00048544402797100000
-16.40625000     0.00047080024609100001
-16.30859375     0.00044622781421200001
-16.21093750     0.00041200686554000000
-16.11328125     0.00036864487266700003
-16.01562500     0.00031743483218100001
-15.91796875     0.00026027834724100002
-15.82031250     0.00019920448044600001
-15.72265625     0.00013613450370600000
-15.62500000     0.00007286914412960000
-15.52734375     0.00001112252878330000
-15.42968750     -0.00004745089450760000
-15.33203125     -0.00010120112533300000
-15.23437500     -0.00014837679932400001
-15.13671875     -0.00018716622820400000
-15.03906250     -0.00021616021939800000
-14.94140625     -0.00023496901386099999
-14.84375000     -0.00024433964440600002
-14.74609375     -0.00024569495983100002
-14.64843750     -0.00024056791435000000
-14.55078125     -0.00023011622020700000
-14.45312500     -0.00021495875285700001
-14.35546875     -0.00019545052373200000
-14.25781250     -0.00017205155417900000
-14.16015625     -0.00014558176275600000
-14.06250000     -0.00011726468399100000
-13.96484375     -0.00008855994648489999
-13.86718750     -0.00006086074653240000
-13.76953125     -0.00003512922942430000
-13.67187500     -0.00001164123482530000
-13.57421875     0.00000986381506840000
-13.47656250     0.00002953726720810000
-13.37890625     0.00004664914280450000
-13.28125000     0.00005966825202710000
-13.18359375     0.00006855764012760000
-13.08593750     0.00007869932721759999
-12.98828125     0.00009902037571730000
-12.89062500     0.00012520802152400000
-12.79296875     0.00011253270878700000
-12.69531250     0.00004245667942800000
-12.59765625     -0.00004169510251250000
-12.50000000     -0.00008084016170230001
-12.40234375     -0.00004169510251240000
-12.30468750     0.00004245667942810000
-12.20703125     0.00011253270878700000
-12.10937500     0.00012520802152499999
-12.01171875     0.00009902037571730000
-11.91406250     0.00007869932721740000
-11.81640625     0.00006855764012700001
-11.71875000     0.00005966825202650000
-11.62109375     0.00004664914280410000
-11.52343750     0.00002953726720760000
-11.42578125     0.00000986381506773000
-11.32812500     -0.00001164123482590000
-11.23046875     -0.00003512922942470000
-11.13281250     -0.00006086074653300000
-11.03515625     -0.00008855994648540000
-10.93750000     -0.00011726468399100000
-10.83984375     -0.00014558176275600000
-10.74218750     -0.00017205155417900000
-10.64453125     -0.00019545052373200000
-10.54687500     -0.00021495875285700001
-10.44921875     -0.00023011622020700000
-10.35156250     -0.00024056791435000000
-10.25390625     -0.00024569495983100002
-10.15625000     -0.00024433964440500000
-10.05859375     -0.00023496901386099999
-9.96093750     -0.00021616021939699999
-9.86328125     -0.00018716622820400000
-9.76562500     -0.00014837679932400001
-9.66796875     -0.00010120112533300000
-9.57031250     -0.00004745089450760000
-9.47265625     0.00001112252878300000
-9.37500000     0.00007286914412920000
-9.27734375     0.00013613450370600000
-9.17968750     0.00019920448044500000
-9.08203125     0.00026027834724000001
-8.98437500     0.00031743483218000000
-8.88671875     0.00036864487266600001
-8.78906250     0.00041200686553899998
-8.69140625     0.00044622781421100000
-8.59375000     0.00047080024609000000
-8.49609375     0.00048544402796999998
-8.39843750     0.00048938527702200002
-8.30078125     0.00048167416843299999
-8.20312500     0.00046262189573400002
-8.10546875     0.00043444367462800002
-8.00781250     0.00040040807158400000
-7.91015625     0.00036383830587999999
-7.81250000     0.00032750895631299999
-7.71484375     0.00029334518338899998
-7.61718750     0.00026265461019900002
-7.51953125     0.00023655153357600000
-7.42187500     0.00021587989006699999
-7.32421875     0.00020076234305800000
-7.22656250     0.00019030092795400001
-7.12890625     0.00018267467484400001
-7.03125000     0.00017553695931500000
-6.93359375     0.00016649279678300000
-6.83593750     0.00015347940509200000
-6.73828125     0.00013498744618500001
-6.64062500     0.00011031634291700000
-6.54296875     0.00007991527657189999
-6.44531250     0.00004534625860550000
-6.34765625     0.00000868437125023000
-6.25000000     -0.00002803949544330000
-6.15234375     -0.00006295744165010000
-6.05468750     -0.00009436427513190000
-5.95703125     -0.00012090274424600000
-5.85937500     -0.00014187435685500001
-5.76171875     -0.00015746878400800000
-5.66406250     -0.00016872571107900001
-5.56640625     -0.00017725351083800001
-5.46875000     -0.00018491185933199999
-5.37109375     -0.00019349603644699999
-5.27343750     -0.00020426365033200000
-5.17578125     -0.00021745403278900001
-5.07812500     -0.00023234741229100000
-4.98046875     -0.00024787952916400000
-4.88281250     -0.00026306543418900001
-4.78515625     -0.00027699113882999999
-4.68750000     -0.00028883998935600000
-4.58984375     -0.00029806847963400002
-4.49218750     -0.00030448906669299999
-4.39453125     -0.00030823153103900000
-4.29687500     -0.00030979912464300000
-4.19921875     -0.00031008934242700000
-4.10156250     -0.00030993482911699998
-4.00390625     -0.00030956543943400002
-3.90625000     -0.00030853453624999998
-3.80859375     -0.00030608306121600001
-3.71093750     -0.00030166177974800000
-3.61328125     -0.00029512205033899999
-3.51562500     -0.00028659491994899999
-3.41796875     -0.00027637778346000001
-3.32031250     -0.00026486505935399999
-3.22265625     -0.00025246125103000000
-3.12500000     -0.00023950106920599999
-3.02734375     -0.00022622627751600001
-2.92968750     -0.00021282153428399999
-2.83203125     -0.00019947243868699999
-2.73437500     -0.00018640483193000000
-2.63671875     -0.00017388450615000000
-2.53906250     -0.00016218286057100001
-2.44140625     -0.00015153085864400001
-2.34375000     -0.00014208357694300001
-2.24609375     -0.00013390500936300001
-2.14843750     -0.00012696907489999999
-2.05078125     -0.00012116761319500000
-1.95312500     -0.00011632046581900000
-1.85546875     -0.00011218894348600000
-1.75781250     -0.00010849344378200001
-1.66015625     -0.00010492852445400000
-1.56250000     -0.00010116490721000000
-1.46484375     -0.00009683789889610001
-1.36718750     -0.00009153894097600000
-1.26953125     -0.00008482923012270000
-1.17187500     -0.00007627765905940001
-1.07421875     -0.00006554511978140001
-0.97656250     -0.00005265573977130000
-0.87890625     -0.00003854685527090000
-0.78125000     -0.00002519643110180000
-0.68359375     -0.00001426936765730000
-0.58593750     -0.00000514711448506000
-0.48828125     0.00000430438946362000
-0.39062500     0.00001771393313560000
-0.29296875     0.00005265048566740000
-0.19531250     0.00019554644179000001
-0.09765625     0.00078482870897000000
0.00000000     0.00336824403846000021
0.09765625     0.01227154155879999972
0.19531250     0.02454122853180000161
0.29296875     0.03680722297140000265
0.39062500     0.04906767433470000245
0.48828125     0.06132073630939999936
0.58593750     0.07356456359969999748
0.68359375     0.08579731234439999521
0.78125000     0.09801714032960000267
0.87890625     0.11022220729399999362
0.97656250     0.12241067519899999361
1.07421875     0.13458070850699999088
1.17187500     0.14673047445500000951
1.26953125     0.15885814333400000153
1.36718750     0.17096188876000001367
1.46484375     0.18303988795500000797
1.56250000     0.19509032201599998957
1.66015625     0.20711137619200001292
1.75781250     0.21910124015699999900
1.85546875     0.23105810828100001308
1.95312500     0.24298017990299999869
2.05078125     0.25486565960500001671
2.14843750     0.26671275747500000630
2.24609375     0.27851968938499999107
2.34375000     0.29028467725399997867
2.44140625     0.30200594931899998885
2.53906250     0.31368174039899998640
2.63671875     0.32531029216200002541
2.73437500     0.33688985339200000491
2.83203125     0.34841868024900002343
2.92968750     0.35989503653499999025
3.02734375     0.37131719395200002420
3.12500000     0.38268343236500002025
3.22265625     0.39399204006100002617
3.32031250     0.40524131400500001954
3.41796875     0.41642956009799997341
3.51562500     0.42755509342999997724
3.61328125     0.43861623853900000292
3.71093750     0.44961132965500000269
3.80859375     0.46053871095799997493
3.90625000     0.47139673682599997351
4.00390625     0.48218377207899998371
4.10156250     0.49289819222999997628
4.19921875     0.50353838372600001616
4.29687500     0.51410274419299994975
4.39453125     0.52458968267799999108
4.49218750     0.53499761988700000881
4.58984375     0.54532498842199994549
4.68750000     0.55557023301999997056
4.78515625     0.56573181078400003319
4.88281250     0.57580819141799999272
4.98046875     0.58579785745599999291
5.07812500     0.59569930449200003686
5.17578125     0.60551104140400002773
5.27343750     0.61523159058099996521
5.37109375     0.62485948814199998580
5.46875000     0.63439328416399998201
5.56640625     0.64383154288999999704
5.66406250     0.65317284295400002136
5.76171875     0.66241577759000003223
5.85937500     0.67155895484700001141
5.95703125     0.68060099779500005113
6.05468750     0.68954054473699999406
6.15234375     0.69837624940900000503
6.25000000     0.70710678118699998862
6.34765625     0.71573082528400000513
6.44531250     0.72424708295100004296
6.54296875     0.73265427167200003478
6.64062500     0.74095112535499996209
6.73828125     0.74913639452299995991
6.83593750     0.75720884650599995513
6.93359375     0.76516726562199999240
7.03125000     0.77301045336300000521
7.12890625     0.78073722857200000824
7.22656250     0.78834642762700002372
7.32421875     0.79583690460900002872
7.42187500     0.80320753148099999219
7.51953125     0.81045719825299999961
7.61718750     0.81758481315200004502
7.71484375     0.82458930278499997790
7.81250000     0.83146961230299998302
7.91015625     0.83822470555499994926
8.00781250     0.84485356524999999372
8.10546875     0.85135519310499996326
8.20312500     0.85772861000000000242
8.30078125     0.86397285612200003246
8.39843750     0.87008699110900000750
8.49609375     0.87607009419500003755
8.59375000     0.88192126434800000023
8.69140625     0.88763962040300004031
8.78906250     0.89322430119600004783
8.88671875     0.89867446569400000200
8.98437500     0.90398929312300002614
9.08203125     0.90916798309099999820
9.17968750     0.91420975570399998222
9.27734375     0.91911385169000003881
9.37500000     0.92387953251099996788
9.47265625     0.92850608047299998393
9.57031250     0.93299279883499997013
9.66796875     0.93733901191299995315
9.76562500     0.94154406518300004514
9.86328125     0.94560732538100000788
9.96093750     0.94952818059300003739
10.05859375     0.95330604035400001717
10.15625000     0.95694033573199999143
10.25390625     0.96043051941599999477
10.35156250     0.96377606579499996986
10.44921875     0.96697647104499995230
10.54687500     0.97003125319500005386
10.64453125     0.97293995220600004714
10.74218750     0.97570213003899997073
10.83984375     0.97831737072000002353
10.93750000     0.98078528040299994828
11.03515625     0.98310548743100001357
11.13281250     0.98527764238899995242
11.23046875     0.98730141815799998817
11.32812500     0.98917650996499995042
11.42578125     0.99090263542799994489
11.52343750     0.99247953459899995732
11.62109375     0.99390697000200001199
11.71875000     0.99518472667199997517
11.81640625     0.99631261218300004590
11.91406250     0.99729045667899995919
12.01171875     0.99811811289999996522
12.10937500     0.99879545620499998737
12.20703125     0.99932238458800004555
12.30468750     0.99969881869599996893
12.40234375     0.99992470183899995195
12.50000000     1.00000000000000000000
12.59765625     0.99992470183899995195
12.69531250     0.99969881869599996893
12.79296875     0.99932238458800004555
12.89062500     0.99879545620499998737
12.98828125     0.99811811289999996522
13.08593750     0.99729045667899995919
13.18359375     0.99631261218300004590
13.28125000     0.99518472667199997517
13.37890625     0.99390697000200001199
13.47656250     0.99247953459899995732
13.57421875     0.99090263542799994489
13.67187500     0.98917650996499995042
13.76953125     0.98730141815799998817
13.86718750     0.98527764238899995242
13.96484375     0.98310548743100001357
14.06250000     0.98078528040299994828
14.16015625     0.97831737072000002353
14.25781250     0.97570213003899997073
14.35546875     0.97293995220600004714
14.45312500     0.97003125319500005386
14.55078125     0.96697647104499995230
14.64843750     0.96377606579499996986
14.74609375     0.96043051941599999477
14.84375000     0.95694033573199999143
14.94140625     0.95330604035400001717
15.03906250     0.94952818059300003739
15.13671875     0.94560732538100000788
15.23437500     0.94154406518300004514
15.33203125     0.93733901191299995315
15.42968750     0.93299279883499997013
15.52734375     0.92850608047299998393
15.62500000     0.92387953251099996788
15.72265625     0.91911385169000003881
15.82031250     0.91420975570399998222
15.91796875     0.90916798309099999820
16.01562500     0.90398929312300002614
16.11328125     0.89867446569400000200
16.21093750     0.89322430119600004783
16.30859375     0.88763962040300004031
16.40625000     0.88192126434800000023
16.50390625     0.87607009419500003755
16.60156250     0.87008699110900000750
16.69921875     0.86397285612200003246
16.79687500     0.85772861000000000242
16.89453125     0.85135519310499996326
16.99218750     0.84485356524999999372
17.08984375     0.83822470555499994926
17.18750000     0.83146961230299998302
17.28515625     0.82458930278499997790
17.38281250     0.81758481315200004502
17.48046875     0.81045719825299999961
17.57812500     0.80320753148099999219
17.67578125     0.79583690460900002872
17.77343750     0.78834642762700002372
17.87109375     0.78073722857200000824
17.96875000     0.77301045336300000521
18.06640625     0.76516726562199999240
18.16406250     0.75720884650599995513
18.26171875     0.74913639452299995991
18.35937500     0.74095112535499996209
18.45703125     0.73265427167200003478
18.55468750     0.72424708295100004296
18.65234375     0.71573082528400000513
18.75000000     0.70710678118699998862
18.84765625     0.69837624940900000503
18.94531250     0.68954054473699999406
19.04296875     0.68060099779500005113
19.14062500     0.67155895484700001141
19.23828125     0.66241577759000003223
19.33593750     0.65317284295400002136
19.43359375     0.64383154288999999704
19.53125000     0.63439328416399998201
19.62890625     0.62485948814199998580
19.72656250     0.61523159058099996521
19.82421875     0.60551104140400002773
19.92187500     0.59569930449200003686
20.01953125     0.58579785745599999291
20.11718750     0.57580819141799999272
20.21484375     0.56573181078400003319
20.31250000     0.55557023301999997056
20.41015625     0.54532498842199994549
20.50781250     0.53499761988700000881
20.60546875     0.52458968267799999108
20.70312500     0.51410274419299994975
20.80078125     0.50353838372600001616
20.89843750     0.49289819222999997628
20.99609375     0.48218377207899998371
21.09375000     0.47139673682599997351
21.19140625     0.46053871095799997493
21.28906250     0.44961132965500000269
21.38671875     0.43861623853900000292
21.48437500     0.42755509342999997724
21.58203125     0.41642956009799997341
21.67968750     0.40524131400500001954
21.77734375     0.39399204006100002617
21.87500000     0.38268343236500002025
21.97265625     0.37131719395200002420
22.07031250     0.35989503653499999025
22.16796875     0.34841868024900002343
22.26562500     0.33688985339200000491
22.36328125     0.32531029216200002541
22.46093750     0.31368174039899998640
22.55859375     0.30200594931899998885
22.65625000     0.29028467725399997867
22.75390625     0.27851968938499999107
22.85156250     0.26671275747500000630
22.94921875     0.25486565960500001671
23.04687500     0.24298017990299999869
23.14453125     0.23105810828100001308
23.24218750     0.21910124015699999900
23.33984375     0.20711137619200001292
23.43750000     0.19509032201599998957
23.53515625     0.18303988795500000797
23.63281250     0.17096188876000001367
23.73046875     0.15885814333400000153
23.82812500     0.14673047445500000951
23.92578125     0.13458070850699999088
24.02343750     0.12241067519899999361
24.12109375     0.11022220729399999362
24.21875000     0.09801714032960000267
24.31640625     0.08579731234439999521
24.41406250     0.07356456359969999748
24.51171875     0.06132073630939999936
24.60937500     0.04906767433470000245
24.70703125     0.03680722297140000265
24.80468750     0.02454122853180000161
24.90234375     0.01227154152729999920
25.00000000     0.00336824228782000006
25.09765625     0.00078483004713699996
25.19531250     0.00019554687444300000
25.29296875     0.00005265055534190000
25.39062500     0.00001771392157800000
25.48828125     0.00000430437819750000
25.58593750     -0.00000514712200246000
25.68359375     -0.00001426937415950000
25.78125000     -0.00002519643705960000
25.87890625     -0.00003854686053730000
25.97656250     -0.00005265574386300000
26.07421875     -0.00006554512257239999
26.17187500     -0.00007627766083409999
26.26953125     -0.00008482923121900000
26.36718750     -0.00009153894164720000
26.46484375     -0.00009683789931340000
26.56250000     -0.00010116490748200000
26.66015625     -0.00010492852463900000
26.75781250     -0.00010849344390400000
26.85546875     -0.00011218894355500001
26.95312500     -0.00011632046584000000
27.05078125     -0.00012116761317400001
27.14843750     -0.00012696907484600000
27.24609375     -0.00013390500928600000
27.34375000     -0.00014208357685199999
27.44140625     -0.00015153085854499999
27.53906250     -0.00016218286047199999
27.63671875     -0.00017388450605399999
27.73437500     -0.00018640483184000000
27.83203125     -0.00019947243860299999
27.92968750     -0.00021282153420700001
28.02734375     -0.00022622627744500000
28.12500000     -0.00023950106914100001
28.22265625     -0.00025246125096999998
28.32031250     -0.00026486505929899999
28.41796875     -0.00027637778341099999
28.51562500     -0.00028659491990499998
28.61328125     -0.00029512205029999999
28.71093750     -0.00030166177971400001
28.80859375     -0.00030608306118600002
28.90625000     -0.00030853453622500002
29.00390625     -0.00030956543941300000
29.10156250     -0.00030993482910000002
29.19921875     -0.00031008934241200000
29.29687500     -0.00030979912463100000
29.39453125     -0.00030823153102999999
29.49218750     -0.00030448906668600000
29.58984375     -0.00029806847963000002
29.68750000     -0.00028883998935300001
29.78515625     -0.00027699113882899998
29.88281250     -0.00026306543418900001
29.98046875     -0.00024787952916500002
30.07812500     -0.00023234741229300000
30.17578125     -0.00021745403279200000
30.27343750     -0.00020426365033600000
30.37109375     -0.00019349603645000001
30.46875000     -0.00018491185933500000
30.56640625     -0.00017725351084200001
30.66406250     -0.00016872571108300001
30.76171875     -0.00015746878401099999
30.85937500     -0.00014187435685800000
30.95703125     -0.00012090274425000000
31.05468750     -0.00009436427513510000
31.15234375     -0.00006295744165340000
31.25000000     -0.00002803949544620000
31.34765625     0.00000868437124735000
31.44531250     0.00004534625860240000
31.54296875     0.00007991527656889999
31.64062500     0.00011031634291400000
31.73828125     0.00013498744618200000
31.83593750     0.00015347940509000000
31.93359375     0.00016649279678100000
32.03125000     0.00017553695931300000
32.12890625     0.00018267467484200001
32.22656250     0.00019030092795299999
32.32421875     0.00020076234305699999
32.42187500     0.00021587989006500001
32.51953125     0.00023655153357500001
32.61718750     0.00026265461019800001
32.71484375     0.00029334518338800002
32.81250000     0.00032750895631199998
32.91015625     0.00036383830587899998
33.00781250     0.00040040807158400000
33.10546875     0.00043444367462800002
33.20312500     0.00046262189573400002
33.30078125     0.00048167416843299999
33.39843750     0.00048938527702200002
33.49609375     0.00048544402796999998
33.59375000     0.00047080024609000000
33.69140625     0.00044622781421200001
33.78906250     0.00041200686554000000
33.88671875     0.00036864487266700003
33.98437500     0.00031743483218100001
34.08203125     0.00026027834724100002
34.17968750     0.00019920448044600001
34.27734375     0.00013613450370600000
34.37500000     0.00007286914412950000
34.47265625     0.00001112252878340000
34.57031250     -0.00004745089450750000
34.66796875     -0.00010120112533300000
34.76562500     -0.00014837679932400001
34.86328125     -0.00018716622820500001
34.96093750     -0.00021616021939800000
35.05859375     -0.00023496901386200000
35.15625000     -0.00024433964440600002
35.25390625     -0.00024569495983100002
35.35156250     -0.00024056791435000000
35.44921875     -0.00023011622020700000
35.54687500     -0.00021495875285700001
35.64453125     -0.00019545052373100001
35.74218750     -0.00017205155417900000
35.83984375     -0.00014558176275499999
35.93750000     -0.00011726468399000000
36.03515625     -0.00008855994648480000
36.13281250     -0.00006086074653270000
36.23046875     -0.00003512922942430000
36.32812500     -0.00001164123482530000
36.42578125     0.00000986381506818000
36.52343750     0.00002953726720780000
36.62109375     0.00004664914280440000
36.71875000     0.00005966825202700000
36.81640625     0.00006855764012750000
36.91406250     0.00007869932721780000
37.01171875     0.00009902037571770000
37.10937500     0.00012520802152499999
37.20703125     0.00011253270878700000
37.30468750     0.00004245667942850000
37.40234375     -0.00004169510251210000
37.50000000     -0.00008084016170180000
37.59765625     -0.00004169510251210000
37.69531250     0.00004245667942840000
37.79296875     0.00011253270878700000
37.89062500     0.00012520802152400000
37.98828125     0.00009902037571700000
38.08593750     0.00007869932721720000
38.18359375     0.00006855764012690000
38.28125000     0.00005966825202640000
38.37890625     0.00004664914280410000
38.47656250     0.00002953726720760000
38.57421875     0.00000986381506785000
38.67187500     -0.00001164123482590000
38.76953125     -0.00003512922942470000
38.86718750     -0.00006086074653310000
38.96484375     -0.00008855994648570000
39.06250000     -0.00011726468399100000
39.16015625     -0.00014558176275600000
39.25781250     -0.00017205155418000001
39.35546875     -0.00019545052373200000
39.45312500     -0.00021495875285700001
39.55078125     -0.00023011622020700000
39.64843750     -0.00024056791435000000
39.74609375     -0.00024569495983100002
39.84375000     -0.00024433964440600002
39.94140625     -0.00023496901386200000
40.03906250     -0.00021616021939800000
40.13671875     -0.00018716622820500001
40.23437500     -0.00014837679932400001
40.33203125     -0.00010120112533300000
40.42968750     -0.00004745089450760000
40.52734375     0.00001112252878300000
40.62500000     0.00007286914412930000
40.72265625     0.00013613450370600000
40.82031250     0.00019920448044600001
40.91796875     0.00026027834724100002
41.01562500     0.00031743483218100001
41.11328125     0.00036864487266700003
41.21093750     0.00041200686553899998
41.30859375     0.00044622781421200001
41.40625000     0.00047080024609000000
41.50390625     0.00048544402796999998
41.60156250     0.00048938527702200002
41.69921875     0.00048167416843299999
41.79687500     0.00046262189573400002
41.89453125     0.00043444367462800002
41.99218750     0.00040040807158400000
42.08984375     0.00036383830587999999
42.18750000     0.00032750895631199998
42.28515625     0.00029334518338800002
42.38281250     0.00026265461019900002
42.48046875     0.00023655153357600000
42.57812500     0.00021587989006600000
42.67578125     0.00020076234305800000
42.77343750     0.00019030092795400001
42.87109375     0.00018267467484400001
42.96875000     0.00017553695931500000
43.06640625     0.00016649279678300000
43.16406250     0.00015347940509200000
43.26171875     0.00013498744618500001
43.35937500     0.00011031634291700000
43.45703125     0.00007991527657170000
43.55468750     0.00004534625860480000
43.65234375     0.00000868437124990000
43.75000000     -0.00002803949544290000
43.84765625     -0.00006295744165020000
43.94531250     -0.00009436427513120000
44.04296875     -0.00012090274424600000
44.14062500     -0.00014187435685399999
44.23828125     -0.00015746878400699999
44.33593750     -0.00016872571107900001
44.43359375     -0.00017725351083700000
44.53125000     -0.00018491185933100000
44.62890625     -0.00019349603644699999
44.72656250     -0.00020426365033200000
44.82421875     -0.00021745403278900001
44.92187500     -0.00023234741229100000
45.01953125     -0.00024787952916400000
45.11718750     -0.00026306543419000002
45.21484375     -0.00027699113882999999
45.31250000     -0.00028883998935700002
45.41015625     -0.00029806847963400002
45.50781250     -0.00030448906669299999
45.60546875     -0.00030823153103900000
45.70312500     -0.00030979912464300000
45.80078125     -0.00031008934242800001
45.89843750     -0.00030993482911800000
45.99609375     -0.00030956543943499998
46.09375000     -0.00030853453625100000
46.19140625     -0.00030608306121700002
46.28906250     -0.00030166177974900001
46.38671875     -0.00029512205034100002
46.48437500     -0.00028659491995000001
46.58203125     -0.00027637778346099997
46.67968750     -0.00026486505935500001
46.77734375     -0.00025246125103100002
46.87500000     -0.00023950106920799999
46.97265625     -0.00022622627751800001
47.07031250     -0.00021282153428700001
47.16796875     -0.00019947243868899999
47.26562500     -0.00018640483193299999
47.36328125     -0.00017388450615200000
47.46093750     -0.00016218286057400000
47.55859375     -0.00015153085864700000
47.65625000     -0.00014208357694700001
47.75390625     -0.00013390500936500001
47.85156250     -0.00012696907490100000
47.94921875     -0.00012116761319600000
48.04687500     -0.00011632046581700000
48.14453125     -0.00011218894348300000
48.24218750     -0.00010849344377700000
48.33984375     -0.00010492852444800000
48.43750000     -0.00010116490720100000
48.53515625     -0.00009683789888230000
48.63281250     -0.00009153894095340000
48.73046875     -0.00008482923008550001
48.82812500     -0.00007627765900010000
48.92578125     -0.00006554511968790000
49.02343750     -0.00005265573963540000
49.12109375     -0.00003854685509600000
49.21875000     -0.00002519643090470000
49.31640625     -0.00001426936744180000
49.41406250     -0.00000514711423646000
49.51171875     0.00000430438983590000
49.60937500     0.00001771393351650000
49.70703125     0.00005265048336490000
49.80468750     0.00019554642749600000
49.90234375     0.00078482866475400000
50.00000000     0.00336824409629999993
50.09765625     0.01227154155990000002
50.19531250     0.02454122853180000161
50.29296875     0.03680722297140000265
50.39062500     0.04906767433470000245
50.48828125     0.06132073630939999936
50.58593750     0.07356456359969999748
50.68359375     0.08579731234439999521
50.78125000     0.09801714032960000267
50.87890625     0.11022220729399999362
50.97656250     0.12241067519899999361
51.07421875     0.13458070850699999088
51.17187500     0.14673047445500000951
51.26953125     0.15885814333400000153
51.36718750     0.17096188876000001367
51.46484375     0.18303988795500000797
51.56250000     0.19509032201599998957
51.66015625     0.20711137619200001292
51.75781250     0.21910124015699999900
51.85546875     0.23105810828100001308
51.95312500     0.24298017990299999869
52.05078125     0.25486565960500001671
52.14843750     0.26671275747500000630
52.24609375     0.27851968938499999107
52.34375000     0.29028467725399997867
52.44140625     0.30200594931899998885
52.53906250     0.31368174039899998640
52.63671875     0.32531029216200002541
52.73437500     0.33688985339200000491
52.83203125     0.34841868024900002343
52.92968750     0.35989503653499999025
53.02734375     0.37131719395200002420
53.12500000     0.38268343236500002025
53.22265625     0.39399204006100002617
53.32031250     0.40524131400500001954
53.41796875     0.41642956009799997341
53.51562500     0.42755509342999997724
53.61328125     0.43861623853900000292
53.71093750     0.44961132965500000269
53.80859375     0.46053871095799997493
53.90625000     0.47139673682599997351
54.00390625     0.48218377207899998371
54.10156250     0.49289819222999997628
54.19921875     0.50353838372600001616
54.29687500     0.51410274419299994975
54.39453125     0.52458968267799999108
54.49218750     0.53499761988700000881
54.58984375     0.54532498842199994549
54.68750000     0.55557023301999997056
54.78515625     0.56573181078400003319
54.88281250     0.57580819141799999272
54.98046875     0.58579785745599999291
55.07812500     0.59569930449200003686
55.17578125     0.60551104140400002773
55.27343750     0.61523159058099996521
55.37109375     0.62485948814199998580
55.46875000     0.63439328416399998201
55.56640625     0.64383154288999999704
55.66406250     0.65317284295400002136
55.76171875     0.66241577759000003223
55.85937500     0.67155895484700001141
55.95703125     0.68060099779500005113
56.05468750     0.68954054473699999406
56.15234375     0.69837624940900000503
56.25000000     0.70710678118699998862
56.34765625     0.71573082528400000513
56.44531250     0.72424708295100004296
56.54296875     0.73265427167200003478
56.64062500     0.74095112535499996209
56.73828125     0.74913639452299995991
56.83593750     0.75720884650599995513
56.93359375     0.76516726562199999240
57.03125000     0.77301045336300000521
57.12890625     0.78073722857200000824
57.22656250     0.78834642762700002372
57.32421875     0.79583690460900002872
57.42187500     0.80320753148099999219
57.51953125     0.81045719825299999961
57.61718750     0.81758481315200004502
57.71484375     0.82458930278499997790
57.81250000     0.83146961230299998302
57.91015625     0.83822470555499994926
58.00781250     0.84485356524999999372
58.10546875     0.85135519310499996326
58.20312500     0.85772861000000000242
58.30078125     0.86397285612200003246
58.39843750     0.87008699110900000750
58.49609375     0.87607009419500003755
58.59375000     0.88192126434800000023
58.69140625     0.88763962040300004031
58.78906250     0.89322430119600004783
58.88671875     0.89867446569400000200
58.98437500     0.90398929312300002614
59.08203125     0.90916798309099999820
59.17968750     0.91420975570399998222
59.27734375     0.91911385169000003881
59.37500000     0.92387953251099996788
59.47265625     0.92850608047299998393
59.57031250     0.93299279883499997013
59.66796875     0.93733901191299995315
59.76562500     0.94154406518300004514
59.86328125     0.94560732538100000788
59.96093750     0.94952818059300003739
60.05859375     0.95330604035400001717
60.15625000     0.95694033573199999143
60.25390625     0.96043051941599999477
60.35156250     0.96377606579499996986
60.44921875     0.96697647104499995230
60.54687500     0.97003125319500005386
60.64453125     0.97293995220600004714
60.74218750     0.97570213003899997073
60.83984375     0.97831737072000002353
60.93750000     0.98078528040299994828
61.03515625     0.98310548743100001357
61.13281250     0.98527764238899995242
61.23046875     0.98730141815799998817
61.32812500     0.98917650996499995042
61.42578125     0.99090263542799994489
61.52343750     0.99247953459899995732
61.62109375     0.99390697000200001199
61.71875000     0.99518472667199997517
61.81640625     0.99631261218300004590
61.91406250     0.99729045667899995919
62.01171875     0.99811811289999996522
62.10937500     0.99879545620499998737
62.20703125     0.99932238458800004555
62.30468750     0.99969881869599996893
62.40234375     0.99992470183899995195
62.50000000     1.00000000000000000000
62.59765625     0.99992470183899995195
62.69531250     0.99969881869599996893
62.79296875     0.99932238458800004555
62.89062500     0.99879545620499998737
62.98828125     0.99811811289999996522
63.08593750     0.99729045667899995919
63.18359375     0.99631261218300004590
63.28125000     0.99518472667199997517
63.37890625     0.99390697000200001199
63.47656250     0.99247953459899995732
63.57421875     0.99090263542799994489
63.67187500     0.98917650996499995042
63.76953125     0.98730141815799998817
63.86718750     0.98527764238899995242
63.96484375     0.98310548743100001357
64.06250000     0.98078528040299994828
64.16015625     0.97831737072000002353
64.25781250     0.97570213003899997073
64.35546875     0.97293995220600004714
64.45312500     0.97003125319500005386
64.55078125     0.96697647104499995230
64.64843750     0.96377606579499996986
64.74609375     0.96043051941599999477
64.84375000     0.95694033573199999143
64.94140625     0.95330604035400001717
65.03906250     0.94952818059300003739
65.13671875     0.94560732538100000788
65.23437500     0.94154406518300004514
65.33203125     0.93733901191299995315
65.42968750     0.93299279883499997013
65.52734375     0.92850608047299998393
65.62500000     0.92387953251099996788
65.72265625     0.91911385169000003881
65.82031250     0.91420975570399998222
65.91796875     0.90916798309099999820
66.01562500     0.90398929312300002614
66.11328125     0.89867446569400000200
66.21093750     0.89322430119600004783
66.30859375     0.88763962040300004031
66.40625000     0.88192126434800000023
66.50390625     0.87607009419500003755
66.60156250     0.87008699110900000750
66.69921875     0.86397285612200003246
66.79687500     0.85772861000000000242
66.89453125     0.85135519310499996326
66.99218750     0.84485356524999999372
67.08984375     0.83822470555499994926
67.18750000     0.83146961230299998302
67.28515625     0.82458930278499997790
67.38281250     0.81758481315200004502
67.48046875     0.81045719825299999961
67.57812500     0.80320753148099999219
67.67578125     0.79583690460900002872
67.77343750     0.78834642762700002372
67.87109375     0.78073722857200000824
67.96875000     0.77301045336300000521
68.06640625     0.76516726562199999240
68.16406250     0.75720884650599995513
68.26171875     0.74913639452299995991
68.35937500     0.74095112535499996209
68.45703125     0.73265427167200003478
68.55468750     0.72424708295100004296
68.65234375     0.71573082528400000513
68.75000000     0.70710678118699998862
68.84765625     0.69837624940900000503
68.94531250     0.68954054473699999406
69.04296875     0.68060099779500005113
69.14062500     0.67155895484700001141
69.23828125     0.66241577759000003223
69.33593750     0.65317284295400002136
69.43359375     0.64383154288999999704
69.53125000     0.63439328416399998201
69.62890625     0.62485948814199998580
69.72656250     0.61523159058099996521
69.82421875     0.60551104140400002773
69.92187500     0.59569930449200003686
70.01953125     0.58579785745599999291
70.11718750     0.57580819141799999272
70.21484375     0.56573181078400003319
70.31250000     0.55557023301999997056
70.41015625     0.54532498842199994549
70.50781250     0.53499761988700000881
70.60546875     0.52458968267799999108
70.70312500     0.51410274419299994975
70.80078125     0.50353838372600001616
70.89843750     0.49289819222999997628
70.99609375     0.48218377207899998371
71.09375000     0.47139673682599997351
71.19140625     0.46053871095799997493
71.28906250     0.44961132965500000269
71.38671875     0.43861623853900000292
71.48437500     0.42755509342999997724
71.58203125     0.41642956009799997341
71.67968750     0.40524131400500001954
71.77734375     0.39399204006100002617
71.87500000     0.38268343236500002025
71.97265625     0.37131719395200002420
72.07031250     0.35989503653499999025
72.16796875     0.34841868024900002343
72.26562500     0.33688985339200000491
72.36328125     0.32531029216200002541
72.46093750     0.31368174039899998640
72.55859375     0.30200594931899998885
72.65625000     0.29028467725399997867
72.75390625     0.27851968938499999107
72.85156250     0.26671275747500000630
72.94921875     0.25486565960500001671
73.04687500     0.24298017990299999869
73.14453125     0.23105810828100001308
73.24218750     0.21910124015699999900
73.33984375     0.20711137619200001292
73.43750000     0.19509032201599998957
73.53515625     0.18303988795500000797
73.63281250     0.17096188876000001367
73.73046875     0.15885814333400000153
73.82812500     0.14673047445500000951
73.92578125     0.13458070850699999088
74.02343750     0.12241067519899999361
74.12109375     0.11022220729399999362
74.21875000     0.09801714032960000267
74.31640625     0.08579731234439999521
74.41406250     0.07356456359969999748
74.51171875     0.06132073630939999936
74.60937500     0.04906767433479999885
74.70703125     0.03680722297030000062
74.80468750     0.02454122853020000022
74.90234375     0.01227154012569999994
75.00000000     0.00330534126863000002
75.09765625     0.00071657954820200003
75.19531250     0.00013296876960900000
75.29296875     -0.00000866934433667000
75.39062500     -0.00004400293191520000
75.48828125     -0.00006019220296310000
75.58593750     -0.00007650428759639999
75.68359375     -0.00009380801378500000
75.78125000     -0.00011078900532200000
75.87890625     -0.00012684413426399999
75.97656250     -0.00014075290331300001
76.07421875     -0.00015162882545200000
76.17187500     -0.00015963806845100000
76.26953125     -0.00016548994457799999
76.36718750     -0.00016995137623700000
76.46484375     -0.00017368244761799999
76.56250000     -0.00017718142858100000
76.66015625     -0.00018077287733599999
76.75781250     -0.00018462453545000000
76.85546875     -0.00018883043564800001
76.95312500     -0.00019355004421900000
77.05078125     -0.00019903140512699999
77.14843750     -0.00020546602926400001
77.24609375     -0.00021287170938499999
77.34375000     -0.00022113010738500000
77.44140625     -0.00023008909338700001
77.53906250     -0.00023961325257699999
77.63671875     -0.00024956939171399999
77.73437500     -0.00025978982451500002
77.83203125     -0.00027005227068499998
77.92968750     -0.00028009288491000000
78.02734375     -0.00028964356329999998
78.12500000     -0.00029846774650199999
78.22265625     -0.00030637208881400000
78.32031250     -0.00031319326820799999
78.41796875     -0.00031878195808099998
78.51562500     -0.00032300790604499998
78.61328125     -0.00032577947571900000
78.71093750     -0.00032705300992900001
78.80859375     -0.00032689990772900000
78.90625000     -0.00032569974018800002
79.00390625     -0.00032414387095600002
79.10156250     -0.00032282700857900001
79.19921875     -0.00032182152401400002
79.29687500     -0.00032062812659399998
79.39453125     -0.00031852696139700001
79.49218750     -0.00031494268679100001
79.58984375     -0.00030946216341700002
79.68750000     -0.00030177535923799997
79.78515625     -0.00029183419709700000
79.88281250     -0.00028007299481600000
79.98046875     -0.00026742884805599999
80.07812500     -0.00025502202953599999
80.17578125     -0.00024377883266699999
80.27343750     -0.00023431901676300001
80.37109375     -0.00022684653948200001
80.46875000     -0.00022088848122000000
80.56640625     -0.00021530130175800001
80.66406250     -0.00020859291556600001
80.76171875     -0.00019916040837999999
80.85937500     -0.00018548595384600000
80.95703125     -0.00016653790089300001
81.05468750     -0.00014220031413700001
81.15234375     -0.00011332995542100000
81.25000000     -0.00008142857468610000
81.34765625     -0.00004827478529710000
81.44531250     -0.00001575431911730000
81.54296875     0.00001411097262680000
81.64062500     0.00003925771341810000
81.73828125     0.00005812743117570000
81.83593750     0.00007025144443960001
81.93359375     0.00007631274908419999
82.03125000     0.00007786329964140000
82.12890625     0.00007704750749330000
82.22656250     0.00007629199503159999
82.32421875     0.00007788860037659999
82.42187500     0.00008359506930130000
82.51953125     0.00009439137453950000
82.61718750     0.00011053922337399999
82.71484375     0.00013192421890100001
82.81250000     0.00015816051434200000
82.91015625     0.00018802940176900000
83.00781250     0.00021899827575300000
83.10546875     0.00024763226379999998
83.20312500     0.00027050647328500001
83.30078125     0.00028507184999400001
83.39843750     0.00029022019866000001
83.49609375     0.00028612015006099998
83.59375000     0.00027316273448199998
83.69140625     0.00025124793603900001
83.78906250     0.00022020144326200000
83.88671875     0.00018046328238400001
83.98437500     0.00013330865126000001
84.08203125     0.00008053184260590000
84.17968750     0.00002408666257950000
84.27734375     -0.00003402719741600000
84.37500000     -0.00009180932915850000
84.47265625     -0.00014733219930400000
84.57031250     -0.00019878168193600000
84.66796875     -0.00024440395928899999
84.76562500     -0.00028241342797500002
84.86328125     -0.00031104272176999998
84.96093750     -0.00032893862918300000
85.05859375     -0.00033579475551399998
85.15625000     -0.00033252353937799999
85.25390625     -0.00032054171599000002
85.35156250     -0.00030105712310699999
85.44921875     -0.00027503865725299998
85.54687500     -0.00024338418116299999
85.64453125     -0.00020704524633999999
85.74218750     -0.00016723968419099999
85.83984375     -0.00012562193103499999
85.93750000     -0.00008416289780200001
86.03515625     -0.00004477342279970000
86.13281250     -0.00000903006868047000
86.23046875     0.00002173574426300000
86.32812500     0.00004624569814460000
86.42578125     0.00006348674566970000
86.52343750     0.00007337835915510000
86.62109375     0.00007722110426490000
86.71875000     0.00007721806938450000
86.81640625     0.00007569739275790001
86.91406250     0.00007515219918870000
87.01171875     0.00007756336561270000
87.10937500     0.00007787200238500000
87.20703125     0.00004478975675840000
87.30468750     -0.00003257392977160000
87.40234375     -0.00011239543944800000
87.50000000     -0.00013203063266100000
