0.00000050     1.000000000000001
0.00040130     0.999999999998407
0.00080210     0.999999999974563
0.00120290     0.999999999871334
0.00160370     0.999999999593525
0.00200450     0.999999999007882
0.00240530     0.999999997943102
0.00280610     0.999999996189828
0.00320690     0.999999993500661
0.00360771     0.999999989590159
0.00400851     0.999999984134845
0.00440931     0.999999976773215
0.00481011     0.999999967105743
0.00521091     0.999999954694893
0.00561171     0.999999939065125
0.00601251     0.999999919702902
0.00641331     0.999999896056709
0.00681411     0.999999867537055
0.00721491     0.999999833516496
0.00761571     0.999999793329633
0.00801651     0.999999746273141
0.00841731     0.999999691605775
0.00881811     0.999999628548387
0.00921891     0.999999556283944
0.00961971     0.999999473957541
0.01002052     0.999999380676424
0.01042132     0.999999275510005
0.01082212     0.999999157489881
0.01122292     0.999999025609858
0.01162372     0.999998878825965
0.01202452     0.999998716056487
0.01242532     0.999998536181973
0.01282612     0.999998338045277
0.01322692     0.999998120451563
0.01362772     0.999997882168344
0.01402852     0.999997621925506
0.01442932     0.999997338415327
0.01483012     0.999997030292512
0.01523092     0.999996696174223
0.01563172     0.999996334640099
0.01603252     0.999995944232292
0.01643332     0.999995523455502
0.01683413     0.999995070777000
0.01723493     0.999994584626665
0.01763573     0.999994063397017
0.01803653     0.999993505443252
0.01843733     0.999992909083279
0.01883813     0.999992272597746
0.01923893     0.999991594230092
0.01963973     0.999990872186571
0.02004053     0.999990104636301
0.02044133     0.999989289711295
0.02084213     0.999988425506509
0.02124293     0.999987510079873
0.02164373     0.999986541452346
0.02204453     0.999985517607946
0.02244533     0.999984436493805
0.02284613     0.999983296020206
0.02324693     0.999982094060634
0.02364774     0.999980828451813
0.02404854     0.999979496993766
0.02444934     0.999978097449857
0.02485014     0.999976627546838
0.02525094     0.999975084974901
0.02565174     0.999973467387734
0.02605254     0.999971772402562
0.02645334     0.999969997600212
0.02685414     0.999968140525159
0.02725494     0.999966198685582
0.02765574     0.999964169553421
0.02805654     0.999962050564433
0.02845734     0.999959839118250
0.02885814     0.999957532578438
0.02925894     0.999955128272553
0.02965974     0.999952623492205
0.03006055     0.999950015493121
0.03046135     0.999947301495197
0.03086215     0.999944478682578
0.03126295     0.999941544203707
0.03166375     0.999938495171401
0.03206455     0.999935328662908
0.03246535     0.999932041719981
0.03286615     0.999928631348945
0.03326695     0.999925094520764
0.03366775     0.999921428171114
0.03406855     0.999917629200451
0.03446935     0.999913694474087
0.03487015     0.999909620822262
0.03527095     0.999905405040213
0.03567175     0.999901043888261
0.03607255     0.999896534091875
0.03647335     0.999891872341759
0.03687416     0.999887055293923
0.03727496     0.999882079569768
0.03767576     0.999876941756165
0.03807656     0.999871638405535
0.03847736     0.999866166035931
0.03887816     0.999860521131129
0.03927896     0.999854700140702
0.03967976     0.999848699480117
0.04008056     0.999842515530812
0.04048136     0.999836144640290
0.04088216     0.999829583122208
0.04128296     0.999822827256467
0.04168376     0.999815873289300
0.04208456     0.999808717433370
0.04248536     0.999801355867861
0.04288616     0.999793784738570
0.04328696     0.999786000158009
0.04368777     0.999777998205499
0.04408857     0.999769774927265
0.04448937     0.999761326336542
0.04489017     0.999752648413672
0.04529097     0.999743737106203
0.04569177     0.999734588328997
0.04609257     0.999725197964332
0.04649337     0.999715561862008
0.04689417     0.999705675839447
0.04729497     0.999695535681814
0.04769577     0.999685137142111
0.04809657     0.999674475941297
0.04849737     0.999663547768396
0.04889817     0.999652348280611
0.04929897     0.999640873103430
0.04969977     0.999629117830755
0.05010058     0.999617078025004
0.05050138     0.999604749217236
0.05090218     0.999592126907269
0.05130298     0.999579206563797
0.05170378     0.999565983624514
0.05210458     0.999552453496233
0.05250538     0.999538611555014
0.05290618     0.999524453146284
0.05330698     0.999509973584968
0.05370778     0.999495168155609
0.05410858     0.999480032112507
0.05450938     0.999464560679840
0.05491018     0.999448749051801
0.05531098     0.999432592392723
0.05571178     0.999416085837223
0.05611258     0.999399224490330
0.05651338     0.999382003427623
0.05691419     0.999364417695370
0.05731499     0.999346462310668
0.05771579     0.999328132261576
0.05811659     0.999309422507269
0.05851739     0.999290327978170
0.05891819     0.999270843576100
0.05931899     0.999250964174424
0.05971979     0.999230684618196
0.06012059     0.999209999724307
0.06052139     0.999188904281639
0.06092219     0.999167393051209
0.06132299     0.999145460766331
0.06172379     0.999123102132761
0.06212459     0.999100311828855
0.06252539     0.999077084505733
0.06292619     0.999053414787427
0.06332699     0.999029297271042
0.06372780     0.999004726526924
0.06412860     0.998979697098815
0.06452940     0.998954203504022
0.06493020     0.998928240233575
0.06533100     0.998901801752403
0.06573180     0.998874882499495
0.06613260     0.998847476888069
0.06653340     0.998819579305751
0.06693420     0.998791184114736
0.06733500     0.998762285651969
0.06773580     0.998732878229319
0.06813660     0.998702956133753
0.06853740     0.998672513627520
0.06893820     0.998641544948321
0.06933900     0.998610044309499
0.06973980     0.998578005900215
0.07014061     0.998545423885636
0.07054141     0.998512292407118
0.07094221     0.998478605582394
0.07134301     0.998444357505762
0.07174381     0.998409542248273
0.07214461     0.998374153857923
0.07254541     0.998338186359849
0.07294621     0.998301633756519
0.07334701     0.998264490027927
0.07374781     0.998226749131795
0.07414861     0.998188405003767
0.07454941     0.998149451557611
0.07495021     0.998109882685420
0.07535101     0.998069692257817
0.07575181     0.998028874124156
0.07615261     0.997987422112730
0.07655341     0.997945330030981
0.07695422     0.997902591665702
0.07735502     0.997859200783260
0.07775582     0.997815151129791
0.07815662     0.997770436431430
0.07855742     0.997725050394517
0.07895822     0.997678986705816
0.07935902     0.997632239032730
0.07975982     0.997584801023527
0.08016062     0.997536666307556
0.08056142     0.997487828495474
0.08096222     0.997438281179463
0.08136302     0.997388017933463
0.08176382     0.997337032313397
0.08216462     0.997285317857398
0.08256542     0.997232868086042
0.08296622     0.997179676502575
0.08336703     0.997125736593154
0.08376783     0.997071041827075
0.08416863     0.997015585657012
0.08456943     0.996959361519255
0.08497023     0.996902362833949
0.08537103     0.996844583005337
0.08577183     0.996786015421997
0.08617263     0.996726653457090
0.08657343     0.996666490468608
0.08697423     0.996605519799614
0.08737503     0.996543734778496
0.08777583     0.996481128719218
0.08817663     0.996417694921562
0.08857743     0.996353426671395
0.08897823     0.996288317240912
0.08937903     0.996222359888898
0.08977983     0.996155547860984
0.09018064     0.996087874389908
0.09058144     0.996019332695766
0.09098224     0.995949915986291
0.09138304     0.995879617457102
0.09178384     0.995808430291977
0.09218464     0.995736347663113
0.09258544     0.995663362731401
0.09298624     0.995589468646690
0.09338704     0.995514658548063
0.09378784     0.995438925564105
0.09418864     0.995362262813177
0.09458944     0.995284663403696
0.09499024     0.995206120434408
0.09539104     0.995126626994665
0.09579184     0.995046176164713
0.09619264     0.994964761015960
0.09659344     0.994882374611270
0.09699425     0.994799010005243
0.09739505     0.994714660244501
0.09779585     0.994629318367974
0.09819665     0.994542977407189
0.09859745     0.994455630386562
0.09899825     0.994367270323688
0.09939905     0.994277890229627
0.09979985     0.994187483109214
0.10020065     0.994096041961338
0.10060145     0.994003559779248
0.10100225     0.993910029550852
0.10140305     0.993815444259009
0.10180385     0.993719796881840
0.10220465     0.993623080393024
0.10260545     0.993525287762100
0.10300625     0.993426411954784
0.10340706     0.993326445933260
0.10380786     0.993225382656499
0.10420866     0.993123215080565
0.10460946     0.993019936158923
0.10501026     0.992915538842756
0.10541106     0.992810016081272
0.10581186     0.992703360822027
0.10621266     0.992595566011233
0.10661346     0.992486624594078
0.10701426     0.992376529515047
0.10741506     0.992265273718237
0.10781586     0.992152850147684
0.10821666     0.992039251747676
0.10861746     0.991924471463089
0.10901826     0.991808502239701
0.10941906     0.991691337024523
0.10981986     0.991572968766126
0.11022067     0.991453390414970
0.11062147     0.991332594923729
0.11102227     0.991210575247631
0.11142307     0.991087324344778
0.11182387     0.990962835176491
0.11222467     0.990837100707637
0.11262547     0.990710113906966
0.11302627     0.990581867747449
0.11342707     0.990452355206617
0.11382787     0.990321569266895
0.11422867     0.990189502915948
0.11462947     0.990056149147019
0.11503027     0.989921500959269
0.11543107     0.989785551358126
0.11583187     0.989648293355626
0.11623267     0.989509719970757
0.11663347     0.989369824229809
0.11703428     0.989228599166718
0.11743508     0.989086037823421
0.11783588     0.988942133250194
0.11823668     0.988796878506014
0.11863748     0.988650266658907
0.11903828     0.988502290786293
0.11943908     0.988352943975356
0.11983988     0.988202219323376
0.12024068     0.988050109938109
0.12064148     0.987896608938120
0.12104228     0.987741709453158
0.12144308     0.987585404624502
0.12184388     0.987427687605327
0.12224468     0.987268551561063
0.12264548     0.987107989669749
0.12304628     0.986945995122402
0.12344709     0.986782561123381
0.12384789     0.986617680890732
0.12424869     0.986451347656580
0.12464949     0.986283554667469
0.12505029     0.986114295184739
0.12545109     0.985943562484895
0.12585189     0.985771349859959
0.12625269     0.985597650617857
0.12665349     0.985422458082767
0.12705429     0.985245765595504
0.12745509     0.985067566513884
0.12785589     0.984887854213088
0.12825669     0.984706622086045
0.12865749     0.984523863543787
0.12905829     0.984339572015838
0.12945909     0.984153740950574
0.12985989     0.983966363815602
0.13026070     0.983777434098134
0.13066150     0.983586945305354
0.13106230     0.983394890964798
0.13146310     0.983201264624735
0.13186390     0.983006059854531
0.13226470     0.982809270245024
0.13266550     0.982610889408918
0.13306630     0.982410910981142
0.13346710     0.982209328619229
0.13386790     0.982006136003706
0.13426870     0.981801326838457
0.13466950     0.981594894851107
0.13507030     0.981386833793406
0.13547110     0.981177137441599
0.13587190     0.980965799596812
0.13627270     0.980752814085424
0.13667351     0.980538174759453
0.13707431     0.980321875496934
0.13747511     0.980103910202297
0.13787591     0.979884272806750
0.13827671     0.979662957268658
0.13867751     0.979439957573918
0.13907831     0.979215267736354
0.13947911     0.978988881798085
0.13987991     0.978760793829902
0.14028071     0.978530997931666
0.14068151     0.978299488232674
0.14108231     0.978066258892044
0.14148311     0.977831304099098
0.14188391     0.977594618073740
0.14228471     0.977356195066837
0.14268551     0.977116029360604
0.14308631     0.976874115268977
0.14348712     0.976630447138000
0.14388792     0.976385019346200
0.14428872     0.976137826304971
0.14468952     0.975888862458953
0.14509032     0.975638122286414
0.14549112     0.975385600299621
0.14589192     0.975131291045229
0.14629272     0.974875189104655
0.14669352     0.974617289094459
0.14709432     0.974357585666721
0.14749512     0.974096073509417
0.14789592     0.973832747346801
0.14829672     0.973567601939780
0.14869752     0.973300632086289
0.14909832     0.973031832621672
0.14949912     0.972761198419055
0.14989992     0.972488724389720
0.15030073     0.972214405483481
0.15070153     0.971938236689066
0.15110233     0.971660213034475
0.15150313     0.971380329587370
0.15190393     0.971098581455437
0.15230473     0.970814963786762
0.15270553     0.970529471770200
0.15310633     0.970242100635754
0.15350713     0.969952845654930
0.15390793     0.969661702141124
0.15430873     0.969368665449976
0.15470953     0.969073730979747
0.15511033     0.968776894171682
0.15551113     0.968478150510378
0.15591193     0.968177495524148
0.15631273     0.967874924785387
0.15671354     0.967570433910935
0.15711434     0.967264018562442
0.15751514     0.966955674446721
0.15791594     0.966645397316128
0.15831674     0.966333182968897
0.15871754     0.966019027249522
0.15911834     0.965702926049099
0.15951914     0.965384875305689
0.15991994     0.965064871004673
0.16032074     0.964742909179110
0.16072154     0.964418985910086
0.16112234     0.964093097327064
0.16152314     0.963765239608248
0.16192394     0.963435408980915
0.16232474     0.963103601721778
0.16272554     0.962769814157325
0.16312634     0.962434042664171
0.16352715     0.962096283669400
0.16392795     0.961756533650910
0.16432875     0.961414789137750
0.16472955     0.961071046710472
0.16513035     0.960725303001457
0.16553115     0.960377554695263
0.16593195     0.960027798528956
0.16633275     0.959676031292451
0.16673355     0.959322249828839
0.16713435     0.958966451034721
0.16753515     0.958608631860540
0.16793595     0.958248789310911
0.16833675     0.957886920444944
0.16873755     0.957523022376572
0.16913835     0.957157092274877
0.16953915     0.956789127364409
0.16993995     0.956419124925507
0.17034076     0.956047082294621
0.17074156     0.955672996864627
0.17114236     0.955296866085139
0.17154316     0.954918687462829
0.17194396     0.954538458561733
0.17234476     0.954156177003566
0.17274556     0.953771840468024
0.17314636     0.953385446693096
0.17354716     0.952996993475363
0.17394796     0.952606478670302
0.17434876     0.952213900192591
0.17474956     0.951819256016398
0.17515036     0.951422544175682
0.17555116     0.951023762764489
0.17595196     0.950622909937241
0.17635276     0.950219983909027
0.17675357     0.949814982955888
0.17715437     0.949407905415108
0.17755517     0.948998749685492
0.17795597     0.948587514227652
0.17835677     0.948174197564280
0.17875757     0.947758798280430
0.17915837     0.947341315023791
0.17955917     0.946921746504958
0.17995997     0.946500091497698
0.18036077     0.946076348839234
0.18076157     0.945650517430484
0.18116237     0.945222596236343
0.18156317     0.944792584285940
0.18196397     0.944360480672891
0.18236477     0.943926284555557
0.18276557     0.943489995157296
0.18316637     0.943051611766716
0.18356718     0.942611133737916
0.18396798     0.942168560490742
0.18436878     0.941723891511018
0.18476958     0.941277126350796
0.18517038     0.940828264628581
0.18557118     0.940377306029584
0.18597198     0.939924250305935
0.18637278     0.939469097276923
0.18677358     0.939011846829221
0.18717438     0.938552498917106
0.18757518     0.938091053562688
0.18797598     0.937627510856120
0.18837678     0.937161870955815
0.18877758     0.936694134088663
0.18917838     0.936224300550238
0.18957918     0.935752370705002
0.18997998     0.935278344986514
0.19038079     0.934802223897629
0.19078159     0.934324008010690
0.19118239     0.933843697967738
0.19158319     0.933361294480687
0.19198399     0.932876798331525
0.19238479     0.932390210372492
0.19278559     0.931901531526271
0.19318639     0.931410762786159
0.19358719     0.930917905216254
0.19398799     0.930422959951615
0.19438879     0.929925928198451
0.19478959     0.929426811234267
0.19519039     0.928925610408046
0.19559119     0.928422327140400
0.19599199     0.927916962923732
0.19639279     0.927409519322389
0.19679360     0.926899997972810
0.19719440     0.926388400583682
0.19759520     0.925874728936078
0.19799600     0.925358984883599
0.19839680     0.924841170352512
0.19879760     0.924321287341891
0.19919840     0.923799337923738
0.19959920     0.923275324243117
0.20000000     0.922749248518277
