0.00000050     1.000000000000000
0.00040130     0.999999999998917
0.00080210     0.999999999982717
0.00120290     0.999999999912581
0.00160370     0.999999999723828
0.00200450     0.999999999325928
0.00240530     0.999999998602494
0.00280610     0.999999997411291
0.00320690     0.999999995584242
0.00360771     0.999999992927425
0.00400851     0.999999989221092
0.00440931     0.999999984219664
0.00481011     0.999999977651748
0.00521091     0.999999969220136
0.00561171     0.999999958601826
0.00601251     0.999999945448020
0.00641331     0.999999929384145
0.00681411     0.999999910009858
0.00721491     0.999999886899062
0.00761571     0.999999859599919
0.00801651     0.999999827634866
0.00841731     0.999999790500626
0.00881811     0.999999747668227
0.00921891     0.999999698583014
0.00961971     0.999999642664679
0.01002052     0.999999579307261
0.01042132     0.999999507879182
0.01082212     0.999999427723256
0.01122292     0.999999338156714
0.01162372     0.999999238471226
0.01202452     0.999999127932924
0.01242532     0.999999005782423
0.01282612     0.999998871234845
0.01322692     0.999998723479845
0.01362772     0.999998561681638
0.01402852     0.999998384979023
0.01442932     0.999998192485413
0.01483012     0.999997983288859
0.01523092     0.999997756452083
0.01563172     0.999997511012508
0.01603252     0.999997245982285
0.01643332     0.999996960348327
0.01683413     0.999996653072339
0.01723493     0.999996323090855
0.01763573     0.999995969315270
0.01803653     0.999995590631872
0.01843733     0.999995185901881
0.01883813     0.999994753961484
0.01923893     0.999994293621872
0.01963973     0.999993803669278
0.02004053     0.999993282865017
0.02044133     0.999992729945523
0.02084213     0.999992143622394
0.02124293     0.999991522582425
0.02164373     0.999990865487660
0.02204453     0.999990170975430
0.02244533     0.999989437658393
0.02284613     0.999988664124586
0.02324693     0.999987848937463
0.02364774     0.999986990635950
0.02404854     0.999986087734484
0.02444934     0.999985138723059
0.02485014     0.999984142067288
0.02525094     0.999983096208437
0.02565174     0.999981999563485
0.02605254     0.999980850525169
0.02645334     0.999979647462041
0.02685414     0.999978388718518
0.02725494     0.999977072614934
0.02765574     0.999975697447600
0.02805654     0.999974261488851
0.02845734     0.999972762987110
0.02885814     0.999971200166937
0.02925894     0.999969571229095
0.02965974     0.999967874350603
0.03006055     0.999966107684795
0.03046135     0.999964269361379
0.03086215     0.999962357486507
0.03126295     0.999960370142824
0.03166375     0.999958305389540
0.03206455     0.999956161262488
0.03246535     0.999953935774189
0.03286615     0.999951626913922
0.03326695     0.999949232647780
0.03366775     0.999946750918747
0.03406855     0.999944179646758
0.03446935     0.999941516728772
0.03487015     0.999938760038837
0.03527095     0.999935907428163
0.03567175     0.999932956725192
0.03607255     0.999929905735666
0.03647335     0.999926752242706
0.03687416     0.999923494006882
0.03727496     0.999920128766282
0.03767576     0.999916654236595
0.03807656     0.999913068111182
0.03847736     0.999909368061152
0.03887816     0.999905551735443
0.03927896     0.999901616760894
0.03967976     0.999897560742330
0.04008056     0.999893381262639
0.04048136     0.999889075882852
0.04088216     0.999884642142223
0.04128296     0.999880077558315
0.04168376     0.999875379627080
0.04208456     0.999870545822944
0.04248536     0.999865573598892
0.04288616     0.999860460386551
0.04328696     0.999855203596274
0.04368777     0.999849800617241
0.04408857     0.999844248817526
0.04448937     0.999838545544201
0.04489017     0.999832688123421
0.04529097     0.999826673860509
0.04569177     0.999820500040059
0.04609257     0.999814163926014
0.04649337     0.999807662761768
0.04689417     0.999800993770258
0.04729497     0.999794154154054
0.04769577     0.999787141095460
0.04809657     0.999779951756605
0.04849737     0.999772583279542
0.04889817     0.999765032786345
0.04929897     0.999757297379210
0.04969977     0.999749374140548
0.05010058     0.999741260133090
0.05050138     0.999732952399988
0.05090218     0.999724447964912
0.05130298     0.999715743832154
0.05170378     0.999706836986737
0.05210458     0.999697724394511
0.05250538     0.999688403002262
0.05290618     0.999678869737813
0.05330698     0.999669121510139
0.05370778     0.999659155209465
0.05410858     0.999648967707379
0.05450938     0.999638555856937
0.05491018     0.999627916492780
0.05531098     0.999617046431236
0.05571178     0.999605942470432
0.05611258     0.999594601390413
0.05651338     0.999583019953246
0.05691419     0.999571194903140
0.05731499     0.999559122966555
0.05771579     0.999546800852320
0.05811659     0.999534225251751
0.05851739     0.999521392838760
0.05891819     0.999508300269981
0.05931899     0.999494944184886
0.05971979     0.999481321205897
0.06012059     0.999467427938513
0.06052139     0.999453260971433
0.06092219     0.999438816876666
0.06132299     0.999424092209664
0.06172379     0.999409083509440
0.06212459     0.999393787298693
0.06252539     0.999378200083929
0.06292619     0.999362318355592
0.06332699     0.999346138588184
0.06372780     0.999329657240395
0.06412860     0.999312870755231
0.06452940     0.999295775560140
0.06493020     0.999278368067141
0.06533100     0.999260644672956
0.06573180     0.999242601759139
0.06613260     0.999224235692206
0.06653340     0.999205542823769
0.06693420     0.999186519490668
0.06733500     0.999167162015104
0.06773580     0.999147466704773
0.06813660     0.999127429853004
0.06853740     0.999107047738890
0.06893820     0.999086316627427
0.06933900     0.999065232769651
0.06973980     0.999043792402779
0.07014061     0.999021991750339
0.07054141     0.998999827022319
0.07094221     0.998977294415302
0.07134301     0.998954390112607
0.07174381     0.998931110284433
0.07214461     0.998907451087998
0.07254541     0.998883408667686
0.07294621     0.998858979155189
0.07334701     0.998834158669646
0.07374781     0.998808943317800
0.07414861     0.998783329194134
0.07454941     0.998757312381020
0.07495021     0.998730888948868
0.07535101     0.998704054956273
0.07575181     0.998676806450165
0.07615261     0.998649139465954
0.07655341     0.998621050027688
0.07695422     0.998592534148195
0.07735502     0.998563587829241
0.07775582     0.998534207061681
0.07815662     0.998504387825607
0.07855742     0.998474126090505
0.07895822     0.998443417815416
0.07935902     0.998412258949078
0.07975982     0.998380645430091
0.08016062     0.998348573187070
0.08056142     0.998316038138798
0.08096222     0.998283036194395
0.08136302     0.998249563253464
0.08176382     0.998215615206257
0.08216462     0.998181187933830
0.08256542     0.998146277308208
0.08296622     0.998110879192543
0.08336703     0.998074989441276
0.08376783     0.998038603900297
0.08416863     0.998001718407114
0.08456943     0.997964328791007
0.08497023     0.997926430873202
0.08537103     0.997888020467028
0.08577183     0.997849093378085
0.08617263     0.997809645404413
0.08657343     0.997769672336652
0.08697423     0.997729169958215
0.08737503     0.997688134045451
0.08777583     0.997646560367820
0.08817663     0.997604444688051
0.08857743     0.997561782762324
0.08897823     0.997518570340430
0.08937903     0.997474803165948
0.08977983     0.997430476976415
0.09018064     0.997385587503493
0.09058144     0.997340130473150
0.09098224     0.997294101605823
0.09138304     0.997247496616602
0.09178384     0.997200311215395
0.09218464     0.997152541107107
0.09258544     0.997104181991817
0.09298624     0.997055229564948
0.09338704     0.997005679517448
0.09378784     0.996955527535966
0.09418864     0.996904769303029
0.09458944     0.996853400497217
0.09499024     0.996801416793348
0.09539104     0.996748813862647
0.09579184     0.996695587372939
0.09619264     0.996641732988815
0.09659344     0.996587246371819
0.09699425     0.996532123180629
0.09739505     0.996476359071241
0.09779585     0.996419949697142
0.09819665     0.996362890709503
0.09859745     0.996305177757355
0.09899825     0.996246806487772
0.09939905     0.996187772546060
0.09979985     0.996128071575934
0.10020065     0.996067699219712
0.10060145     0.996006651118489
0.10100225     0.995944922912332
0.10140305     0.995882510240462
0.10180385     0.995819408741438
0.10220465     0.995755614053348
0.10260545     0.995691121813997
0.10300625     0.995625927661086
0.10340706     0.995560027232415
0.10380786     0.995493416166054
0.10420866     0.995426090100546
0.10460946     0.995358044675087
0.10501026     0.995289275529725
0.10541106     0.995219778305538
0.10581186     0.995149548644835
0.10621266     0.995078582191339
0.10661346     0.995006874590385
0.10701426     0.994934421489105
0.10741506     0.994861218536623
0.10781586     0.994787261384246
0.10821666     0.994712545685659
0.10861746     0.994637067097114
0.10901826     0.994560821277624
0.10941906     0.994483803889158
0.10981986     0.994406010596837
0.11022067     0.994327437069115
0.11062147     0.994248078977993
0.11102227     0.994167931999197
0.11142307     0.994086991812380
0.11182387     0.994005254101320
0.11222467     0.993922714554105
0.11262547     0.993839368863339
0.11302627     0.993755212726331
0.11342707     0.993670241845297
0.11382787     0.993584451927549
0.11422867     0.993497838685695
0.11462947     0.993410397837839
0.11503027     0.993322125107775
0.11543107     0.993233016225180
0.11583187     0.993143066925817
0.11623267     0.993052272951731
0.11663347     0.992960630051446
0.11703428     0.992868133980162
0.11743508     0.992774780499953
0.11783588     0.992680565379971
0.11823668     0.992585484396631
0.11863748     0.992489533333823
0.11903828     0.992392707983103
0.11943908     0.992295004143896
0.11983988     0.992196417623689
0.12024068     0.992096944238236
0.12064148     0.991996579811751
0.12104228     0.991895320177112
0.12144308     0.991793161176057
0.12184388     0.991690098659386
0.12224468     0.991586128487157
0.12264548     0.991481246528887
0.12304628     0.991375448663752
0.12344709     0.991268730780782
0.12384789     0.991161088779068
0.12424869     0.991052518567954
0.12464949     0.990943016067242
0.12505029     0.990832577207386
0.12545109     0.990721197929696
0.12585189     0.990608874186536
0.12625269     0.990495601941522
0.12665349     0.990381377169721
0.12705429     0.990266195857855
0.12745509     0.990150054004493
0.12785589     0.990032947620256
0.12825669     0.989914872728014
0.12865749     0.989795825363083
0.12905829     0.989675801573427
0.12945909     0.989554797419858
0.12985989     0.989432808976226
0.13026070     0.989309832329629
0.13066150     0.989185863580604
0.13106230     0.989060898843331
0.13146310     0.988934934245822
0.13186390     0.988807965930130
0.13226470     0.988679990052539
0.13266550     0.988551002783764
0.13306630     0.988421000309148
0.13346710     0.988289978828864
0.13386790     0.988157934558104
0.13426870     0.988024863727281
0.13466950     0.987890762582224
0.13507030     0.987755627384378
0.13547110     0.987619454410993
0.13587190     0.987482239955326
0.13627270     0.987343980326836
0.13667351     0.987204671851376
0.13707431     0.987064310871391
0.13747511     0.986922893746110
0.13787591     0.986780416851747
0.13827671     0.986636876581687
0.13867751     0.986492269346683
0.13907831     0.986346591575055
0.13947911     0.986199839712873
0.13987991     0.986052010224155
0.14028071     0.985903099591064
0.14068151     0.985753104314092
0.14108231     0.985602020912258
0.14148311     0.985449845923293
0.14188391     0.985296575903838
0.14228471     0.985142207429628
0.14268551     0.984986737095690
0.14308631     0.984830161516522
0.14348712     0.984672477326292
0.14388792     0.984513681179022
0.14428872     0.984353769748777
0.14468952     0.984192739729850
0.14509032     0.984030587836956
0.14549112     0.983867310805414
0.14589192     0.983702905391333
0.14629272     0.983537368371800
0.14669352     0.983370696545063
0.14709432     0.983202886730719
0.14749512     0.983033935769893
0.14789592     0.982863840525428
0.14829672     0.982692597882063
0.14869752     0.982520204746618
0.14909832     0.982346658048174
0.14949912     0.982171954738255
0.14989992     0.981996091791012
0.15030073     0.981819066203393
0.15070153     0.981640874995337
0.15110233     0.981461515209942
0.15150313     0.981280983913644
0.15190393     0.981099278196398
0.15230473     0.980916395171854
0.15270553     0.980732331977530
0.15310633     0.980547085774991
0.15350713     0.980360653750021
0.15390793     0.980173033112799
0.15430873     0.979984221098071
0.15470953     0.979794214965320
0.15511033     0.979603011998944
0.15551113     0.979410609508420
0.15591193     0.979217004828478
0.15631273     0.979022195319269
0.15671354     0.978826178366533
0.15711434     0.978628951381770
0.15751514     0.978430511802404
0.15791594     0.978230857091947
0.15831674     0.978029984740170
0.15871754     0.977827892263262
0.15911834     0.977624577203995
0.15951914     0.977420037131889
0.15991994     0.977214269643371
0.16032074     0.977007272361938
0.16072154     0.976799042938312
0.16112234     0.976589579050608
0.16152314     0.976378878404483
0.16192394     0.976166938733298
0.16232474     0.975953757798273
0.16272554     0.975739333388641
0.16312634     0.975523663321808
0.16352715     0.975306745443497
0.16392795     0.975088577627907
0.16432875     0.974869157777864
0.16472955     0.974648483824966
0.16513035     0.974426553729741
0.16553115     0.974203365481785
0.16593195     0.973978917099917
0.16633275     0.973753206632324
0.16673355     0.973526232156700
0.16713435     0.973297991780400
0.16753515     0.973068483640572
0.16793595     0.972837705904308
0.16833675     0.972605656768779
0.16873755     0.972372334461375
0.16913835     0.972137737239848
0.16953915     0.971901863392444
0.16993995     0.971664711238040
0.17034076     0.971426279126282
0.17074156     0.971186565437717
0.17114236     0.970945568583923
0.17154316     0.970703287007646
0.17194396     0.970459719182925
0.17234476     0.970214863615222
0.17274556     0.969968718841555
0.17314636     0.969721283430616
0.17354716     0.969472555982904
0.17394796     0.969222535130844
0.17434876     0.968971219538912
0.17474956     0.968718607903754
0.17515036     0.968464698954313
0.17555116     0.968209491451939
0.17595196     0.967952984190512
0.17635276     0.967695175996558
0.17675357     0.967436065729364
0.17715437     0.967175652281087
0.17755517     0.966913934576875
0.17795597     0.966650911574970
0.17835677     0.966386582266821
0.17875757     0.966120945677194
0.17915837     0.965854000864276
0.17955917     0.965585746919780
0.17995997     0.965316182969052
0.18036077     0.965045308171172
0.18076157     0.964773121719056
0.18116237     0.964499622839554
0.18156317     0.964224810793550
0.18196397     0.963948684876059
0.18236477     0.963671244416322
0.18276557     0.963392488777901
0.18316637     0.963112417358770
0.18356718     0.962831029591406
0.18396798     0.962548324942881
0.18436878     0.962264302914949
0.18476958     0.961978963044130
0.18517038     0.961692304901799
0.18557118     0.961404328094269
0.18597198     0.961115032262869
0.18637278     0.960824417084029
0.18677358     0.960532482269358
0.18717438     0.960239227565720
0.18757518     0.959944652755311
0.18797598     0.959648757655733
0.18837678     0.959351542120067
0.18877758     0.959053006036943
0.18917838     0.958753149330610
0.18957918     0.958451971961006
0.18997998     0.958149473923820
0.19038079     0.957845655250561
0.19078159     0.957540516008619
0.19118239     0.957234056301326
0.19158319     0.956926276268016
0.19198399     0.956617176084086
0.19238479     0.956306755961048
0.19278559     0.955995016146586
0.19318639     0.955681956924609
0.19358719     0.955367578615305
0.19398799     0.955051881575186
0.19438879     0.954734866197137
0.19478959     0.954416532910468
0.19519039     0.954096882180952
0.19559119     0.953775914510871
0.19599199     0.953453630439058
0.19639279     0.953130030540935
0.19679360     0.952805115428549
0.19719440     0.952478885750616
0.19759520     0.952151342192545
0.19799600     0.951822485476477
0.19839680     0.951492316361315
0.19879760     0.951160835642754
0.19919840     0.950828044153306
0.19959920     0.950493942762323
0.20000000     0.950158532376030
