-112.50000000     0.00001357158254890000
-112.40234375     0.00006214577392880000
-112.30468750     0.00015437551740500000
-112.20703125     0.00022769705340800001
-112.10937500     0.00023699588306299999
-112.01171875     0.00019960970226100001
-111.91406250     0.00016045167490400000
-111.81640625     0.00012824580308300001
-111.71875000     0.00010066564705200001
-111.62109375     0.00007486119030450000
-111.52343750     0.00004918630316800000
-111.42578125     0.00002263696215720000
-111.32812500     -0.00000535170551297000
-111.23046875     -0.00003453514284250000
-111.13281250     -0.00006381954748200000
-111.03515625     -0.00009186247783550000
-110.93750000     -0.00011761581329199999
-110.83984375     -0.00014042649314499999
-110.74218750     -0.00015985063497000001
-110.64453125     -0.00017545441355400001
-110.54687500     -0.00018673729263700000
-110.44921875     -0.00019320638573799999
-110.35156250     -0.00019451246691900000
-110.25390625     -0.00019047128184300000
-110.15625000     -0.00018108405974099999
-110.05859375     -0.00016657841632200000
-109.96093750     -0.00014744833841099999
-109.86328125     -0.00012444285957099999
-109.76562500     -0.00009852840852560000
-109.66796875     -0.00007081448384430000
-109.57031250     -0.00004246978532810000
-109.47265625     -0.00001467049304630000
-109.37500000     0.00001143836199540000
-109.27734375     0.00003485865190460000
-109.17968750     0.00005480161848410000
-109.08203125     0.00007057803934320000
-108.98437500     0.00008162888791340000
-108.88671875     0.00008763550979110000
-108.78906250     0.00008866075710170000
-108.69140625     0.00008520676972260000
-108.59375000     0.00007819454401140000
-108.49609375     0.00006888582299370001
-108.39843750     0.00005877890295700000
-108.30078125     0.00004953841761420000
-108.20312500     0.00004292754337600000
-108.10546875     0.00004048197926580000
-108.00781250     0.00004293305737420000
-107.91015625     0.00005019858342480000
-107.81250000     0.00006186484216080000
-107.71484375     0.00007729268189920001
-107.61718750     0.00009548835384109999
-107.51953125     0.00011498470107400000
-107.42187500     0.00013392035975799999
-107.32421875     0.00015017102916100000
-107.22656250     0.00016162172888900000
-107.12890625     0.00016677825374900000
-107.03125000     0.00016516896941100000
-106.93359375     0.00015716207709500000
-106.83593750     0.00014390878005800001
-106.73828125     0.00012727623367400000
-106.64062500     0.00010956128164300000
-106.54296875     0.00009287429361650000
-106.44531250     0.00007863660934320000
-106.34765625     0.00006772815723609999
-106.25000000     0.00006051335424710000
-106.15234375     0.00005665171527120000
-106.05468750     0.00005503294540680000
-105.95703125     0.00005403538454920000
-105.85937500     0.00005187864609510000
-105.76171875     0.00004713391639330000
-105.66406250     0.00003930794514850000
-105.56640625     0.00002892289672920000
-105.46875000     0.00001709121308800000
-105.37109375     0.00000502653922496000
-105.27343750     -0.00000625045866154000
-105.17578125     -0.00001607546990900000
-105.07812500     -0.00002420372322720000
-104.98046875     -0.00003079214449010000
-104.88281250     -0.00003631204726050000
-104.78515625     -0.00004140551542630000
-104.68750000     -0.00004663112413150000
-104.58984375     -0.00005217642135070000
-104.49218750     -0.00005781725913330000
-104.39453125     -0.00006317686759550001
-104.29687500     -0.00006794703257620000
-104.19921875     -0.00007193869673830000
-104.10156250     -0.00007506510821670001
-104.00390625     -0.00007735359619710001
-103.90625000     -0.00007894070418140000
-103.80859375     -0.00008000381930770000
-103.71093750     -0.00008070481372970000
-103.61328125     -0.00008110586197730001
-103.51562500     -0.00008109429984080000
-103.41796875     -0.00008052432649240000
-103.32031250     -0.00007936824705229999
-103.22265625     -0.00007769316866110000
-103.12500000     -0.00007560090472260000
-103.02734375     -0.00007319116207140000
-102.92968750     -0.00007053913961260000
-102.83203125     -0.00006768913726269999
-102.73437500     -0.00006466575200480000
-102.63671875     -0.00006149201911720000
-102.53906250     -0.00005820121427150000
-102.44140625     -0.00005483694823570000
-102.34375000     -0.00005144527973230000
-102.24609375     -0.00004806613473580000
-102.14843750     -0.00004472887533780000
-102.05078125     -0.00004145222171450000
-101.95312500     -0.00003824594162160000
-101.85546875     -0.00003511205258910000
-101.75781250     -0.00003204520699440000
-101.66015625     -0.00002903329134200000
-101.56250000     -0.00002605923426240000
-101.46484375     -0.00002310423910330000
-101.36718750     -0.00002015210736920000
-101.26953125     -0.00001719433303690000
-101.17187500     -0.00001423584412770000
-101.07421875     -0.00001130054960350000
-100.97656250     -0.00000843334087321000
-100.87890625     -0.00000569394240341000
-100.78125000     -0.00000314083822030000
-100.68359375     -0.00000080322236012400
-100.58593750     0.00000130148338055000
-100.48828125     0.00000283004287444000
-100.39062500     0.00000385635014290000
-100.29296875     0.00001523709785050000
-100.19531250     0.00005385284882110000
-100.09765625     -0.00003275211124900000
-100.00000000     0.00152269013253999996
-99.90234375     0.01227153829790000004
-99.80468750     0.02454122852289999934
-99.70703125     0.03680722294140000017
-99.60937500     0.04906767432740000157
-99.51171875     0.06132073630220000182
-99.41406250     0.07356456359969999748
-99.31640625     0.08579731234439999521
-99.21875000     0.09801714032960000267
-99.12109375     0.11022220729399999362
-99.02343750     0.12241067519899999361
-98.92578125     0.13458070850699999088
-98.82812500     0.14673047445500000951
-98.73046875     0.15885814333400000153
-98.63281250     0.17096188876000001367
-98.53515625     0.18303988795500000797
-98.43750000     0.19509032201599998957
-98.33984375     0.20711137619200001292
-98.24218750     0.21910124015699999900
-98.14453125     0.23105810828100001308
-98.04687500     0.24298017990299999869
-97.94921875     0.25486565960500001671
-97.85156250     0.26671275747500000630
-97.75390625     0.27851968938499999107
-97.65625000     0.29028467725399997867
-97.55859375     0.30200594931899998885
-97.46093750     0.31368174039899998640
-97.36328125     0.32531029216200002541
-97.26562500     0.33688985339200000491
-97.16796875     0.34841868024900002343
-97.07031250     0.35989503653499999025
-96.97265625     0.37131719395200002420
-96.87500000     0.38268343236500002025
-96.77734375     0.39399204006100002617
-96.67968750     0.40524131400500001954
-96.58203125     0.41642956009799997341
-96.48437500     0.42755509342999997724
-96.38671875     0.43861623853900000292
-96.28906250     0.44961132965500000269
-96.19140625     0.46053871095799997493
-96.09375000     0.47139673682599997351
-95.99609375     0.48218377207899998371
-95.89843750     0.49289819222999997628
-95.80078125     0.50353838372600001616
-95.70312500     0.51410274419299994975
-95.60546875     0.52458968267799999108
-95.50781250     0.53499761988700000881
-95.41015625     0.54532498842199994549
-95.31250000     0.55557023301999997056
-95.21484375     0.56573181078400003319
-95.11718750     0.57580819141799999272
-95.01953125     0.58579785745599999291
-94.92187500     0.59569930449200003686
-94.82421875     0.60551104140400002773
-94.72656250     0.61523159058099996521
-94.62890625     0.62485948814199998580
-94.53125000     0.63439328416399998201
-94.43359375     0.64383154288999999704
-94.33593750     0.65317284295400002136
-94.23828125     0.66241577759000003223
-94.14062500     0.67155895484700001141
-94.04296875     0.68060099779500005113
-93.94531250     0.68954054473699999406
-93.84765625     0.69837624940900000503
-93.75000000     0.70710678118699998862
-93.65234375     0.71573082528400000513
-93.55468750     0.72424708295100004296
-93.45703125     0.73265427167200003478
-93.35937500     0.74095112535499996209
-93.26171875     0.74913639452299995991
-93.16406250     0.75720884650599995513
-93.06640625     0.76516726562199999240
-92.96875000     0.77301045336300000521
-92.87109375     0.78073722857200000824
-92.77343750     0.78834642762700002372
-92.67578125     0.79583690460900002872
-92.57812500     0.80320753148099999219
-92.48046875     0.81045719825299999961
-92.38281250     0.81758481315200004502
-92.28515625     0.82458930278499997790
-92.18750000     0.83146961230299998302
-92.08984375     0.83822470555499994926
-91.99218750     0.84485356524999999372
-91.89453125     0.85135519310499996326
-91.79687500     0.85772861000000000242
-91.69921875     0.86397285612200003246
-91.60156250     0.87008699110900000750
-91.50390625     0.87607009419500003755
-91.40625000     0.88192126434800000023
-91.30859375     0.88763962040300004031
-91.21093750     0.89322430119600004783
-91.11328125     0.89867446569400000200
-91.01562500     0.90398929312300002614
-90.91796875     0.90916798309099999820
-90.82031250     0.91420975570399998222
-90.72265625     0.91911385169000003881
-90.62500000     0.92387953251099996788
-90.52734375     0.92850608047299998393
-90.42968750     0.93299279883499997013
-90.33203125     0.93733901191299995315
-90.23437500     0.94154406518300004514
-90.13671875     0.94560732538100000788
-90.03906250     0.94952818059300003739
-89.94140625     0.95330604035400001717
-89.84375000     0.95694033573199999143
-89.74609375     0.96043051941599999477
-89.64843750     0.96377606579499996986
-89.55078125     0.96697647104499995230
-89.45312500     0.97003125319500005386
-89.35546875     0.97293995220600004714
-89.25781250     0.97570213003899997073
-89.16015625     0.97831737072000002353
-89.06250000     0.98078528040299994828
-88.96484375     0.98310548743100001357
-88.86718750     0.98527764238899995242
-88.76953125     0.98730141815799998817
-88.67187500     0.98917650996499995042
-88.57421875     0.99090263542799994489
-88.47656250     0.99247953459899995732
-88.37890625     0.99390697000200001199
-88.28125000     0.99518472667199997517
-88.18359375     0.99631261218300004590
-88.08593750     0.99729045667899995919
-87.98828125     0.99811811289999996522
-87.89062500     0.99879545620499998737
-87.79296875     0.99932238458800004555
-87.69531250     0.99969881869599996893
-87.59765625     0.99992470183899995195
-87.50000000     1.00000000000000000000
-87.40234375     0.99992470183899995195
-87.30468750     0.99969881869599996893
-87.20703125     0.99932238458800004555
-87.10937500     0.99879545620499998737
-87.01171875     0.99811811289999996522
-86.91406250     0.99729045667899995919
-86.81640625     0.99631261218300004590
-86.71875000     0.99518472667199997517
-86.62109375     0.99390697000200001199
-86.52343750     0.99247953459899995732
-86.42578125     0.99090263542799994489
-86.32812500     0.98917650996499995042
-86.23046875     0.98730141815799998817
-86.13281250     0.98527764238899995242
-86.03515625     0.98310548743100001357
-85.93750000     0.98078528040299994828
-85.83984375     0.97831737072000002353
-85.74218750     0.97570213003899997073
-85.64453125     0.97293995220600004714
-85.54687500     0.97003125319500005386
-85.44921875     0.96697647104499995230
-85.35156250     0.96377606579499996986
-85.25390625     0.96043051941599999477
-85.15625000     0.95694033573199999143
-85.05859375     0.95330604035400001717
-84.96093750     0.94952818059300003739
-84.86328125     0.94560732538100000788
-84.76562500     0.94154406518300004514
-84.66796875     0.93733901191299995315
-84.57031250     0.93299279883499997013
-84.47265625     0.92850608047299998393
-84.37500000     0.92387953251099996788
-84.27734375     0.91911385169000003881
-84.17968750     0.91420975570399998222
-84.08203125     0.90916798309099999820
-83.98437500     0.90398929312300002614
-83.88671875     0.89867446569400000200
-83.78906250     0.89322430119600004783
-83.69140625     0.88763962040300004031
-83.59375000     0.88192126434800000023
-83.49609375     0.87607009419500003755
-83.39843750     0.87008699110900000750
-83.30078125     0.86397285612200003246
-83.20312500     0.85772861000000000242
-83.10546875     0.85135519310499996326
-83.00781250     0.84485356524999999372
-82.91015625     0.83822470555499994926
-82.81250000     0.83146961230299998302
-82.71484375     0.82458930278499997790
-82.61718750     0.81758481315200004502
-82.51953125     0.81045719825299999961
-82.42187500     0.80320753148099999219
-82.32421875     0.79583690460900002872
-82.22656250     0.78834642762700002372
-82.12890625     0.78073722857200000824
-82.03125000     0.77301045336300000521
-81.93359375     0.76516726562199999240
-81.83593750     0.75720884650599995513
-81.73828125     0.74913639452299995991
-81.64062500     0.74095112535499996209
-81.54296875     0.73265427167200003478
-81.44531250     0.72424708295100004296
-81.34765625     0.71573082528400000513
-81.25000000     0.70710678118699998862
-81.15234375     0.69837624940900000503
-81.05468750     0.68954054473699999406
-80.95703125     0.68060099779500005113
-80.85937500     0.67155895484700001141
-80.76171875     0.66241577759000003223
-80.66406250     0.65317284295400002136
-80.56640625     0.64383154288999999704
-80.46875000     0.63439328416399998201
-80.37109375     0.62485948814199998580
-80.27343750     0.61523159058099996521
-80.17578125     0.60551104140400002773
-80.07812500     0.59569930449200003686
-79.98046875     0.58579785745599999291
-79.88281250     0.57580819141799999272
-79.78515625     0.56573181078400003319
-79.68750000     0.55557023301999997056
-79.58984375     0.54532498842199994549
-79.49218750     0.53499761988700000881
-79.39453125     0.52458968267799999108
-79.29687500     0.51410274419299994975
-79.19921875     0.50353838372600001616
-79.10156250     0.49289819222999997628
-79.00390625     0.48218377207899998371
-78.90625000     0.47139673682599997351
-78.80859375     0.46053871095799997493
-78.71093750     0.44961132965500000269
-78.61328125     0.43861623853900000292
-78.51562500     0.42755509342999997724
-78.41796875     0.41642956009799997341
-78.32031250     0.40524131400500001954
-78.22265625     0.39399204006100002617
-78.12500000     0.38268343236500002025
-78.02734375     0.37131719395200002420
-77.92968750     0.35989503653499999025
-77.83203125     0.34841868024900002343
-77.73437500     0.33688985339200000491
-77.63671875     0.32531029216200002541
-77.53906250     0.31368174039899998640
-77.44140625     0.30200594931899998885
-77.34375000     0.29028467725399997867
-77.24609375     0.27851968938499999107
-77.14843750     0.26671275747500000630
-77.05078125     0.25486565960500001671
-76.95312500     0.24298017990299999869
-76.85546875     0.23105810828100001308
-76.75781250     0.21910124015699999900
-76.66015625     0.20711137619200001292
-76.56250000     0.19509032201599998957
-76.46484375     0.18303988795500000797
-76.36718750     0.17096188876000001367
-76.26953125     0.15885814333400000153
-76.17187500     0.14673047445500000951
-76.07421875     0.13458070850699999088
-75.97656250     0.12241067519899999361
-75.87890625     0.11022220729399999362
-75.78125000     0.09801714032960000267
-75.68359375     0.08579731234439999521
-75.58593750     0.07356456359969999748
-75.48828125     0.06132073630220000182
-75.39062500     0.04906767432740000157
-75.29296875     0.03680722294140000017
-75.19531250     0.02454122852289999934
-75.09765625     0.01227153829459999915
-75.00000000     0.00151234095119000007
-74.90234375     -0.00004629003530940000
-74.80468750     0.00004262737816390000
-74.70703125     0.00000278991304241000
-74.60937500     -0.00000798448500051000
-74.51171875     -0.00000996010456875000
-74.41406250     -0.00001349409666450000
-74.31640625     -0.00001669989059100000
-74.21875000     -0.00001981029682930000
-74.12109375     -0.00002314023429800000
-74.02343750     -0.00002672317380610000
-73.92578125     -0.00003056360096310000
-73.82812500     -0.00003467096496500000
-73.73046875     -0.00003904790765400000
-73.63281250     -0.00004369220396150000
-73.53515625     -0.00004859895813160000
-73.43750000     -0.00005375941298570000
-73.33984375     -0.00005915874727790000
-73.24218750     -0.00006477386416170000
-73.14453125     -0.00007057137265889999
-73.04687500     -0.00007650645978610000
-72.94921875     -0.00008252366190700000
-72.85156250     -0.00008855974376130000
-72.75390625     -0.00009454736901070000
-72.65625000     -0.00010041753819100000
-72.55859375     -0.00010610011817600000
-72.46093750     -0.00011152441836100000
-72.36328125     -0.00011662295809400001
-72.26562500     -0.00012133908331900000
-72.16796875     -0.00012563399408800001
-72.07031250     -0.00012948557600100000
-71.97265625     -0.00013287477400800000
-71.87500000     -0.00013576497459500000
-71.77734375     -0.00013808848967800000
-71.67968750     -0.00013975095105300001
-71.58203125     -0.00014065204409900001
-71.48437500     -0.00014072742841999999
-71.38671875     -0.00014002926239999999
-71.28906250     -0.00013874865605400001
-71.19140625     -0.00013701472532800000
-71.09375000     -0.00013475987883500000
-70.99609375     -0.00013181413362000000
-70.89843750     -0.00012799662453300001
-70.80078125     -0.00012315807950700000
-70.70312500     -0.00011724409295200000
-70.60546875     -0.00011031403203100001
-70.50781250     -0.00010255497081800000
-70.41015625     -0.00009430439376470000
-70.31250000     -0.00008596719854250000
-70.21484375     -0.00007775515088900000
-70.11718750     -0.00006942653228790000
-70.01953125     -0.00006038274986730000
-69.92187500     -0.00004996563172750000
-69.82421875     -0.00003769411454580000
-69.72656250     -0.00002339673279280000
-69.62890625     -0.00000730593336751000
-69.53125000     0.00000987233860295000
-69.43359375     0.00002699561718280000
-69.33593750     0.00004270841704590000
-69.23828125     0.00005583902513000000
-69.14062500     0.00006589081212440000
-69.04296875     0.00007339232728490001
-68.94531250     0.00007970896874440000
-68.84765625     0.00008653369912910000
-68.75000000     0.00009546966168950000
-68.65234375     0.00010768175165900000
-68.55468750     0.00012358785963099999
-68.45703125     0.00014275700640000000
-68.35937500     0.00016411185836900000
-68.26171875     0.00018616933389799999
-68.16406250     0.00020693730896499999
-68.06640625     0.00022407325117099999
-67.96875000     0.00023554820700399999
-67.87109375     0.00024009538785100000
-67.77343750     0.00023731746554500000
-67.67578125     0.00022780572097900000
-67.57812500     0.00021317855109299999
-67.48046875     0.00019553312052200000
-67.38281250     0.00017695618092399999
-67.28515625     0.00015930157462099999
-67.18750000     0.00014400040694100000
-67.08984375     0.00013194583823599999
-66.99218750     0.00012365701751300000
-66.89453125     0.00011948591997700000
-66.79687500     0.00011955489393000000
-66.69921875     0.00012320552908500000
-66.60156250     0.00012887846390400001
-66.50390625     0.00013471770056899999
-66.40625000     0.00013899623762599999
-66.30859375     0.00014020390953700001
-66.21093750     0.00013708670352400001
-66.11328125     0.00012873128402900001
-66.01562500     0.00011464735176300000
-65.91796875     0.00009480674566460000
-65.82031250     0.00006961789177550000
-65.72265625     0.00003982993623940000
-65.62500000     0.00000638602968306000
-65.52734375     -0.00002970993076100000
-65.42968750     -0.00006745217648840000
-65.33203125     -0.00010578692484000000
-65.23437500     -0.00014349634634999999
-65.13671875     -0.00017921002375699999
-65.03906250     -0.00021152503567299999
-64.94140625     -0.00023917969598399999
-64.84375000     -0.00026121744764600002
-64.74609375     -0.00027704190067999999
-64.64843750     -0.00028635794100099999
-64.55078125     -0.00028908597201199998
-64.45312500     -0.00028531189046800002
-64.35546875     -0.00027523428942300001
-64.25781250     -0.00025913983395700000
-64.16015625     -0.00023742380069199999
-64.06250000     -0.00021064557381899999
-63.96484375     -0.00017961071617500000
-63.86718750     -0.00014538032042999999
-63.76953125     -0.00010908432959300000
-63.67187500     -0.00007159801515780000
-63.57421875     -0.00003346513867360000
-63.47656250     0.00000453006525247000
-63.37890625     0.00004057725168360000
-63.28125000     0.00007198905875379999
-63.18359375     0.00009751441729609999
-63.08593750     0.00012167750374700000
-62.98828125     0.00015657683955800001
-62.89062500     0.00020878576882899999
-62.79296875     0.00024675376355300002
-62.69531250     0.00023040388603299999
-62.59765625     0.00017488105140699999
-62.50000000     0.00014436787261400000
-62.40234375     0.00017488105140699999
-62.30468750     0.00023040388603299999
-62.20703125     0.00024675376355300002
-62.10937500     0.00020878576882899999
-62.01171875     0.00015657683955800001
-61.91406250     0.00012167750374700000
-61.81640625     0.00009751441729540001
-61.71875000     0.00007198905875330000
-61.62109375     0.00004057725168290000
-61.52343750     0.00000453006525214000
-61.42578125     -0.00003346513867400000
-61.32812500     -0.00007159801515810000
-61.23046875     -0.00010908432959300000
-61.13281250     -0.00014538032042999999
-61.03515625     -0.00017961071617500000
-60.93750000     -0.00021064557381899999
-60.83984375     -0.00023742380069100000
-60.74218750     -0.00025913983395599999
-60.64453125     -0.00027523428942099998
-60.54687500     -0.00028531189046599999
-60.44921875     -0.00028908597201000001
-60.35156250     -0.00028635794099800000
-60.25390625     -0.00027704190067700000
-60.15625000     -0.00026121744764299998
-60.05859375     -0.00023917969598000001
-59.96093750     -0.00021152503566900001
-59.86328125     -0.00017921002375400000
-59.76562500     -0.00014349634634600001
-59.66796875     -0.00010578692483600000
-59.57031250     -0.00006745217648460000
-59.47265625     -0.00002970993075720000
-59.37500000     0.00000638602968761000
-59.27734375     0.00003982993624440000
-59.17968750     0.00006961789178070001
-59.08203125     0.00009480674567030000
-58.98437500     0.00011464735176900000
-58.88671875     0.00012873128403400000
-58.78906250     0.00013708670352900000
-58.69140625     0.00014020390954200000
-58.59375000     0.00013899623763200000
-58.49609375     0.00013471770057400001
-58.39843750     0.00012887846391000001
-58.30078125     0.00012320552909200001
-58.20312500     0.00011955489393700000
-58.10546875     0.00011948591998400000
-58.00781250     0.00012365701751999999
-57.91015625     0.00013194583824300001
-57.81250000     0.00014400040694799999
-57.71484375     0.00015930157462800001
-57.61718750     0.00017695618093199999
-57.51953125     0.00019553312052899999
-57.42187500     0.00021317855109900000
-57.32421875     0.00022780572098500001
-57.22656250     0.00023731746555199999
-57.12890625     0.00024009538785799999
-57.03125000     0.00023554820701199999
-56.93359375     0.00022407325117800001
-56.83593750     0.00020693730897299999
-56.73828125     0.00018616933390599999
-56.64062500     0.00016411185837700000
-56.54296875     0.00014275700640899999
-56.44531250     0.00012358785964000001
-56.34765625     0.00010768175166799999
-56.25000000     0.00009546966169890000
-56.15234375     0.00008653369913860001
-56.05468750     0.00007970896875340000
-55.95703125     0.00007339232729310000
-55.85937500     0.00006589081213290000
-55.76171875     0.00005583902513950000
-55.66406250     0.00004270841705480000
-55.56640625     0.00002699561719140000
-55.46875000     0.00000987233861260000
-55.37109375     -0.00000730593335763000
-55.27343750     -0.00002339673278310000
-55.17578125     -0.00003769411453600000
-55.07812500     -0.00004996563171740000
-54.98046875     -0.00006038274985750000
-54.88281250     -0.00006942653227960000
-54.78515625     -0.00007775515087980000
-54.68750000     -0.00008596719853279999
-54.58984375     -0.00009430439375559999
-54.49218750     -0.00010255497080800000
-54.39453125     -0.00011031403202100000
-54.29687500     -0.00011724409294199999
-54.19921875     -0.00012315807949800001
-54.10156250     -0.00012799662452399999
-54.00390625     -0.00013181413360900001
-53.90625000     -0.00013475987882600001
-53.80859375     -0.00013701472531800000
-53.71093750     -0.00013874865604400000
-53.61328125     -0.00014002926239000001
-53.51562500     -0.00014072742841100000
-53.41796875     -0.00014065204409000000
-53.32031250     -0.00013975095104399999
-53.22265625     -0.00013808848966900001
-53.12500000     -0.00013576497458600001
-53.02734375     -0.00013287477400000000
-52.92968750     -0.00012948557599100000
-52.83203125     -0.00012563399408000001
-52.73437500     -0.00012133908331100000
-52.63671875     -0.00011662295808500000
-52.53906250     -0.00011152441835200000
-52.44140625     -0.00010610011816800001
-52.34375000     -0.00010041753818299999
-52.24609375     -0.00009454736900170001
-52.14843750     -0.00008855974375220000
-52.05078125     -0.00008252366189830000
-51.95312500     -0.00007650645977730000
-51.85546875     -0.00007057137264940000
-51.75781250     -0.00006477386415270000
-51.66015625     -0.00005915874726880000
-51.56250000     -0.00005375941297620000
-51.46484375     -0.00004859895812210000
-51.36718750     -0.00004369220395230000
-51.26953125     -0.00003904790764480000
-51.17187500     -0.00003467096495560000
-51.07421875     -0.00003056360095380000
-50.97656250     -0.00002672317379740000
-50.87890625     -0.00002314023428940000
-50.78125000     -0.00001981029682040000
-50.68359375     -0.00001669989058260000
-50.58593750     -0.00001349409665590000
-50.48828125     -0.00000996010456007000
-50.39062500     -0.00000798448499203000
-50.29296875     0.00000278991305035000
-50.19531250     0.00004262737817200000
-50.09765625     -0.00004629003530310000
-50.00000000     0.00151234095119000007
-49.90234375     0.01227153829459999915
-49.80468750     0.02454122852289999934
-49.70703125     0.03680722294140000017
-49.60937500     0.04906767432740000157
-49.51171875     0.06132073630220000182
-49.41406250     0.07356456359969999748
-49.31640625     0.08579731234439999521
-49.21875000     0.09801714032960000267
-49.12109375     0.11022220729399999362
-49.02343750     0.12241067519899999361
-48.92578125     0.13458070850699999088
-48.82812500     0.14673047445500000951
-48.73046875     0.15885814333400000153
-48.63281250     0.17096188876000001367
-48.53515625     0.18303988795500000797
-48.43750000     0.19509032201599998957
-48.33984375     0.20711137619200001292
-48.24218750     0.21910124015699999900
-48.14453125     0.23105810828100001308
-48.04687500     0.24298017990299999869
-47.94921875     0.25486565960500001671
-47.85156250     0.26671275747500000630
-47.75390625     0.27851968938499999107
-47.65625000     0.29028467725399997867
-47.55859375     0.30200594931899998885
-47.46093750     0.31368174039899998640
-47.36328125     0.32531029216200002541
-47.26562500     0.33688985339200000491
-47.16796875     0.34841868024900002343
-47.07031250     0.35989503653499999025
-46.97265625     0.37131719395200002420
-46.87500000     0.38268343236500002025
-46.77734375     0.39399204006100002617
-46.67968750     0.40524131400500001954
-46.58203125     0.41642956009799997341
-46.48437500     0.42755509342999997724
-46.38671875     0.43861623853900000292
-46.28906250     0.44961132965500000269
-46.19140625     0.46053871095799997493
-46.09375000     0.47139673682599997351
-45.99609375     0.48218377207899998371
-45.89843750     0.49289819222999997628
-45.80078125     0.50353838372600001616
-45.70312500     0.51410274419299994975
-45.60546875     0.52458968267799999108
-45.50781250     0.53499761988700000881
-45.41015625     0.54532498842199994549
-45.31250000     0.55557023301999997056
-45.21484375     0.56573181078400003319
-45.11718750     0.57580819141799999272
-45.01953125     0.58579785745599999291
-44.92187500     0.59569930449200003686
-44.82421875     0.60551104140400002773
-44.72656250     0.61523159058099996521
-44.62890625     0.62485948814199998580
-44.53125000     0.63439328416399998201
-44.43359375     0.64383154288999999704
-44.33593750     0.65317284295400002136
-44.23828125     0.66241577759000003223
-44.14062500     0.67155895484700001141
-44.04296875     0.68060099779500005113
-43.94531250     0.68954054473699999406
-43.84765625     0.69837624940900000503
-43.75000000     0.70710678118699998862
-43.65234375     0.71573082528400000513
-43.55468750     0.72424708295100004296
-43.45703125     0.73265427167200003478
-43.35937500     0.74095112535499996209
-43.26171875     0.74913639452299995991
-43.16406250     0.75720884650599995513
-43.06640625     0.76516726562199999240
-42.96875000     0.77301045336300000521
-42.87109375     0.78073722857200000824
-42.77343750     0.78834642762700002372
-42.67578125     0.79583690460900002872
-42.57812500     0.80320753148099999219
-42.48046875     0.81045719825299999961
-42.38281250     0.81758481315200004502
-42.28515625     0.82458930278499997790
-42.18750000     0.83146961230299998302
-42.08984375     0.83822470555499994926
-41.99218750     0.84485356524999999372
-41.89453125     0.85135519310499996326
-41.79687500     0.85772861000000000242
-41.69921875     0.86397285612200003246
-41.60156250     0.87008699110900000750
-41.50390625     0.87607009419500003755
-41.40625000     0.88192126434800000023
-41.30859375     0.88763962040300004031
-41.21093750     0.89322430119600004783
-41.11328125     0.89867446569400000200
-41.01562500     0.90398929312300002614
-40.91796875     0.90916798309099999820
-40.82031250     0.91420975570399998222
-40.72265625     0.91911385169000003881
-40.62500000     0.92387953251099996788
-40.52734375     0.92850608047299998393
-40.42968750     0.93299279883499997013
-40.33203125     0.93733901191299995315
-40.23437500     0.94154406518300004514
-40.13671875     0.94560732538100000788
-40.03906250     0.94952818059300003739
-39.94140625     0.95330604035400001717
-39.84375000     0.95694033573199999143
-39.74609375     0.96043051941599999477
-39.64843750     0.96377606579499996986
-39.55078125     0.96697647104499995230
-39.45312500     0.97003125319500005386
-39.35546875     0.97293995220600004714
-39.25781250     0.97570213003899997073
-39.16015625     0.97831737072000002353
-39.06250000     0.98078528040299994828
-38.96484375     0.98310548743100001357
-38.86718750     0.98527764238899995242
-38.76953125     0.98730141815799998817
-38.67187500     0.98917650996499995042
-38.57421875     0.99090263542799994489
-38.47656250     0.99247953459899995732
-38.37890625     0.99390697000200001199
-38.28125000     0.99518472667199997517
-38.18359375     0.99631261218300004590
-38.08593750     0.99729045667899995919
-37.98828125     0.99811811289999996522
-37.89062500     0.99879545620499998737
-37.79296875     0.99932238458800004555
-37.69531250     0.99969881869599996893
-37.59765625     0.99992470183899995195
-37.50000000     1.00000000000000000000
-37.40234375     0.99992470183899995195
-37.30468750     0.99969881869599996893
-37.20703125     0.99932238458800004555
-37.10937500     0.99879545620499998737
-37.01171875     0.99811811289999996522
-36.91406250     0.99729045667899995919
-36.81640625     0.99631261218300004590
-36.71875000     0.99518472667199997517
-36.62109375     0.99390697000200001199
-36.52343750     0.99247953459899995732
-36.42578125     0.99090263542799994489
-36.32812500     0.98917650996499995042
-36.23046875     0.98730141815799998817
-36.13281250     0.98527764238899995242
-36.03515625     0.98310548743100001357
-35.93750000     0.98078528040299994828
-35.83984375     0.97831737072000002353
-35.74218750     0.97570213003899997073
-35.64453125     0.97293995220600004714
-35.54687500     0.97003125319500005386
-35.44921875     0.96697647104499995230
-35.35156250     0.96377606579499996986
-35.25390625     0.96043051941599999477
-35.15625000     0.95694033573199999143
-35.05859375     0.95330604035400001717
-34.96093750     0.94952818059300003739
-34.86328125     0.94560732538100000788
-34.76562500     0.94154406518300004514
-34.66796875     0.93733901191299995315
-34.57031250     0.93299279883499997013
-34.47265625     0.92850608047299998393
-34.37500000     0.92387953251099996788
-34.27734375     0.91911385169000003881
-34.17968750     0.91420975570399998222
-34.08203125     0.90916798309099999820
-33.98437500     0.90398929312300002614
-33.88671875     0.89867446569400000200
-33.78906250     0.89322430119600004783
-33.69140625     0.88763962040300004031
-33.59375000     0.88192126434800000023
-33.49609375     0.87607009419500003755
-33.39843750     0.87008699110900000750
-33.30078125     0.86397285612200003246
-33.20312500     0.85772861000000000242
-33.10546875     0.85135519310499996326
-33.00781250     0.84485356524999999372
-32.91015625     0.83822470555499994926
-32.81250000     0.83146961230299998302
-32.71484375     0.82458930278499997790
-32.61718750     0.81758481315200004502
-32.51953125     0.81045719825299999961
-32.42187500     0.80320753148099999219
-32.32421875     0.79583690460900002872
-32.22656250     0.78834642762700002372
-32.12890625     0.78073722857200000824
-32.03125000     0.77301045336300000521
-31.93359375     0.76516726562199999240
-31.83593750     0.75720884650599995513
-31.73828125     0.74913639452299995991
-31.64062500     0.74095112535499996209
-31.54296875     0.73265427167200003478
-31.44531250     0.72424708295100004296
-31.34765625     0.71573082528400000513
-31.25000000     0.70710678118699998862
-31.15234375     0.69837624940900000503
-31.05468750     0.68954054473699999406
-30.95703125     0.68060099779500005113
-30.85937500     0.67155895484700001141
-30.76171875     0.66241577759000003223
-30.66406250     0.65317284295400002136
-30.56640625     0.64383154288999999704
-30.46875000     0.63439328416399998201
-30.37109375     0.62485948814199998580
-30.27343750     0.61523159058099996521
-30.17578125     0.60551104140400002773
-30.07812500     0.59569930449200003686
-29.98046875     0.58579785745599999291
-29.88281250     0.57580819141799999272
-29.78515625     0.56573181078400003319
-29.68750000     0.55557023301999997056
-29.58984375     0.54532498842199994549
-29.49218750     0.53499761988700000881
-29.39453125     0.52458968267799999108
-29.29687500     0.51410274419299994975
-29.19921875     0.50353838372600001616
-29.10156250     0.49289819222999997628
-29.00390625     0.48218377207899998371
-28.90625000     0.47139673682599997351
-28.80859375     0.46053871095799997493
-28.71093750     0.44961132965500000269
-28.61328125     0.43861623853900000292
-28.51562500     0.42755509342999997724
-28.41796875     0.41642956009799997341
-28.32031250     0.40524131400500001954
-28.22265625     0.39399204006100002617
-28.12500000     0.38268343236500002025
-28.02734375     0.37131719395200002420
-27.92968750     0.35989503653499999025
-27.83203125     0.34841868024900002343
-27.73437500     0.33688985339200000491
-27.63671875     0.32531029216200002541
-27.53906250     0.31368174039899998640
-27.44140625     0.30200594931899998885
-27.34375000     0.29028467725399997867
-27.24609375     0.27851968938499999107
-27.14843750     0.26671275747500000630
-27.05078125     0.25486565960500001671
-26.95312500     0.24298017990299999869
-26.85546875     0.23105810828100001308
-26.75781250     0.21910124015699999900
-26.66015625     0.20711137619200001292
-26.56250000     0.19509032201599998957
-26.46484375     0.18303988795500000797
-26.36718750     0.17096188876000001367
-26.26953125     0.15885814333400000153
-26.17187500     0.14673047445500000951
-26.07421875     0.13458070850699999088
-25.97656250     0.12241067519899999361
-25.87890625     0.11022220729399999362
-25.78125000     0.09801714032960000267
-25.68359375     0.08579731234439999521
-25.58593750     0.07356456359969999748
-25.48828125     0.06132073630220000182
-25.39062500     0.04906767432740000157
-25.29296875     0.03680722294140000017
-25.19531250     0.02454122852289999934
-25.09765625     0.01227153829459999915
-25.00000000     0.00151234095119000007
-24.90234375     -0.00004629003530640000
-24.80468750     0.00004262737816800000
-24.70703125     0.00000278991304653000
-24.60937500     -0.00000798448499543000
-24.51171875     -0.00000996010456384000
-24.41406250     -0.00001349409665920000
-24.31640625     -0.00001669989058630000
-24.21875000     -0.00001981029682390000
-24.12109375     -0.00002314023429280000
-24.02343750     -0.00002672317380130000
-23.92578125     -0.00003056360095730000
-23.82812500     -0.00003467096495960000
-23.73046875     -0.00003904790764820000
-23.63281250     -0.00004369220395610000
-23.53515625     -0.00004859895812530000
-23.43750000     -0.00005375941297980000
-23.33984375     -0.00005915874727180000
-23.24218750     -0.00006477386415600000
-23.14453125     -0.00007057137265229999
-23.04687500     -0.00007650645977990000
-22.94921875     -0.00008252366190110001
-22.85156250     -0.00008855974375490000
-22.75390625     -0.00009454736900439999
-22.65625000     -0.00010041753818499999
-22.55859375     -0.00010610011817099999
-22.46093750     -0.00011152441835400000
-22.36328125     -0.00011662295808800000
-22.26562500     -0.00012133908331300000
-22.16796875     -0.00012563399408200001
-22.07031250     -0.00012948557599300000
-21.97265625     -0.00013287477400100001
-21.87500000     -0.00013576497458800001
-21.77734375     -0.00013808848967100001
-21.67968750     -0.00013975095104599999
-21.58203125     -0.00014065204409200000
-21.48437500     -0.00014072742841399999
-21.38671875     -0.00014002926239200001
-21.28906250     -0.00013874865604699999
-21.19140625     -0.00013701472532100001
-21.09375000     -0.00013475987882900000
-20.99609375     -0.00013181413361200000
-20.89843750     -0.00012799662452700001
-20.80078125     -0.00012315807950100000
-20.70312500     -0.00011724409294499999
-20.60546875     -0.00011031403202400000
-20.50781250     -0.00010255497081100000
-20.41015625     -0.00009430439375780000
-20.31250000     -0.00008596719853460000
-20.21484375     -0.00007775515088219999
-20.11718750     -0.00006942653228160000
-20.01953125     -0.00006038274985960000
-19.92187500     -0.00004996563171990000
-19.82421875     -0.00003769411453800000
-19.72656250     -0.00002339673278560000
-19.62890625     -0.00000730593335985000
-19.53125000     0.00000987233861005000
-19.43359375     0.00002699561718930000
-19.33593750     0.00004270841705210000
-19.23828125     0.00005583902513700000
-19.14062500     0.00006589081213070000
-19.04296875     0.00007339232729030000
-18.94531250     0.00007970896875100000
-18.84765625     0.00008653369913580000
-18.75000000     0.00009546966169640000
-18.65234375     0.00010768175166600001
-18.55468750     0.00012358785963800001
-18.45703125     0.00014275700640600000
-18.35937500     0.00016411185837500000
-18.26171875     0.00018616933390399999
-18.16406250     0.00020693730897000000
-18.06640625     0.00022407325117500000
-17.96875000     0.00023554820700799999
-17.87109375     0.00024009538785500000
-17.77343750     0.00023731746554799999
-17.67578125     0.00022780572098100000
-17.57812500     0.00021317855109499999
-17.48046875     0.00019553312052499999
-17.38281250     0.00017695618092799999
-17.28515625     0.00015930157462400001
-17.18750000     0.00014400040694400001
-17.08984375     0.00013194583823799999
-16.99218750     0.00012365701751500000
-16.89453125     0.00011948591997900000
-16.79687500     0.00011955489393200000
-16.69921875     0.00012320552908700000
-16.60156250     0.00012887846390499999
-16.50390625     0.00013471770057000001
-16.40625000     0.00013899623762700001
-16.30859375     0.00014020390953700001
-16.21093750     0.00013708670352400001
-16.11328125     0.00012873128402900001
-16.01562500     0.00011464735176500000
-15.91796875     0.00009480674566650000
-15.82031250     0.00006961789177670001
-15.72265625     0.00003982993624040000
-15.62500000     0.00000638602968372000
-15.52734375     -0.00002970993076030000
-15.42968750     -0.00006745217648740000
-15.33203125     -0.00010578692483800000
-15.23437500     -0.00014349634634800001
-15.13671875     -0.00017921002375600000
-15.03906250     -0.00021152503567100001
-14.94140625     -0.00023917969598200001
-14.84375000     -0.00026121744764500001
-14.74609375     -0.00027704190067899998
-14.64843750     -0.00028635794099999998
-14.55078125     -0.00028908597201199998
-14.45312500     -0.00028531189046800002
-14.35546875     -0.00027523428942300001
-14.25781250     -0.00025913983395700000
-14.16015625     -0.00023742380069199999
-14.06250000     -0.00021064557382000001
-13.96484375     -0.00017961071617600001
-13.86718750     -0.00014538032043100001
-13.76953125     -0.00010908432959400000
-13.67187500     -0.00007159801515880000
-13.57421875     -0.00003346513867450000
-13.47656250     0.00000453006525125000
-13.37890625     0.00004057725168220000
-13.28125000     0.00007198905875230000
-13.18359375     0.00009751441729470000
-13.08593750     0.00012167750374600000
-12.98828125     0.00015657683955600001
-12.89062500     0.00020878576882699999
-12.79296875     0.00024675376355099999
-12.69531250     0.00023040388603200000
-12.59765625     0.00017488105140499999
-12.50000000     0.00014436787261200000
-12.40234375     0.00017488105140499999
-12.30468750     0.00023040388603200000
-12.20703125     0.00024675376355099999
-12.10937500     0.00020878576882699999
-12.01171875     0.00015657683955600001
-11.91406250     0.00012167750374500000
-11.81640625     0.00009751441729420000
-11.71875000     0.00007198905875170000
-11.62109375     0.00004057725168150000
-11.52343750     0.00000453006525059000
-11.42578125     -0.00003346513867530000
-11.32812500     -0.00007159801515950000
-11.23046875     -0.00010908432959500000
-11.13281250     -0.00014538032043199999
-11.03515625     -0.00017961071617700000
-10.93750000     -0.00021064557382099999
-10.83984375     -0.00023742380069300000
-10.74218750     -0.00025913983395800002
-10.64453125     -0.00027523428942400003
-10.54687500     -0.00028531189046800002
-10.44921875     -0.00028908597201199998
-10.35156250     -0.00028635794099999998
-10.25390625     -0.00027704190067899998
-10.15625000     -0.00026121744764400000
-10.05859375     -0.00023917969598200001
-9.96093750     -0.00021152503567100001
-9.86328125     -0.00017921002375499999
-9.76562500     -0.00014349634634700000
-9.66796875     -0.00010578692483800000
-9.57031250     -0.00006745217648660000
-9.47265625     -0.00002970993075920000
-9.37500000     0.00000638602968528000
-9.27734375     0.00003982993624230000
-9.17968750     0.00006961789177850000
-9.08203125     0.00009480674566810001
-8.98437500     0.00011464735176600000
-8.88671875     0.00012873128403100001
-8.78906250     0.00013708670352600001
-8.69140625     0.00014020390953900001
-8.59375000     0.00013899623762900001
-8.49609375     0.00013471770057099999
-8.39843750     0.00012887846390600001
-8.30078125     0.00012320552908800001
-8.20312500     0.00011955489393300000
-8.10546875     0.00011948591998000000
-8.00781250     0.00012365701751500000
-7.91015625     0.00013194583823900001
-7.81250000     0.00014400040694400001
-7.71484375     0.00015930157462400001
-7.61718750     0.00017695618092700000
-7.51953125     0.00019553312052499999
-7.42187500     0.00021317855109499999
-7.32421875     0.00022780572098100000
-7.22656250     0.00023731746554799999
-7.12890625     0.00024009538785400001
-7.03125000     0.00023554820700700000
-6.93359375     0.00022407325117500000
-6.83593750     0.00020693730897000000
-6.73828125     0.00018616933390300000
-6.64062500     0.00016411185837500000
-6.54296875     0.00014275700640500001
-6.44531250     0.00012358785963699999
-6.34765625     0.00010768175166400001
-6.25000000     0.00009546966169530000
-6.15234375     0.00008653369913490000
-6.05468750     0.00007970896875010000
-5.95703125     0.00007339232728950000
-5.85937500     0.00006589081212950000
-5.76171875     0.00005583902513570000
-5.66406250     0.00004270841705080000
-5.56640625     0.00002699561718780000
-5.46875000     0.00000987233860839000
-5.37109375     -0.00000730593336140000
-5.27343750     -0.00002339673278720000
-5.17578125     -0.00003769411453980000
-5.07812500     -0.00004996563172170000
-4.98046875     -0.00006038274986150000
-4.88281250     -0.00006942653228350000
-4.78515625     -0.00007775515088400000
-4.68750000     -0.00008596719853670000
-4.58984375     -0.00009430439376000000
-4.49218750     -0.00010255497081300000
-4.39453125     -0.00011031403202600000
-4.29687500     -0.00011724409294599999
-4.19921875     -0.00012315807950300000
-4.10156250     -0.00012799662452799999
-4.00390625     -0.00013181413361400000
-3.90625000     -0.00013475987883000001
-3.80859375     -0.00013701472532200000
-3.71093750     -0.00013874865604800000
-3.61328125     -0.00014002926239300000
-3.51562500     -0.00014072742841500000
-3.41796875     -0.00014065204409300001
-3.32031250     -0.00013975095104700001
-3.22265625     -0.00013808848967199999
-3.12500000     -0.00013576497459000001
-3.02734375     -0.00013287477400299999
-2.92968750     -0.00012948557599500000
-2.83203125     -0.00012563399408400001
-2.73437500     -0.00012133908331500000
-2.63671875     -0.00011662295809000000
-2.53906250     -0.00011152441835600000
-2.44140625     -0.00010610011817199999
-2.34375000     -0.00010041753818700000
-2.24609375     -0.00009454736900630000
-2.14843750     -0.00008855974375679999
-2.05078125     -0.00008252366190360000
-1.95312500     -0.00007650645978239999
-1.85546875     -0.00007057137265480000
-1.75781250     -0.00006477386415860000
-1.66015625     -0.00005915874727460000
-1.56250000     -0.00005375941298270000
-1.46484375     -0.00004859895812850000
-1.36718750     -0.00004369220395940000
-1.26953125     -0.00003904790765160000
-1.17187500     -0.00003467096496290000
-1.07421875     -0.00003056360096080000
-0.97656250     -0.00002672317380470000
-0.87890625     -0.00002314023429620000
-0.78125000     -0.00001981029682730000
-0.68359375     -0.00001669989058960000
-0.58593750     -0.00001349409666270000
-0.48828125     -0.00000996010456760000
-0.39062500     -0.00000798448499974000
-0.29296875     0.00000278991304142000
-0.19531250     0.00004262737816200000
-0.09765625     -0.00004629003531300000
0.00000000     0.00151234095119000007
0.09765625     0.01227153829459999915
0.19531250     0.02454122852289999934
0.29296875     0.03680722294140000017
0.39062500     0.04906767432740000157
0.48828125     0.06132073630220000182
0.58593750     0.07356456359969999748
0.68359375     0.08579731234439999521
0.78125000     0.09801714032960000267
0.87890625     0.11022220729399999362
0.97656250     0.12241067519899999361
1.07421875     0.13458070850699999088
1.17187500     0.14673047445500000951
1.26953125     0.15885814333400000153
1.36718750     0.17096188876000001367
1.46484375     0.18303988795500000797
1.56250000     0.19509032201599998957
1.66015625     0.20711137619200001292
1.75781250     0.21910124015699999900
1.85546875     0.23105810828100001308
1.95312500     0.24298017990299999869
2.05078125     0.25486565960500001671
2.14843750     0.26671275747500000630
2.24609375     0.27851968938499999107
2.34375000     0.29028467725399997867
2.44140625     0.30200594931899998885
2.53906250     0.31368174039899998640
2.63671875     0.32531029216200002541
2.73437500     0.33688985339200000491
2.83203125     0.34841868024900002343
2.92968750     0.35989503653499999025
3.02734375     0.37131719395200002420
3.12500000     0.38268343236500002025
3.22265625     0.39399204006100002617
3.32031250     0.40524131400500001954
3.41796875     0.41642956009799997341
3.51562500     0.42755509342999997724
3.61328125     0.43861623853900000292
3.71093750     0.44961132965500000269
3.80859375     0.46053871095799997493
3.90625000     0.47139673682599997351
4.00390625     0.48218377207899998371
4.10156250     0.49289819222999997628
4.19921875     0.50353838372600001616
4.29687500     0.51410274419299994975
4.39453125     0.52458968267799999108
4.49218750     0.53499761988700000881
4.58984375     0.54532498842199994549
4.68750000     0.55557023301999997056
4.78515625     0.56573181078400003319
4.88281250     0.57580819141799999272
4.98046875     0.58579785745599999291
5.07812500     0.59569930449200003686
5.17578125     0.60551104140400002773
5.27343750     0.61523159058099996521
5.37109375     0.62485948814199998580
5.46875000     0.63439328416399998201
5.56640625     0.64383154288999999704
5.66406250     0.65317284295400002136
5.76171875     0.66241577759000003223
5.85937500     0.67155895484700001141
5.95703125     0.68060099779500005113
6.05468750     0.68954054473699999406
6.15234375     0.69837624940900000503
6.25000000     0.70710678118699998862
6.34765625     0.71573082528400000513
6.44531250     0.72424708295100004296
6.54296875     0.73265427167200003478
6.64062500     0.74095112535499996209
6.73828125     0.74913639452299995991
6.83593750     0.75720884650599995513
6.93359375     0.76516726562199999240
7.03125000     0.77301045336300000521
7.12890625     0.78073722857200000824
7.22656250     0.78834642762700002372
7.32421875     0.79583690460900002872
7.42187500     0.80320753148099999219
7.51953125     0.81045719825299999961
7.61718750     0.81758481315200004502
7.71484375     0.82458930278499997790
7.81250000     0.83146961230299998302
7.91015625     0.83822470555499994926
8.00781250     0.84485356524999999372
8.10546875     0.85135519310499996326
8.20312500     0.85772861000000000242
8.30078125     0.86397285612200003246
8.39843750     0.87008699110900000750
8.49609375     0.87607009419500003755
8.59375000     0.88192126434800000023
8.69140625     0.88763962040300004031
8.78906250     0.89322430119600004783
8.88671875     0.89867446569400000200
8.98437500     0.90398929312300002614
9.08203125     0.90916798309099999820
9.17968750     0.91420975570399998222
9.27734375     0.91911385169000003881
9.37500000     0.92387953251099996788
9.47265625     0.92850608047299998393
9.57031250     0.93299279883499997013
9.66796875     0.93733901191299995315
9.76562500     0.94154406518300004514
9.86328125     0.94560732538100000788
9.96093750     0.94952818059300003739
10.05859375     0.95330604035400001717
10.15625000     0.95694033573199999143
10.25390625     0.96043051941599999477
10.35156250     0.96377606579499996986
10.44921875     0.96697647104499995230
10.54687500     0.97003125319500005386
10.64453125     0.97293995220600004714
10.74218750     0.97570213003899997073
10.83984375     0.97831737072000002353
10.93750000     0.98078528040299994828
11.03515625     0.98310548743100001357
11.13281250     0.98527764238899995242
11.23046875     0.98730141815799998817
11.32812500     0.98917650996499995042
11.42578125     0.99090263542799994489
11.52343750     0.99247953459899995732
11.62109375     0.99390697000200001199
11.71875000     0.99518472667199997517
11.81640625     0.99631261218300004590
11.91406250     0.99729045667899995919
12.01171875     0.99811811289999996522
12.10937500     0.99879545620499998737
12.20703125     0.99932238458800004555
12.30468750     0.99969881869599996893
12.40234375     0.99992470183899995195
12.50000000     1.00000000000000000000
12.59765625     0.99992470183899995195
12.69531250     0.99969881869599996893
12.79296875     0.99932238458800004555
12.89062500     0.99879545620499998737
12.98828125     0.99811811289999996522
13.08593750     0.99729045667899995919
13.18359375     0.99631261218300004590
13.28125000     0.99518472667199997517
13.37890625     0.99390697000200001199
13.47656250     0.99247953459899995732
13.57421875     0.99090263542799994489
13.67187500     0.98917650996499995042
13.76953125     0.98730141815799998817
13.86718750     0.98527764238899995242
13.96484375     0.98310548743100001357
14.06250000     0.98078528040299994828
14.16015625     0.97831737072000002353
14.25781250     0.97570213003899997073
14.35546875     0.97293995220600004714
14.45312500     0.97003125319500005386
14.55078125     0.96697647104499995230
14.64843750     0.96377606579499996986
14.74609375     0.96043051941599999477
14.84375000     0.95694033573199999143
14.94140625     0.95330604035400001717
15.03906250     0.94952818059300003739
15.13671875     0.94560732538100000788
15.23437500     0.94154406518300004514
15.33203125     0.93733901191299995315
15.42968750     0.93299279883499997013
15.52734375     0.92850608047299998393
15.62500000     0.92387953251099996788
15.72265625     0.91911385169000003881
15.82031250     0.91420975570399998222
15.91796875     0.90916798309099999820
16.01562500     0.90398929312300002614
16.11328125     0.89867446569400000200
16.21093750     0.89322430119600004783
16.30859375     0.88763962040300004031
16.40625000     0.88192126434800000023
16.50390625     0.87607009419500003755
16.60156250     0.87008699110900000750
16.69921875     0.86397285612200003246
16.79687500     0.85772861000000000242
16.89453125     0.85135519310499996326
16.99218750     0.84485356524999999372
17.08984375     0.83822470555499994926
17.18750000     0.83146961230299998302
17.28515625     0.82458930278499997790
17.38281250     0.81758481315200004502
17.48046875     0.81045719825299999961
17.57812500     0.80320753148099999219
17.67578125     0.79583690460900002872
17.77343750     0.78834642762700002372
17.87109375     0.78073722857200000824
17.96875000     0.77301045336300000521
18.06640625     0.76516726562199999240
18.16406250     0.75720884650599995513
18.26171875     0.74913639452299995991
18.35937500     0.74095112535499996209
18.45703125     0.73265427167200003478
18.55468750     0.72424708295100004296
18.65234375     0.71573082528400000513
18.75000000     0.70710678118699998862
18.84765625     0.69837624940900000503
18.94531250     0.68954054473699999406
19.04296875     0.68060099779500005113
19.14062500     0.67155895484700001141
19.23828125     0.66241577759000003223
19.33593750     0.65317284295400002136
19.43359375     0.64383154288999999704
19.53125000     0.63439328416399998201
19.62890625     0.62485948814199998580
19.72656250     0.61523159058099996521
19.82421875     0.60551104140400002773
19.92187500     0.59569930449200003686
20.01953125     0.58579785745599999291
20.11718750     0.57580819141799999272
20.21484375     0.56573181078400003319
20.31250000     0.55557023301999997056
20.41015625     0.54532498842199994549
20.50781250     0.53499761988700000881
20.60546875     0.52458968267799999108
20.70312500     0.51410274419299994975
20.80078125     0.50353838372600001616
20.89843750     0.49289819222999997628
20.99609375     0.48218377207899998371
21.09375000     0.47139673682599997351
21.19140625     0.46053871095799997493
21.28906250     0.44961132965500000269
21.38671875     0.43861623853900000292
21.48437500     0.42755509342999997724
21.58203125     0.41642956009799997341
21.67968750     0.40524131400500001954
21.77734375     0.39399204006100002617
21.87500000     0.38268343236500002025
21.97265625     0.37131719395200002420
22.07031250     0.35989503653499999025
22.16796875     0.34841868024900002343
22.26562500     0.33688985339200000491
22.36328125     0.32531029216200002541
22.46093750     0.31368174039899998640
22.55859375     0.30200594931899998885
22.65625000     0.29028467725399997867
22.75390625     0.27851968938499999107
22.85156250     0.26671275747500000630
22.94921875     0.25486565960500001671
23.04687500     0.24298017990299999869
23.14453125     0.23105810828100001308
23.24218750     0.21910124015699999900
23.33984375     0.20711137619200001292
23.43750000     0.19509032201599998957
23.53515625     0.18303988795500000797
23.63281250     0.17096188876000001367
23.73046875     0.15885814333400000153
23.82812500     0.14673047445500000951
23.92578125     0.13458070850699999088
24.02343750     0.12241067519899999361
24.12109375     0.11022220729399999362
24.21875000     0.09801714032960000267
24.31640625     0.08579731234439999521
24.41406250     0.07356456359969999748
24.51171875     0.06132073630220000182
24.60937500     0.04906767432740000157
24.70703125     0.03680722294140000017
24.80468750     0.02454122852289999934
24.90234375     0.01227153829459999915
25.00000000     0.00151234095119000007
25.09765625     -0.00004629003530940000
25.19531250     0.00004262737816510000
25.29296875     0.00000278991304330000
25.39062500     -0.00000798448499888000
25.48828125     -0.00000996010456745000
25.58593750     -0.00001349409666290000
25.68359375     -0.00001669989058990000
25.78125000     -0.00001981029682730000
25.87890625     -0.00002314023429630000
25.97656250     -0.00002672317380460000
26.07421875     -0.00003056360096060000
26.17187500     -0.00003467096496290000
26.26953125     -0.00003904790765170000
26.36718750     -0.00004369220395960000
26.46484375     -0.00004859895812880000
26.56250000     -0.00005375941298320000
26.66015625     -0.00005915874727520000
26.75781250     -0.00006477386415940000
26.85546875     -0.00007057137265540000
26.95312500     -0.00007650645978310000
27.05078125     -0.00008252366190430000
27.14843750     -0.00008855974375770000
27.24609375     -0.00009454736900760000
27.34375000     -0.00010041753818800000
27.44140625     -0.00010610011817399999
27.53906250     -0.00011152441835800000
27.63671875     -0.00011662295809200001
27.73437500     -0.00012133908331700000
27.83203125     -0.00012563399408600001
27.92968750     -0.00012948557599700000
28.02734375     -0.00013287477400600000
28.12500000     -0.00013576497459200001
28.22265625     -0.00013808848967500001
28.32031250     -0.00013975095104900001
28.41796875     -0.00014065204409600000
28.51562500     -0.00014072742841700001
28.61328125     -0.00014002926239600001
28.71093750     -0.00013874865605099999
28.80859375     -0.00013701472532400000
28.90625000     -0.00013475987883200001
29.00390625     -0.00013181413361600000
29.10156250     -0.00012799662452999999
29.19921875     -0.00012315807950500000
29.29687500     -0.00011724409294800000
29.39453125     -0.00011031403202700000
29.49218750     -0.00010255497081400000
29.58984375     -0.00009430439376110000
29.68750000     -0.00008596719853780000
29.78515625     -0.00007775515088530000
29.88281250     -0.00006942653228470000
29.98046875     -0.00006038274986290000
30.07812500     -0.00004996563172300000
30.17578125     -0.00003769411454120000
30.27343750     -0.00002339673278890000
30.37109375     -0.00000730593336340000
30.46875000     0.00000987233860594000
30.56640625     0.00002699561718540000
30.66406250     0.00004270841704820000
30.76171875     0.00005583902513330000
30.85937500     0.00006589081212720000
30.95703125     0.00007339232728720000
31.05468750     0.00007970896874799999
31.15234375     0.00008653369913299999
31.25000000     0.00009546966169380000
31.34765625     0.00010768175166300001
31.44531250     0.00012358785963499999
31.54296875     0.00014275700640300001
31.64062500     0.00016411185837200001
31.73828125     0.00018616933390100000
31.83593750     0.00020693730896800000
31.93359375     0.00022407325117400001
32.03125000     0.00023554820700599999
32.12890625     0.00024009538785300000
32.22656250     0.00023731746554700000
32.32421875     0.00022780572098100000
32.42187500     0.00021317855109499999
32.51953125     0.00019553312052499999
32.61718750     0.00017695618092700000
32.71484375     0.00015930157462400001
32.81250000     0.00014400040694300000
32.91015625     0.00013194583823700001
33.00781250     0.00012365701751399999
33.10546875     0.00011948591997800000
33.20312500     0.00011955489393200000
33.30078125     0.00012320552908700000
33.39843750     0.00012887846390499999
33.49609375     0.00013471770057000001
33.59375000     0.00013899623762700001
33.69140625     0.00014020390953700001
33.78906250     0.00013708670352400001
33.88671875     0.00012873128402900001
33.98437500     0.00011464735176500000
34.08203125     0.00009480674566679999
34.17968750     0.00006961789177700000
34.27734375     0.00003982993624090000
34.37500000     0.00000638602968417000
34.47265625     -0.00002970993075960000
34.57031250     -0.00006745217648680000
34.66796875     -0.00010578692483800000
34.76562500     -0.00014349634634700000
34.86328125     -0.00017921002375499999
34.96093750     -0.00021152503567100001
35.05859375     -0.00023917969598200001
35.15625000     -0.00026121744764400000
35.25390625     -0.00027704190067899998
35.35156250     -0.00028635794099900002
35.44921875     -0.00028908597201100002
35.54687500     -0.00028531189046700000
35.64453125     -0.00027523428942300001
35.74218750     -0.00025913983395700000
35.83984375     -0.00023742380069199999
35.93750000     -0.00021064557382000001
36.03515625     -0.00017961071617600001
36.13281250     -0.00014538032043100001
36.23046875     -0.00010908432959400000
36.32812500     -0.00007159801515830000
36.42578125     -0.00003346513867410000
36.52343750     0.00000453006525158000
36.62109375     0.00004057725168260000
36.71875000     0.00007198905875270000
36.81640625     0.00009751441729500000
36.91406250     0.00012167750374600000
37.01171875     0.00015657683955700000
37.10937500     0.00020878576882800000
37.20703125     0.00024675376355200000
37.30468750     0.00023040388603299999
37.40234375     0.00017488105140600000
37.50000000     0.00014436787261299999
37.59765625     0.00017488105140600000
37.69531250     0.00023040388603200000
37.79296875     0.00024675376355200000
37.89062500     0.00020878576882800000
37.98828125     0.00015657683955700000
38.08593750     0.00012167750374700000
38.18359375     0.00009751441729540001
38.28125000     0.00007198905875310001
38.37890625     0.00004057725168280000
38.47656250     0.00000453006525192000
38.57421875     -0.00003346513867390000
38.67187500     -0.00007159801515810000
38.76953125     -0.00010908432959300000
38.86718750     -0.00014538032043100001
38.96484375     -0.00017961071617500000
39.06250000     -0.00021064557381899999
39.16015625     -0.00023742380069100000
39.25781250     -0.00025913983395599999
39.35546875     -0.00027523428942200000
39.45312500     -0.00028531189046800002
39.55078125     -0.00028908597201100002
39.64843750     -0.00028635794099999998
39.74609375     -0.00027704190067999999
39.84375000     -0.00026121744764500001
39.94140625     -0.00023917969598200001
40.03906250     -0.00021152503567100001
40.13671875     -0.00017921002375499999
40.23437500     -0.00014349634634700000
40.33203125     -0.00010578692483700000
40.42968750     -0.00006745217648580000
40.52734375     -0.00002970993075850000
40.62500000     0.00000638602968628000
40.72265625     0.00003982993624320000
40.82031250     0.00006961789177900000
40.91796875     0.00009480674566840001
41.01562500     0.00011464735176600000
41.11328125     0.00012873128403200000
41.21093750     0.00013708670352700000
41.30859375     0.00014020390954000000
41.40625000     0.00013899623763000000
41.50390625     0.00013471770057299999
41.60156250     0.00012887846390800001
41.69921875     0.00012320552909000001
41.79687500     0.00011955489393500000
41.89453125     0.00011948591998200000
41.99218750     0.00012365701751799999
42.08984375     0.00013194583824100001
42.18750000     0.00014400040694600001
42.28515625     0.00015930157462600001
42.38281250     0.00017695618092900000
42.48046875     0.00019553312052699999
42.57812500     0.00021317855109700000
42.67578125     0.00022780572098300001
42.77343750     0.00023731746554999999
42.87109375     0.00024009538785599999
42.96875000     0.00023554820700900000
43.06640625     0.00022407325117700000
43.16406250     0.00020693730897200000
43.26171875     0.00018616933390500000
43.35937500     0.00016411185837599999
43.45703125     0.00014275700640699999
43.55468750     0.00012358785963800001
43.65234375     0.00010768175166600001
43.75000000     0.00009546966169670000
43.84765625     0.00008653369913560001
43.94531250     0.00007970896875129999
44.04296875     0.00007339232729040000
44.14062500     0.00006589081213120000
44.23828125     0.00005583902513680000
44.33593750     0.00004270841705270000
44.43359375     0.00002699561719000000
44.53125000     0.00000987233861127000
44.62890625     -0.00000730593335896000
44.72656250     -0.00002339673278470000
44.82421875     -0.00003769411453710000
44.92187500     -0.00004996563171930000
45.01953125     -0.00006038274985850000
45.11718750     -0.00006942653228090000
45.21484375     -0.00007775515088119999
45.31250000     -0.00008596719853400000
45.41015625     -0.00009430439375700000
45.50781250     -0.00010255497081100000
45.60546875     -0.00011031403202400000
45.70312500     -0.00011724409294399999
45.80078125     -0.00012315807950100000
45.89843750     -0.00012799662452599999
45.99609375     -0.00013181413361300001
46.09375000     -0.00013475987882800001
46.19140625     -0.00013701472532100001
46.28906250     -0.00013874865604699999
46.38671875     -0.00014002926239200001
46.48437500     -0.00014072742841300000
46.58203125     -0.00014065204409200000
46.67968750     -0.00013975095104599999
46.77734375     -0.00013808848967100001
46.87500000     -0.00013576497458899999
46.97265625     -0.00013287477400200000
47.07031250     -0.00012948557599400001
47.16796875     -0.00012563399408200001
47.26562500     -0.00012133908331300000
47.36328125     -0.00011662295808800000
47.46093750     -0.00011152441835400000
47.55859375     -0.00010610011816999999
47.65625000     -0.00010041753818499999
47.75390625     -0.00009454736900370001
47.85156250     -0.00008855974375380001
47.94921875     -0.00008252366190090000
48.04687500     -0.00007650645977920000
48.14453125     -0.00007057137265200000
48.24218750     -0.00006477386415530000
48.33984375     -0.00005915874727170000
48.43750000     -0.00005375941297920000
48.53515625     -0.00004859895812520000
48.63281250     -0.00004369220395560000
48.73046875     -0.00003904790764740000
48.82812500     -0.00003467096495910000
48.92578125     -0.00003056360095640000
49.02343750     -0.00002672317380060000
49.12109375     -0.00002314023429160000
49.21875000     -0.00001981029682290000
49.31640625     -0.00001669989058470000
49.41406250     -0.00001349409665780000
49.51171875     -0.00000996010456177000
49.60937500     -0.00000798448499367000
49.70703125     0.00000278991304853000
49.80468750     0.00004262737816990000
49.90234375     -0.00004629003530550000
50.00000000     0.00151234095119000007
50.09765625     0.01227153829459999915
50.19531250     0.02454122852289999934
50.29296875     0.03680722294140000017
50.39062500     0.04906767432740000157
50.48828125     0.06132073630220000182
50.58593750     0.07356456359969999748
50.68359375     0.08579731234439999521
50.78125000     0.09801714032960000267
50.87890625     0.11022220729399999362
50.97656250     0.12241067519899999361
51.07421875     0.13458070850699999088
51.17187500     0.14673047445500000951
51.26953125     0.15885814333400000153
51.36718750     0.17096188876000001367
51.46484375     0.18303988795500000797
51.56250000     0.19509032201599998957
51.66015625     0.20711137619200001292
51.75781250     0.21910124015699999900
51.85546875     0.23105810828100001308
51.95312500     0.24298017990299999869
52.05078125     0.25486565960500001671
52.14843750     0.26671275747500000630
52.24609375     0.27851968938499999107
52.34375000     0.29028467725399997867
52.44140625     0.30200594931899998885
52.53906250     0.31368174039899998640
52.63671875     0.32531029216200002541
52.73437500     0.33688985339200000491
52.83203125     0.34841868024900002343
52.92968750     0.35989503653499999025
53.02734375     0.37131719395200002420
53.12500000     0.38268343236500002025
53.22265625     0.39399204006100002617
53.32031250     0.40524131400500001954
53.41796875     0.41642956009799997341
53.51562500     0.42755509342999997724
53.61328125     0.43861623853900000292
53.71093750     0.44961132965500000269
53.80859375     0.46053871095799997493
53.90625000     0.47139673682599997351
54.00390625     0.48218377207899998371
54.10156250     0.49289819222999997628
54.19921875     0.50353838372600001616
54.29687500     0.51410274419299994975
54.39453125     0.52458968267799999108
54.49218750     0.53499761988700000881
54.58984375     0.54532498842199994549
54.68750000     0.55557023301999997056
54.78515625     0.56573181078400003319
54.88281250     0.57580819141799999272
54.98046875     0.58579785745599999291
55.07812500     0.59569930449200003686
55.17578125     0.60551104140400002773
55.27343750     0.61523159058099996521
55.37109375     0.62485948814199998580
55.46875000     0.63439328416399998201
55.56640625     0.64383154288999999704
55.66406250     0.65317284295400002136
55.76171875     0.66241577759000003223
55.85937500     0.67155895484700001141
55.95703125     0.68060099779500005113
56.05468750     0.68954054473699999406
56.15234375     0.69837624940900000503
56.25000000     0.70710678118699998862
56.34765625     0.71573082528400000513
56.44531250     0.72424708295100004296
56.54296875     0.73265427167200003478
56.64062500     0.74095112535499996209
56.73828125     0.74913639452299995991
56.83593750     0.75720884650599995513
56.93359375     0.76516726562199999240
57.03125000     0.77301045336300000521
57.12890625     0.78073722857200000824
57.22656250     0.78834642762700002372
57.32421875     0.79583690460900002872
57.42187500     0.80320753148099999219
57.51953125     0.81045719825299999961
57.61718750     0.81758481315200004502
57.71484375     0.82458930278499997790
57.81250000     0.83146961230299998302
57.91015625     0.83822470555499994926
58.00781250     0.84485356524999999372
58.10546875     0.85135519310499996326
58.20312500     0.85772861000000000242
58.30078125     0.86397285612200003246
58.39843750     0.87008699110900000750
58.49609375     0.87607009419500003755
58.59375000     0.88192126434800000023
58.69140625     0.88763962040300004031
58.78906250     0.89322430119600004783
58.88671875     0.89867446569400000200
58.98437500     0.90398929312300002614
59.08203125     0.90916798309099999820
59.17968750     0.91420975570399998222
59.27734375     0.91911385169000003881
59.37500000     0.92387953251099996788
59.47265625     0.92850608047299998393
59.57031250     0.93299279883499997013
59.66796875     0.93733901191299995315
59.76562500     0.94154406518300004514
59.86328125     0.94560732538100000788
59.96093750     0.94952818059300003739
60.05859375     0.95330604035400001717
60.15625000     0.95694033573199999143
60.25390625     0.96043051941599999477
60.35156250     0.96377606579499996986
60.44921875     0.96697647104499995230
60.54687500     0.97003125319500005386
60.64453125     0.97293995220600004714
60.74218750     0.97570213003899997073
60.83984375     0.97831737072000002353
60.93750000     0.98078528040299994828
61.03515625     0.98310548743100001357
61.13281250     0.98527764238899995242
61.23046875     0.98730141815799998817
61.32812500     0.98917650996499995042
61.42578125     0.99090263542799994489
61.52343750     0.99247953459899995732
61.62109375     0.99390697000200001199
61.71875000     0.99518472667199997517
61.81640625     0.99631261218300004590
61.91406250     0.99729045667899995919
62.01171875     0.99811811289999996522
62.10937500     0.99879545620499998737
62.20703125     0.99932238458800004555
62.30468750     0.99969881869599996893
62.40234375     0.99992470183899995195
62.50000000     1.00000000000000000000
62.59765625     0.99992470183899995195
62.69531250     0.99969881869599996893
62.79296875     0.99932238458800004555
62.89062500     0.99879545620499998737
62.98828125     0.99811811289999996522
63.08593750     0.99729045667899995919
63.18359375     0.99631261218300004590
63.28125000     0.99518472667199997517
63.37890625     0.99390697000200001199
63.47656250     0.99247953459899995732
63.57421875     0.99090263542799994489
63.67187500     0.98917650996499995042
63.76953125     0.98730141815799998817
63.86718750     0.98527764238899995242
63.96484375     0.98310548743100001357
64.06250000     0.98078528040299994828
64.16015625     0.97831737072000002353
64.25781250     0.97570213003899997073
64.35546875     0.97293995220600004714
64.45312500     0.97003125319500005386
64.55078125     0.96697647104499995230
64.64843750     0.96377606579499996986
64.74609375     0.96043051941599999477
64.84375000     0.95694033573199999143
64.94140625     0.95330604035400001717
65.03906250     0.94952818059300003739
65.13671875     0.94560732538100000788
65.23437500     0.94154406518300004514
65.33203125     0.93733901191299995315
65.42968750     0.93299279883499997013
65.52734375     0.92850608047299998393
65.62500000     0.92387953251099996788
65.72265625     0.91911385169000003881
65.82031250     0.91420975570399998222
65.91796875     0.90916798309099999820
66.01562500     0.90398929312300002614
66.11328125     0.89867446569400000200
66.21093750     0.89322430119600004783
66.30859375     0.88763962040300004031
66.40625000     0.88192126434800000023
66.50390625     0.87607009419500003755
66.60156250     0.87008699110900000750
66.69921875     0.86397285612200003246
66.79687500     0.85772861000000000242
66.89453125     0.85135519310499996326
66.99218750     0.84485356524999999372
67.08984375     0.83822470555499994926
67.18750000     0.83146961230299998302
67.28515625     0.82458930278499997790
67.38281250     0.81758481315200004502
67.48046875     0.81045719825299999961
67.57812500     0.80320753148099999219
67.67578125     0.79583690460900002872
67.77343750     0.78834642762700002372
67.87109375     0.78073722857200000824
67.96875000     0.77301045336300000521
68.06640625     0.76516726562199999240
68.16406250     0.75720884650599995513
68.26171875     0.74913639452299995991
68.35937500     0.74095112535499996209
68.45703125     0.73265427167200003478
68.55468750     0.72424708295100004296
68.65234375     0.71573082528400000513
68.75000000     0.70710678118699998862
68.84765625     0.69837624940900000503
68.94531250     0.68954054473699999406
69.04296875     0.68060099779500005113
69.14062500     0.67155895484700001141
69.23828125     0.66241577759000003223
69.33593750     0.65317284295400002136
69.43359375     0.64383154288999999704
69.53125000     0.63439328416399998201
69.62890625     0.62485948814199998580
69.72656250     0.61523159058099996521
69.82421875     0.60551104140400002773
69.92187500     0.59569930449200003686
70.01953125     0.58579785745599999291
70.11718750     0.57580819141799999272
70.21484375     0.56573181078400003319
70.31250000     0.55557023301999997056
70.41015625     0.54532498842199994549
70.50781250     0.53499761988700000881
70.60546875     0.52458968267799999108
70.70312500     0.51410274419299994975
70.80078125     0.50353838372600001616
70.89843750     0.49289819222999997628
70.99609375     0.48218377207899998371
71.09375000     0.47139673682599997351
71.19140625     0.46053871095799997493
71.28906250     0.44961132965500000269
71.38671875     0.43861623853900000292
71.48437500     0.42755509342999997724
71.58203125     0.41642956009799997341
71.67968750     0.40524131400500001954
71.77734375     0.39399204006100002617
71.87500000     0.38268343236500002025
71.97265625     0.37131719395200002420
72.07031250     0.35989503653499999025
72.16796875     0.34841868024900002343
72.26562500     0.33688985339200000491
72.36328125     0.32531029216200002541
72.46093750     0.31368174039899998640
72.55859375     0.30200594931899998885
72.65625000     0.29028467725399997867
72.75390625     0.27851968938499999107
72.85156250     0.26671275747500000630
72.94921875     0.25486565960500001671
73.04687500     0.24298017990299999869
73.14453125     0.23105810828100001308
73.24218750     0.21910124015699999900
73.33984375     0.20711137619200001292
73.43750000     0.19509032201599998957
73.53515625     0.18303988795500000797
73.63281250     0.17096188876000001367
73.73046875     0.15885814333400000153
73.82812500     0.14673047445500000951
73.92578125     0.13458070850699999088
74.02343750     0.12241067519899999361
74.12109375     0.11022220729399999362
74.21875000     0.09801714032960000267
74.31640625     0.08579731234439999521
74.41406250     0.07356456359969999748
74.51171875     0.06132073630220000182
74.60937500     0.04906767432740000157
74.70703125     0.03680722294140000017
74.80468750     0.02454122852289999934
74.90234375     0.01227153828779999935
75.00000000     0.00144865537606000006
75.09765625     -0.00013526764879800000
75.19531250     -0.00003154090056850000
75.29296875     -0.00006443958023320000
75.39062500     -0.00007549898366590000
75.48828125     -0.00008101795387080000
75.58593750     -0.00008855540579979999
75.68359375     -0.00009594333733360000
75.78125000     -0.00010318358858300000
75.87890625     -0.00011035918357600000
75.97656250     -0.00011709737510699999
76.07421875     -0.00012345554727800001
76.17187500     -0.00012975316085199999
76.26953125     -0.00013605323800900001
76.36718750     -0.00014232922483500000
76.46484375     -0.00014849456899399999
76.56250000     -0.00015440653430900001
76.66015625     -0.00016020833133799999
76.75781250     -0.00016614006972199999
76.85546875     -0.00017218356750900001
76.95312500     -0.00017814524735999999
77.05078125     -0.00018388044830400000
77.14843750     -0.00018934318031300001
77.24609375     -0.00019450978214299999
77.34375000     -0.00019933474086399999
77.44140625     -0.00020375555620499999
77.53906250     -0.00020770542086999999
77.63671875     -0.00021112320428400000
77.73437500     -0.00021396447126500001
77.83203125     -0.00021621022980200001
77.92968750     -0.00021786509021400001
78.02734375     -0.00021894164988700001
78.12500000     -0.00021943904472300000
78.22265625     -0.00021933078390600001
78.32031250     -0.00021857198969599999
78.41796875     -0.00021712492509100000
78.51562500     -0.00021500307827900000
78.61328125     -0.00021233280337299999
78.71093750     -0.00020935564027500000
78.80859375     -0.00020625428299200001
78.90625000     -0.00020299497435099999
79.00390625     -0.00019940121247799999
79.10156250     -0.00019525470684800001
79.19921875     -0.00019038817721899999
79.29687500     -0.00018479622986800000
79.39453125     -0.00017863040165899999
79.49218750     -0.00017211715221099999
79.58984375     -0.00016553919990700000
79.68750000     -0.00015921175329399999
79.78515625     -0.00015329318445199999
79.88281250     -0.00014753352128600000
79.98046875     -0.00014128251543400001
80.07812500     -0.00013381043593700001
80.17578125     -0.00012461657146200001
80.27343750     -0.00011358402323900000
80.37109375     -0.00010100692128800001
80.46875000     -0.00008753439363110000
80.56640625     -0.00007411262947470000
80.66406250     -0.00006190132430010000
80.76171875     -0.00005204572908890000
80.85937500     -0.00004516948026170000
80.95703125     -0.00004087781102980000
81.05468750     -0.00003778619910540000
81.15234375     -0.00003412191149730000
81.25000000     -0.00002826380862190000
81.34765625     -0.00001911109996020000
81.44531250     -0.00000635217747980000
81.54296875     0.00000959362097330000
81.64062500     0.00002779188411030000
81.73828125     0.00004685086089880000
81.83593750     0.00006472492247730000
81.93359375     0.00007910834185510000
82.03125000     0.00008808110475279999
82.12890625     0.00009047357701930000
82.22656250     0.00008596346036230000
82.32421875     0.00007510423878229999
82.42187500     0.00005945859259150000
82.51953125     0.00004116810178980000
82.61718750     0.00002234617031080000
82.71484375     0.00000483067438140000
82.81250000     -0.00000991726419175000
82.91015625     -0.00002087654638900000
83.00781250     -0.00002738307887720000
83.10546875     -0.00002903872766150000
83.20312500     -0.00002581481485580000
83.30078125     -0.00001850833797990000
83.39843750     -0.00000872937042562000
83.49609375     0.00000169161929031000
83.59375000     0.00001104824568990000
83.69140625     0.00001782552164500000
83.78906250     0.00002075347638420000
83.88671875     0.00001889441046270000
83.98437500     0.00001171441588530000
84.08203125     -0.00000088595644232000
84.17968750     -0.00001859163398040000
84.27734375     -0.00004076731903120000
84.37500000     -0.00006658664935880000
84.47265625     -0.00009513861502250001
84.57031250     -0.00012539348262799999
84.66796875     -0.00015619711254900000
84.76562500     -0.00018635860505000000
84.86328125     -0.00021467954768700001
84.96093750     -0.00023999864459699999
85.05859375     -0.00026128892329100001
85.15625000     -0.00027776027940799999
85.25390625     -0.00028891141875800000
85.35156250     -0.00029451860410899998
85.44921875     -0.00029457378418899999
85.54687500     -0.00028922552130099998
85.64453125     -0.00027878200058500003
85.74218750     -0.00026367358310800000
85.83984375     -0.00024436362923999999
85.93750000     -0.00022134227580600000
86.03515625     -0.00019518950417500000
86.13281250     -0.00016666726990200001
86.23046875     -0.00013676450019100000
86.32812500     -0.00010659091297300000
86.42578125     -0.00007707409406420001
86.52343750     -0.00004862747825090000
86.62109375     -0.00002119604867560000
86.71875000     0.00000566790284229000
86.81640625     0.00003371137593840000
86.91406250     0.00006776219012769999
87.01171875     0.00011366083086500000
87.10937500     0.00016395493968100001
87.20703125     0.00016641557473000000
87.30468750     0.00009246946801430000
87.40234375     -0.00001688789077350000
87.50000000     -0.00008841207776780001
