0.00000398     0.000000000000915
0.00040477     0.000000003563230
0.00080557     0.000000028087571
0.00120636     0.000000094327690
0.00160715     0.000000223037593
0.00200795     0.000000434970429
0.00240874     0.000000750877738
0.00280953     0.000001191509653
0.00321033     0.000001777614110
0.00361112     0.000002529936752
0.00401192     0.000003469220558
0.00441271     0.000004616205509
0.00481350     0.000005991628208
0.00521430     0.000007616221595
0.00561509     0.000009510714567
0.00601588     0.000011695831694
0.00641668     0.000014192292846
0.00681747     0.000017020812891
0.00721826     0.000020202101319
0.00761906     0.000023756861952
0.00801985     0.000027705792578
0.00842065     0.000032069584643
0.00882144     0.000036868922876
0.00922223     0.000042124485020
0.00962303     0.000047856941439
0.01002382     0.000054086954795
0.01042461     0.000060835179752
0.01082541     0.000068122262585
0.01122620     0.000075968840918
0.01162699     0.000084395543310
0.01202779     0.000093422988984
0.01242858     0.000103071787457
0.01282938     0.000113362538242
0.01323017     0.000124315830470
0.01363096     0.000135952242600
0.01403176     0.000148292342059
0.01443255     0.000161356684924
0.01483334     0.000175165815574
0.01523414     0.000189740266374
0.01563493     0.000205100557336
0.01603572     0.000221267195787
0.01643652     0.000238260676029
0.01683731     0.000256101479025
0.01723810     0.000274810072043
0.01763890     0.000294406908361
0.01803969     0.000314912426890
0.01844049     0.000336347051871
0.01884128     0.000358731192549
0.01924207     0.000382085242820
0.01964287     0.000406429580914
0.02004366     0.000431784569062
0.02044445     0.000458170553168
0.02084525     0.000485607862468
0.02124604     0.000514116809213
0.02164683     0.000543717688330
0.02204763     0.000574430777105
0.02244842     0.000606276334832
0.02284922     0.000639274602499
0.02325001     0.000673445802460
0.02365080     0.000708810138089
0.02405160     0.000745387793480
0.02445239     0.000783198933087
0.02485318     0.000822263701416
0.02525398     0.000862602222691
0.02565477     0.000904234600526
0.02605556     0.000947180917595
0.02645636     0.000991461235306
0.02685715     0.001037095593474
0.02725795     0.001084104009993
0.02765874     0.001132506480519
0.02805953     0.001182322978121
0.02846033     0.001233573452968
0.02886112     0.001286277832018
0.02926191     0.001340456018664
0.02966271     0.001396127892419
0.03006350     0.001453313308601
0.03046429     0.001512032097998
0.03086509     0.001572304066539
0.03126588     0.001634148994980
0.03166668     0.001697586638576
0.03206747     0.001762636726749
0.03246826     0.001829318962777
0.03286906     0.001897653023469
0.03326985     0.001967658558822
0.03367064     0.002039355191730
0.03407144     0.002112762517638
0.03447223     0.002187900104226
0.03487302     0.002264787491090
0.03527382     0.002343444189416
0.03567461     0.002423889681662
0.03607541     0.002506143421243
0.03647620     0.002590224832194
0.03687699     0.002676153308861
0.03727779     0.002763948215584
0.03767858     0.002853628886365
0.03807937     0.002945214624567
0.03848017     0.003038724702575
0.03888096     0.003134178361491
0.03928175     0.003231594810812
0.03968255     0.003330993228111
0.04008334     0.003432392758722
0.04048414     0.003535812515420
0.04088493     0.003641271578103
0.04128572     0.003748788993487
0.04168652     0.003858383774775
0.04208731     0.003970074901345
0.04248810     0.004083881318447
0.04288890     0.004199821936872
0.04328969     0.004317915632647
0.04369048     0.004438181246721
0.04409128     0.004560637584647
0.04449207     0.004685303416273
0.04489287     0.004812197475426
0.04529366     0.004941338459604
0.04569445     0.005072745029659
0.04609525     0.005206435809492
0.04649604     0.005342429385737
0.04689683     0.005480744307451
0.04729763     0.005621399085807
0.04769842     0.005764412193784
0.04809921     0.005909802065850
0.04850001     0.006057587097671
0.04890080     0.006207785645784
0.04930160     0.006360416027298
0.04970239     0.006515496519591
0.05010318     0.006673045359993
0.05050398     0.006833080745489
0.05090477     0.006995620832409
0.05130556     0.007160683736124
0.05170636     0.007328287530739
0.05210715     0.007498450248793
0.05250794     0.007671189880954
0.05290874     0.007846524375712
0.05330953     0.008024471639082
0.05371033     0.008205049534300
0.05411112     0.008388275881516
0.05451191     0.008574168457506
0.05491271     0.008762744995356
0.05531350     0.008954023184176
0.05571429     0.009148020668790
0.05611509     0.009344755049441
0.05651588     0.009544243881497
0.05691667     0.009746504675151
0.05731747     0.009951554895113
0.05771826     0.010159411960336
0.05811906     0.010370093243699
0.05851985     0.010583616071722
0.05892064     0.010799997724268
0.05932144     0.011019255434255
0.05972223     0.011241406387350
0.06012302     0.011466467721690
0.06052382     0.011694456527579
0.06092461     0.011925389847204
0.06132540     0.012159284674336
0.06172620     0.012396157954050
0.06212699     0.012636026582423
0.06252779     0.012878907406256
0.06292858     0.013124817222775
0.06332937     0.013373772779353
0.06373017     0.013625790773215
0.06413096     0.013880887851155
0.06453175     0.014139080609251
0.06493255     0.014400385592577
0.06533334     0.014664819294917
0.06573413     0.014932398158485
0.06613493     0.015203138573641
0.06653572     0.015477056878604
0.06693652     0.015754169359178
0.06733731     0.016034492248460
0.06773810     0.016318041726567
0.06813890     0.016604833920356
0.06853969     0.016894884903142
0.06894048     0.017188210694418
0.06934128     0.017484827259580
0.06974207     0.017784750509651
0.07014286     0.018087996301001
0.07054366     0.018394580435073
0.07094445     0.018704518658106
0.07134524     0.019017826660866
0.07174604     0.019334520078364
0.07214683     0.019654614489590
0.07254763     0.019978125417241
0.07294842     0.020305068327440
0.07334921     0.020635458629480
0.07375001     0.020969311675540
0.07415080     0.021306642760427
0.07455159     0.021647467121298
0.07495239     0.021991799937398
0.07535318     0.022339656329792
0.07575397     0.022691051361099
0.07615477     0.023046000035223
0.07655556     0.023404517297092
0.07695636     0.023766618032394
0.07735715     0.024132317067312
0.07775794     0.024501629168259
0.07815874     0.024874569041623
0.07855953     0.025251151333500
0.07896032     0.025631390629436
0.07936112     0.026015301454169
0.07976191     0.026402898271365
0.08016270     0.026794195483368
0.08056350     0.027189207430934
0.08096429     0.027587948392985
0.08136509     0.027990432586343
0.08176588     0.028396674165482
0.08216667     0.028806687222269
0.08256747     0.029220485785717
0.08296826     0.029638083821727
0.08336905     0.030059495232839
0.08376985     0.030484733857980
0.08417064     0.030913813472215
0.08457143     0.031346747786496
0.08497223     0.031783550447413
0.08537302     0.032224235036952
0.08577382     0.032668815072241
0.08617461     0.033117304005307
0.08657540     0.033569715222829
0.08697620     0.034026062045896
0.08737699     0.034486357729761
0.08777778     0.034950615463602
0.08817858     0.035418848370271
0.08857937     0.035891069506061
0.08898016     0.036367291860465
0.08938096     0.036847528355931
0.08978175     0.037331791847625
0.09018255     0.037820095123197
0.09058334     0.038312450902536
0.09098413     0.038808871837541
0.09138493     0.039309370511878
0.09178572     0.039813959440752
0.09218651     0.040322651070668
0.09258731     0.040835457779198
0.09298810     0.041352391874748
0.09338889     0.041873465596330
0.09378969     0.042398691113325
0.09419048     0.042928080525259
0.09459128     0.043461645861565
0.09499207     0.043999399081364
0.09539286     0.044541352073230
0.09579366     0.045087516654964
0.09619445     0.045637904573370
0.09659524     0.046192527504027
0.09699604     0.046751397051064
0.09739683     0.047314524746938
0.09779762     0.047881922052209
0.09819842     0.048453600355316
0.09859921     0.049029570972357
0.09900001     0.049609845146869
0.09940080     0.050194434049605
0.09980159     0.050783348778314
0.10020239     0.051376600357525
0.10060318     0.051974199738329
0.10100397     0.052576157798154
0.10140477     0.053182485340561
0.10180556     0.053793193095017
0.10220635     0.054408291716683
0.10260715     0.055027791786205
0.10300794     0.055651703809492
0.10340874     0.056280038217506
0.10380953     0.056912805366052
0.10421032     0.057550015535564
0.10461112     0.058191678930894
0.10501191     0.058837805681100
0.10541270     0.059488405839242
0.10581350     0.060143489382166
0.10621429     0.060803066210301
0.10661508     0.061467146147450
0.10701588     0.062135738940581
0.10741667     0.062808854259622
0.10781747     0.063486501697258
0.10821826     0.064168690768720
0.10861905     0.064855430911588
0.10901985     0.065546731485581
0.10942064     0.066242601772358
0.10982143     0.066943050975311
0.11022223     0.067648088219369
0.11062302     0.068357722550793
0.11102381     0.069071962936974
0.11142461     0.069790818266239
0.11182540     0.070514297347641
0.11222620     0.071242408910774
0.11262699     0.071975161605560
0.11302778     0.072712564002063
0.11342858     0.073454624590285
0.11382937     0.074201351779971
0.11423016     0.074952753900411
0.11463096     0.075708839200251
0.11503175     0.076469615847288
0.11543254     0.077235091928283
0.11583334     0.078005275448762
0.11623413     0.078780174332828
0.11663493     0.079559796422959
0.11703572     0.080344149479823
0.11743651     0.081133241182082
0.11783731     0.081927079126202
0.11823810     0.082725670826259
0.11863889     0.083529023713751
0.11903969     0.084337145137405
0.11944048     0.085150042362985
0.11984127     0.085967722573108
0.12024207     0.086790192867051
0.12064286     0.087617460260560
0.12104365     0.088449531685663
0.12144445     0.089286413990485
0.12184524     0.090128113939052
0.12224604     0.090974638211111
0.12264683     0.091825993401941
0.12304762     0.092682186022158
0.12344842     0.093543222497540
0.12384921     0.094409109168832
0.12425000     0.095279852291563
0.12465080     0.096155458035859
0.12505159     0.097035932486255
0.12545238     0.097921281641514
0.12585318     0.098811511414438
0.12625397     0.099706627631683
0.12665477     0.100606636033573
0.12705556     0.101511542273919
0.12745635     0.102421351919828
0.12785715     0.103336070451525
0.12825794     0.104255703262161
0.12865873     0.105180255657637
0.12905953     0.106109732856409
0.12946032     0.107044139989314
0.12986111     0.107983482099379
0.13026191     0.108927764141640
0.13066270     0.109876990982954
0.13106350     0.110831167401819
0.13146429     0.111790298088186
0.13186508     0.112754387643278
0.13226588     0.113723440579403
0.13266667     0.114697461319770
0.13306746     0.115676454198305
0.13346826     0.116660423459465
0.13386905     0.117649373258058
0.13426984     0.118643307659048
0.13467064     0.119642230637382
0.13507143     0.120646146077796
0.13547223     0.121655057774633
0.13587302     0.122668969431657
0.13627381     0.123687884661867
0.13667461     0.124711806987310
0.13707540     0.125740739838896
0.13747619     0.126774686556209
0.13787699     0.127813650387325
0.13827778     0.128857634488617
0.13867857     0.129906641924575
0.13907937     0.130960675667612
0.13948016     0.132019738597879
0.13988096     0.133083833503076
0.14028175     0.134152963078261
0.14068254     0.135227129925661
0.14108334     0.136306336554483
0.14148413     0.137390585380721
0.14188492     0.138479878726967
0.14228572     0.139574218822219
0.14268651     0.140673607801685
0.14308730     0.141778047706599
0.14348810     0.142887540484016
0.14388889     0.144002087986626
0.14428969     0.145121691972559
0.14469048     0.146246354105185
0.14509127     0.147376075952921
0.14549207     0.148510858989034
0.14589286     0.149650704591445
0.14629365     0.150795614042525
0.14669445     0.151945588528904
0.14709524     0.153100629141265
0.14749603     0.154260736874146
0.14789683     0.155425912625736
0.14829762     0.156596157197677
0.14869842     0.157771471294857
0.14909921     0.158951855525206
0.14950000     0.160137310399492
0.14990080     0.161327836331115
0.15030159     0.162523433635897
0.15070238     0.163724102531880
0.15110318     0.164929843139109
0.15150397     0.166140655479426
0.15190476     0.167356539476258
0.15230556     0.168577494954405
0.15270635     0.169803521639826
0.15310715     0.171034619159420
0.15350794     0.172270787040818
0.15390873     0.173512024712157
0.15430953     0.174758331501869
0.15471032     0.176009706638454
0.15511111     0.177266149250265
0.15551191     0.178527658365279
0.15591270     0.179794232910880
0.15631349     0.181065871713629
0.15671429     0.182342573499037
0.15711508     0.183624336891340
0.15751588     0.184911160413265
0.15791667     0.186203042485804
0.15831746     0.187499981427975
0.15871826     0.188801975456592
0.15911905     0.190109022686028
0.15951984     0.191421121127977
0.15992064     0.192738268691215
0.16032143     0.194060463181357
0.16072222     0.195387702300620
0.16112302     0.196719983647569
0.16152381     0.198057304716880
0.16192461     0.199399662899089
0.16232540     0.200747055480339
0.16272619     0.202099479642132
0.16312699     0.203456932461074
0.16352778     0.204819410908617
0.16392857     0.206186911850809
0.16432937     0.207559432048023
0.16473016     0.208936968154707
0.16513095     0.210319516719111
0.16553175     0.211707074183028
0.16593254     0.213099636881522
0.16633334     0.214497201042658
0.16673413     0.215899762787237
0.16713492     0.217307318128507
0.16753572     0.218719862971904
0.16793651     0.220137393114757
0.16833730     0.221559904246019
0.16873810     0.222987391945977
0.16913889     0.224419851685964
0.16953968     0.225857278828081
0.16994048     0.227299668624892
0.17034127     0.228747016219142
0.17074207     0.230199316643457
0.17114286     0.231656564820044
0.17154365     0.233118755560393
0.17194445     0.234585883564971
0.17234524     0.236057943422919
0.17274603     0.237534929611742
0.17314683     0.239016836496991
0.17354762     0.240503658331961
0.17394841     0.241995389257363
0.17434921     0.243492023301011
0.17475000     0.244993554377495
0.17515079     0.246499976287856
0.17555159     0.248011282719262
0.17595238     0.249527467244668
0.17635318     0.251048523322490
0.17675397     0.252574444296263
0.17715476     0.254105223394300
0.17755556     0.255640853729353
0.17795635     0.257181328298258
0.17835714     0.258726639981595
0.17875794     0.260276781543326
0.17915873     0.261831745630445
0.17955952     0.263391524772615
0.17996032     0.264956111381807
0.18036111     0.266525497751931
0.18076191     0.268099676058469
0.18116270     0.269678638358102
0.18156349     0.271262376588334
0.18196429     0.272850882567107
0.18236508     0.274444147992425
0.18276587     0.276042164441964
0.18316667     0.277644923372677
0.18356746     0.279252416120408
0.18396825     0.280864633899489
0.18436905     0.282481567802340
0.18476984     0.284103208799062
0.18517064     0.285729547737032
0.18557143     0.287360575340487
0.18597222     0.288996282210109
0.18637302     0.290636658822602
0.18677381     0.292281695530273
0.18717460     0.293931382560599
0.18757540     0.295585710015798
0.18797619     0.297244667872389
0.18837698     0.298908245980756
0.18877778     0.300576434064704
0.18917857     0.302249221721004
0.18957937     0.303926598418950
0.18998016     0.305608553499897
0.19038095     0.307295076176800
0.19078175     0.308986155533750
0.19118254     0.310681780525506
0.19158333     0.312381939977021
0.19198413     0.314086622582961
0.19238492     0.315795816907227
0.19278571     0.317509511382467
0.19318651     0.319227694309583
0.19358730     0.320950353857238
0.19398810     0.322677478061356
0.19438889     0.324409054824616
0.19478968     0.326145071915942
0.19519048     0.327885516969993
0.19559127     0.329630377486642
0.19599206     0.331379640830453
0.19639286     0.333133294230156
0.19679365     0.334891324778110
0.19719444     0.336653719429771
0.19759524     0.338420465003150
0.19799603     0.340191548178260
0.19839683     0.341966955496572
0.19879762     0.343746673360456
0.19919841     0.345530688032618
0.19959921     0.347318985635540
0.20000000     0.349111552150900
