0.00000398     0.000000000001485
0.00040477     0.000000002423096
0.00080557     0.000000019099265
0.00120636     0.000000064141750
0.00160715     0.000000151662822
0.00200795     0.000000295773778
0.00240874     0.000000510584943
0.00280953     0.000000810205052
0.00321033     0.000001208741012
0.00361112     0.000001720297774
0.00401192     0.000002358977784
0.00441271     0.000003138880889
0.00481350     0.000004074103956
0.00521430     0.000005178740590
0.00561509     0.000006466880803
0.00601588     0.000007952610789
0.00641668     0.000009650012566
0.00681747     0.000011573163715
0.00721826     0.000013736137050
0.00761906     0.000016153000379
0.00801985     0.000018837816122
0.00842065     0.000021804641110
0.00882144     0.000025067526218
0.00922223     0.000028640516117
0.00962303     0.000032537648941
0.01002382     0.000036772956023
0.01042461     0.000041360461581
0.01082541     0.000046314182423
0.01122620     0.000051648127659
0.01162699     0.000057376298412
0.01202779     0.000063512687507
0.01242858     0.000070071279205
0.01282938     0.000077066048865
0.01323017     0.000084510962698
0.01363096     0.000092419977429
0.01403176     0.000100807040049
0.01443255     0.000109686087472
0.01483334     0.000119071046295
0.01523414     0.000128975832457
0.01563493     0.000139414350977
0.01603572     0.000150400495650
0.01643652     0.000161948148761
0.01683731     0.000174071180782
0.01723810     0.000186783450093
0.01763890     0.000200098802677
0.01803969     0.000214031071835
0.01844049     0.000228594077919
0.01884128     0.000243801627984
0.01924207     0.000259667515562
0.01964287     0.000276205520328
0.02004366     0.000293429407820
0.02044445     0.000311352929166
0.02084525     0.000329989820772
0.02124604     0.000349353804054
0.02164683     0.000369458585125
0.02204763     0.000390317854526
0.02244842     0.000411945286938
0.02284922     0.000434354540878
0.02325001     0.000457559258432
0.02365080     0.000481573064952
0.02405160     0.000506409568777
0.02445239     0.000532082360942
0.02485318     0.000558605014892
0.02525398     0.000585991086218
0.02565477     0.000614254112320
0.02605556     0.000643407612182
0.02645636     0.000673465086051
0.02685715     0.000704440015156
0.02725795     0.000736345861442
0.02765874     0.000769196067260
0.02805953     0.000803004055108
0.02846033     0.000837783227339
0.02886112     0.000873546965874
0.02926191     0.000910308631925
0.02966271     0.000948081565715
0.03006350     0.000986879086194
0.03046429     0.001026714490765
0.03086509     0.001067601054986
0.03126588     0.001109552032312
0.03166668     0.001152580653807
0.03206747     0.001196700127856
0.03246826     0.001241923639907
0.03286906     0.001288264352173
0.03326985     0.001335735403360
0.03367064     0.001384349908400
0.03407144     0.001434120958166
0.03447223     0.001485061619196
0.03487302     0.001537184933410
0.03527382     0.001590503917860
0.03567461     0.001645031564426
0.03607541     0.001700780839556
0.03647620     0.001757764684000
0.03687699     0.001815996012515
0.03727779     0.001875487713617
0.03767858     0.001936252649288
0.03807937     0.001998303654722
0.03848017     0.002061653538043
0.03888096     0.002126315080030
0.03928175     0.002192301033868
0.03968255     0.002259624124855
0.04008334     0.002328297050145
0.04048414     0.002398332478478
0.04088493     0.002469743049918
0.04128572     0.002542541375568
0.04168652     0.002616740037329
0.04208731     0.002692351587605
0.04248810     0.002769388549067
0.04288890     0.002847863414367
0.04328969     0.002927788645877
0.04369048     0.003009176675436
0.04409128     0.003092039904079
0.04449207     0.003176390701767
0.04489287     0.003262241407142
0.04529366     0.003349604327253
0.04569445     0.003438491737296
0.04609525     0.003528915880363
0.04649604     0.003620888967173
0.04689683     0.003714423175817
0.04729763     0.003809530651499
0.04769842     0.003906223506279
0.04809921     0.004004513818815
0.04850001     0.004104413634106
0.04890080     0.004205934963240
0.04930160     0.004309089783137
0.04970239     0.004413890036292
0.05010318     0.004520347630524
0.05050398     0.004628474438720
0.05090477     0.004738282298589
0.05130556     0.004849783012404
0.05170636     0.004962988346752
0.05210715     0.005077910032286
0.05250794     0.005194559763472
0.05290874     0.005312949198342
0.05330953     0.005433089958250
0.05371033     0.005554993627611
0.05411112     0.005678671753669
0.05451191     0.005804135846244
0.05491271     0.005931397377483
0.05531350     0.006060467781623
0.05571429     0.006191358454740
0.05611509     0.006324080754513
0.05651588     0.006458645999968
0.05691667     0.006595065471251
0.05731747     0.006733350409376
0.05771826     0.006873512015997
0.05811906     0.007015561453151
0.05851985     0.007159509843028
0.05892064     0.007305368267737
0.05932144     0.007453147769064
0.05972223     0.007602859348228
0.06012302     0.007754513965659
0.06052382     0.007908122540750
0.06092461     0.008063695951631
0.06132540     0.008221245034930
0.06172620     0.008380780585544
0.06212699     0.008542313356401
0.06252779     0.008705854058232
0.06292858     0.008871413359343
0.06332937     0.009039001885379
0.06373017     0.009208630219098
0.06413096     0.009380308900143
0.06453175     0.009554048424813
0.06493255     0.009729859245836
0.06533334     0.009907751772145
0.06573413     0.010087736368645
0.06613493     0.010269823356005
0.06653572     0.010454023010415
0.06693652     0.010640345563373
0.06733731     0.010828801201464
0.06773810     0.011019400066137
0.06813890     0.011212152253480
0.06853969     0.011407067814006
0.06894048     0.011604156752433
0.06934128     0.011803429027463
0.06974207     0.012004894551568
0.07014286     0.012208563190773
0.07054366     0.012414444764437
0.07094445     0.012622549045043
0.07134524     0.012832885757982
0.07174604     0.013045464581339
0.07214683     0.013260295145680
0.07254763     0.013477387033844
0.07294842     0.013696749780731
0.07334921     0.013918392873089
0.07375001     0.014142325749308
0.07415080     0.014368557799215
0.07455159     0.014597098363860
0.07495239     0.014827956735311
0.07535318     0.015061142156455
0.07575397     0.015296663820785
0.07615477     0.015534530872203
0.07655556     0.015774752404811
0.07695636     0.016017337462711
0.07735715     0.016262295039810
0.07775794     0.016509634079610
0.07815874     0.016759363475011
0.07855953     0.017011492068117
0.07896032     0.017266028650033
0.07936112     0.017522981960674
0.07976191     0.017782360688561
0.08016270     0.018044173470633
0.08056350     0.018308428892049
0.08096429     0.018575135485997
0.08136509     0.018844301733497
0.08176588     0.019115936063216
0.08216667     0.019390046851270
0.08256747     0.019666642421043
0.08296826     0.019945731042989
0.08336905     0.020227320934451
0.08376985     0.020511420259466
0.08417064     0.020798037128590
0.08457143     0.021087179598704
0.08497223     0.021378855672829
0.08537302     0.021673073299952
0.08577382     0.021969840374829
0.08617461     0.022269164737817
0.08657540     0.022571054174685
0.08697620     0.022875516416437
0.08737699     0.023182559139132
0.08777778     0.023492189963707
0.08817858     0.023804416455799
0.08857937     0.024119246125569
0.08898016     0.024436686427527
0.08938096     0.024756744760356
0.08978175     0.025079428466742
0.09018255     0.025404744833198
0.09058334     0.025732701089893
0.09098413     0.026063304410482
0.09138493     0.026396561911941
0.09178572     0.026732480654386
0.09218651     0.027071067640915
0.09258731     0.027412329817443
0.09298810     0.027756274072524
0.09338889     0.028102907237200
0.09378969     0.028452236084825
0.09419048     0.028804267330911
0.09459128     0.029159007632958
0.09499207     0.029516463590299
0.09539286     0.029876641743937
0.09579366     0.030239548576382
0.09619445     0.030605190511499
0.09659524     0.030973573914345
0.09699604     0.031344705091019
0.09739683     0.031718590288497
0.09779762     0.032095235694484
0.09819842     0.032474647437259
0.09859921     0.032856831585520
0.09900001     0.033241794148237
0.09940080     0.033629541074493
0.09980159     0.034020078253343
0.10020239     0.034413411513660
0.10060318     0.034809546623986
0.10100397     0.035208489292387
0.10140477     0.035610245166306
0.10180556     0.036014819832424
0.10220635     0.036422218816502
0.10260715     0.036832447583250
0.10300794     0.037245511536181
0.10340874     0.037661416017468
0.10380953     0.038080166307807
0.10421032     0.038501767626273
0.10461112     0.038926225130185
0.10501191     0.039353543914970
0.10541270     0.039783729014020
0.10581350     0.040216785398564
0.10621429     0.040652717977531
0.10661508     0.041091531597414
0.10701588     0.041533231042140
0.10741667     0.041977821032938
0.10781747     0.042425306228206
0.10821826     0.042875691223385
0.10861905     0.043328980550832
0.10901985     0.043785178679684
0.10942064     0.044244290015739
0.10982143     0.044706318901328
0.11022223     0.045171269615190
0.11062302     0.045639146372349
0.11102381     0.046109953323989
0.11142461     0.046583694557338
0.11182540     0.047060374095538
0.11222620     0.047539995897535
0.11262699     0.048022563857954
0.11302778     0.048508081806985
0.11342858     0.048996553510261
0.11382937     0.049487982668749
0.11423016     0.049982372918631
0.11463096     0.050479727831189
0.11503175     0.050980050912701
0.11543254     0.051483345604315
0.11583334     0.051989615281949
0.11623413     0.052498863256181
0.11663493     0.053011092772134
0.11703572     0.053526307009373
0.11743651     0.054044509081799
0.11783731     0.054565702037539
0.11823810     0.055089888858845
0.11863889     0.055617072461991
0.11903969     0.056147255697165
0.11944048     0.056680441348372
0.11984127     0.057216632133336
0.12024207     0.057755830703392
0.12064286     0.058298039643395
0.12104365     0.058843261471619
0.12144445     0.059391498639664
0.12184524     0.059942753532351
0.12224604     0.060497028467642
0.12264683     0.061054325696533
0.12304762     0.061614647402972
0.12344842     0.062177995703759
0.12384921     0.062744372648465
0.12425000     0.063313780219330
0.12465080     0.063886220331193
0.12505159     0.064461694831384
0.12545238     0.065040205499654
0.12585318     0.065621754048080
0.12625397     0.066206342120990
0.12665477     0.066793971294871
0.12705556     0.067384643078290
0.12745635     0.067978358911817
0.12785715     0.068575120167940
0.12825794     0.069174928150989
0.12865873     0.069777784097058
0.12905953     0.070383689173927
0.12946032     0.070992644480987
0.12986111     0.071604651049166
0.13026191     0.072219709840857
0.13066270     0.072837821749841
0.13106350     0.073458987601219
0.13146429     0.074083208151342
0.13186508     0.074710484087739
0.13226588     0.075340816029054
0.13266667     0.075974204524973
0.13306746     0.076610650056162
0.13346826     0.077250153034199
0.13386905     0.077892713801514
0.13426984     0.078538332631324
0.13467064     0.079187009727569
0.13507143     0.079838745224860
0.13547223     0.080493539188408
0.13587302     0.081151391613973
0.13627381     0.081812302427807
0.13667461     0.082476271486594
0.13707540     0.083143298577398
0.13747619     0.083813383417609
0.13787699     0.084486525654886
0.13827778     0.085162724867111
0.13867857     0.085841980562337
0.13907937     0.086524292178737
0.13948016     0.087209659084554
0.13988096     0.087898080578059
0.14028175     0.088589555887502
0.14068254     0.089284084171065
0.14108334     0.089981664516823
0.14148413     0.090682295942697
0.14188492     0.091385977396415
0.14228572     0.092092707755471
0.14268651     0.092802485827084
0.14308730     0.093515310348165
0.14348810     0.094231179985275
0.14388889     0.094950093334590
0.14428969     0.095672048921870
0.14469048     0.096397045202421
0.14509127     0.097125080561068
0.14549207     0.097856153312116
0.14589286     0.098590261699329
0.14629365     0.099327403895897
0.14669445     0.100067578004408
0.14709524     0.100810782056822
0.14749603     0.101557014014450
0.14789683     0.102306271767921
0.14829762     0.103058553137170
0.14869842     0.103813855871409
0.14909921     0.104572177649111
0.14950000     0.105333516077986
0.14990080     0.106097868694971
0.15030159     0.106865232966204
0.15070238     0.107635606287016
0.15110318     0.108408985981915
0.15150397     0.109185369304571
0.15190476     0.109964753437805
0.15230556     0.110747135493583
0.15270635     0.111532512512999
0.15310715     0.112320881466273
0.15350794     0.113112239252743
0.15390873     0.113906582700860
0.15430953     0.114703908568182
0.15471032     0.115504213541374
0.15511111     0.116307494236204
0.15551191     0.117113747197543
0.15591270     0.117922968899370
0.15631349     0.118735155744768
0.15671429     0.119550304065935
0.15711508     0.120368410124180
0.15751588     0.121189470109939
0.15791667     0.122013480142775
0.15831746     0.122840436271392
0.15871826     0.123670334473643
0.15911905     0.124503170656542
0.15951984     0.125338940656276
0.15992064     0.126177640238223
0.16032143     0.127019265096963
0.16072222     0.127863810856297
0.16112302     0.128711273069268
0.16152381     0.129561647218178
0.16192461     0.130414928714609
0.16232540     0.131271112899446
0.16272619     0.132130195042904
0.16312699     0.132992170344550
0.16352778     0.133857033933331
0.16392857     0.134724780867600
0.16432937     0.135595406135153
0.16473016     0.136468904653250
0.16513095     0.137345271268655
0.16553175     0.138224500757668
0.16593254     0.139106587826159
0.16633334     0.139991527109607
0.16673413     0.140879313173138
0.16713492     0.141769940511565
0.16753572     0.142663403549425
0.16793651     0.143559696641032
0.16833730     0.144458814070511
0.16873810     0.145360750051849
0.16913889     0.146265498728942
0.16953968     0.147173054175642
0.16994048     0.148083410395812
0.17034127     0.148996561323373
0.17074207     0.149912500822359
0.17114286     0.150831222686974
0.17154365     0.151752720641647
0.17194445     0.152676988341091
0.17234524     0.153604019370361
0.17274603     0.154533807244920
0.17314683     0.155466345410696
0.17354762     0.156401627244152
0.17394841     0.157339646052348
0.17434921     0.158280395073013
0.17475000     0.159223867474611
0.17515079     0.160170056356414
0.17555159     0.161118954748574
0.17595238     0.162070555612201
0.17635318     0.163024851839430
0.17675397     0.163981836253513
0.17715476     0.164941501608884
0.17755556     0.165903840591250
0.17795635     0.166868845817670
0.17835714     0.167836509836643
0.17875794     0.168806825128187
0.17915873     0.169779784103937
0.17955952     0.170755379107228
0.17996032     0.171733602413189
0.18036111     0.172714446228837
0.18076191     0.173697902693169
0.18116270     0.174683963877264
0.18156349     0.175672621784380
0.18196429     0.176663868350050
0.18236508     0.177657695442194
0.18276587     0.178654094861213
0.18316667     0.179653058340101
0.18356746     0.180654577544554
0.18396825     0.181658644073076
0.18436905     0.182665249457093
0.18476984     0.183674385161066
0.18517064     0.184686042582605
0.18557143     0.185700213052592
0.18597222     0.186716887835291
0.18637302     0.187736058128480
0.18677381     0.188757715063566
0.18717460     0.189781849705712
0.18757540     0.190808453053969
0.18797619     0.191837516041399
0.18837698     0.192869029535208
0.18877778     0.193902984336880
0.18917857     0.194939371182313
0.18957937     0.195978180741952
0.18998016     0.197019403620934
0.19038095     0.198063030359225
0.19078175     0.199109051431763
0.19118254     0.200157457248606
0.19158333     0.201208238155081
0.19198413     0.202261384431925
0.19238492     0.203316886295447
0.19278571     0.204374733897675
0.19318651     0.205434917326515
0.19358730     0.206497426605906
0.19398810     0.207562251695984
0.19438889     0.208629382493242
0.19478968     0.209698808830695
0.19519048     0.210770520478047
0.19559127     0.211844507141858
0.19599206     0.212920758465717
0.19639286     0.213999264030416
0.19679365     0.215080013354124
0.19719444     0.216162995892565
0.19759524     0.217248201039197
0.19799603     0.218335618125400
0.19839683     0.219425236420651
0.19879762     0.220517045132721
0.19919841     0.221611033407855
0.19959921     0.222707190330972
0.20000000     0.223805504925854
