0.00000398     0.000000000014880
0.00040477     0.000000000000232
0.00080557     0.000000000000298
0.00120636     0.000000000000250
0.00160715     0.000000000000137
0.00200795     0.000000000000169
0.00240874     0.000000000000079
0.00280953     0.000000000000016
0.00321033     0.000000000000000
0.00361112     0.000000000000031
0.00401192     0.000000000000015
0.00441271     0.000000000000010
0.00481350     0.000000000000047
0.00521430     0.000000000000034
0.00561509     0.000000000000041
0.00601588     0.000000000000015
0.00641668     0.000000000000039
0.00681747     0.000000000000080
0.00721826     0.000000000000008
0.00761906     0.000000000000012
0.00801985     0.000000000000039
0.00842065     0.000000000000001
0.00882144     0.000000000000006
0.00922223     0.000000000000043
0.00962303     0.000000000000008
0.01002382     0.000000000000032
0.01042461     0.000000000000001
0.01082541     0.000000000000008
0.01122620     0.000000000000015
0.01162699     0.000000000000006
0.01202779     0.000000000000010
0.01242858     0.000000000000002
0.01282938     0.000000000000011
0.01323017     0.000000000000004
0.01363096     0.000000000000001
0.01403176     0.000000000000016
0.01443255     0.000000000000046
0.01483334     0.000000000000015
0.01523414     0.000000000000024
0.01563493     0.000000000000023
0.01603572     0.000000000000005
0.01643652     0.000000000000001
0.01683731     0.000000000000004
0.01723810     0.000000000000013
0.01763890     0.000000000000012
0.01803969     0.000000000000006
0.01844049     0.000000000000007
0.01884128     0.000000000000007
0.01924207     0.000000000000003
0.01964287     0.000000000000002
0.02004366     0.000000000000000
0.02044445     0.000000000000012
0.02084525     0.000000000000003
0.02124604     0.000000000000001
0.02164683     0.000000000000006
0.02204763     0.000000000000007
0.02244842     0.000000000000009
0.02284922     0.000000000000004
0.02325001     0.000000000000001
0.02365080     0.000000000000008
0.02405160     0.000000000000001
0.02445239     0.000000000000004
0.02485318     0.000000000000004
0.02525398     0.000000000000003
0.02565477     0.000000000000011
0.02605556     0.000000000000001
0.02645636     0.000000000000001
0.02685715     0.000000000000006
0.02725795     0.000000000000009
0.02765874     0.000000000000009
0.02805953     0.000000000000003
0.02846033     0.000000000000020
0.02886112     0.000000000000007
0.02926191     0.000000000000012
0.02966271     0.000000000000007
0.03006350     0.000000000000004
0.03046429     0.000000000000001
0.03086509     0.000000000000010
0.03126588     0.000000000000005
0.03166668     0.000000000000007
0.03206747     0.000000000000010
0.03246826     0.000000000000000
0.03286906     0.000000000000002
0.03326985     0.000000000000004
0.03367064     0.000000000000005
0.03407144     0.000000000000007
0.03447223     0.000000000000003
0.03487302     0.000000000000000
0.03527382     0.000000000000000
0.03567461     0.000000000000012
0.03607541     0.000000000000013
0.03647620     0.000000000000001
0.03687699     0.000000000000003
0.03727779     0.000000000000005
0.03767858     0.000000000000004
0.03807937     0.000000000000002
0.03848017     0.000000000000005
0.03888096     0.000000000000000
0.03928175     0.000000000000016
0.03968255     0.000000000000017
0.04008334     0.000000000000003
0.04048414     0.000000000000008
0.04088493     0.000000000000007
0.04128572     0.000000000000007
0.04168652     0.000000000000004
0.04208731     0.000000000000002
0.04248810     0.000000000000002
0.04288890     0.000000000000009
0.04328969     0.000000000000006
0.04369048     0.000000000000004
0.04409128     0.000000000000001
0.04449207     0.000000000000007
0.04489287     0.000000000000002
0.04529366     0.000000000000001
0.04569445     0.000000000000005
0.04609525     0.000000000000005
0.04649604     0.000000000000003
0.04689683     0.000000000000002
0.04729763     0.000000000000012
0.04769842     0.000000000000005
0.04809921     0.000000000000001
0.04850001     0.000000000000002
0.04890080     0.000000000000004
0.04930160     0.000000000000011
0.04970239     0.000000000000005
0.05010318     0.000000000000005
0.05050398     0.000000000000011
0.05090477     0.000000000000001
0.05130556     0.000000000000007
0.05170636     0.000000000000004
0.05210715     0.000000000000004
0.05250794     0.000000000000001
0.05290874     0.000000000000010
0.05330953     0.000000000000000
0.05371033     0.000000000000004
0.05411112     0.000000000000004
0.05451191     0.000000000000002
0.05491271     0.000000000000004
0.05531350     0.000000000000000
0.05571429     0.000000000000001
0.05611509     0.000000000000000
0.05651588     0.000000000000005
0.05691667     0.000000000000005
0.05731747     0.000000000000000
0.05771826     0.000000000000001
0.05811906     0.000000000000001
0.05851985     0.000000000000001
0.05892064     0.000000000000001
0.05932144     0.000000000000006
0.05972223     0.000000000000003
0.06012302     0.000000000000008
0.06052382     0.000000000000004
0.06092461     0.000000000000001
0.06132540     0.000000000000001
0.06172620     0.000000000000008
0.06212699     0.000000000000002
0.06252779     0.000000000000004
0.06292858     0.000000000000006
0.06332937     0.000000000000002
0.06373017     0.000000000000001
0.06413096     0.000000000000003
0.06453175     0.000000000000000
0.06493255     0.000000000000002
0.06533334     0.000000000000007
0.06573413     0.000000000000002
0.06613493     0.000000000000009
0.06653572     0.000000000000002
0.06693652     0.000000000000002
0.06733731     0.000000000000001
0.06773810     0.000000000000008
0.06813890     0.000000000000000
0.06853969     0.000000000000001
0.06894048     0.000000000000000
0.06934128     0.000000000000002
0.06974207     0.000000000000001
0.07014286     0.000000000000008
0.07054366     0.000000000000002
0.07094445     0.000000000000001
0.07134524     0.000000000000002
0.07174604     0.000000000000007
0.07214683     0.000000000000003
0.07254763     0.000000000000004
0.07294842     0.000000000000001
0.07334921     0.000000000000001
0.07375001     0.000000000000001
0.07415080     0.000000000000000
0.07455159     0.000000000000003
0.07495239     0.000000000000002
0.07535318     0.000000000000001
0.07575397     0.000000000000001
0.07615477     0.000000000000005
0.07655556     0.000000000000005
0.07695636     0.000000000000000
0.07735715     0.000000000000004
0.07775794     0.000000000000003
0.07815874     0.000000000000000
0.07855953     0.000000000000005
0.07896032     0.000000000000002
0.07936112     0.000000000000003
0.07976191     0.000000000000001
0.08016270     0.000000000000003
0.08056350     0.000000000000003
0.08096429     0.000000000000004
0.08136509     0.000000000000004
0.08176588     0.000000000000001
0.08216667     0.000000000000003
0.08256747     0.000000000000002
0.08296826     0.000000000000003
0.08336905     0.000000000000001
0.08376985     0.000000000000002
0.08417064     0.000000000000001
0.08457143     0.000000000000002
0.08497223     0.000000000000003
0.08537302     0.000000000000003
0.08577382     0.000000000000002
0.08617461     0.000000000000001
0.08657540     0.000000000000001
0.08697620     0.000000000000001
0.08737699     0.000000000000002
0.08777778     0.000000000000000
0.08817858     0.000000000000004
0.08857937     0.000000000000003
0.08898016     0.000000000000003
0.08938096     0.000000000000000
0.08978175     0.000000000000001
0.09018255     0.000000000000001
0.09058334     0.000000000000003
0.09098413     0.000000000000000
0.09138493     0.000000000000000
0.09178572     0.000000000000006
0.09218651     0.000000000000001
0.09258731     0.000000000000004
0.09298810     0.000000000000000
0.09338889     0.000000000000002
0.09378969     0.000000000000001
0.09419048     0.000000000000001
0.09459128     0.000000000000000
0.09499207     0.000000000000002
0.09539286     0.000000000000002
0.09579366     0.000000000000002
0.09619445     0.000000000000001
0.09659524     0.000000000000000
0.09699604     0.000000000000000
0.09739683     0.000000000000001
0.09779762     0.000000000000003
0.09819842     0.000000000000001
0.09859921     0.000000000000000
0.09900001     0.000000000000000
0.09940080     0.000000000000001
0.09980159     0.000000000000001
0.10020239     0.000000000000004
0.10060318     0.000000000000001
0.10100397     0.000000000000003
0.10140477     0.000000000000001
0.10180556     0.000000000000001
0.10220635     0.000000000000001
0.10260715     0.000000000000002
0.10300794     0.000000000000002
0.10340874     0.000000000000003
0.10380953     0.000000000000001
0.10421032     0.000000000000002
0.10461112     0.000000000000001
0.10501191     0.000000000000001
0.10541270     0.000000000000001
0.10581350     0.000000000000001
0.10621429     0.000000000000003
0.10661508     0.000000000000005
0.10701588     0.000000000000001
0.10741667     0.000000000000001
0.10781747     0.000000000000004
0.10821826     0.000000000000001
0.10861905     0.000000000000004
0.10901985     0.000000000000001
0.10942064     0.000000000000002
0.10982143     0.000000000000000
0.11022223     0.000000000000000
0.11062302     0.000000000000000
0.11102381     0.000000000000002
0.11142461     0.000000000000002
0.11182540     0.000000000000001
0.11222620     0.000000000000001
0.11262699     0.000000000000000
0.11302778     0.000000000000000
0.11342858     0.000000000000004
0.11382937     0.000000000000001
0.11423016     0.000000000000000
0.11463096     0.000000000000000
0.11503175     0.000000000000001
0.11543254     0.000000000000001
0.11583334     0.000000000000002
0.11623413     0.000000000000000
0.11663493     0.000000000000001
0.11703572     0.000000000000000
0.11743651     0.000000000000000
0.11783731     0.000000000000003
0.11823810     0.000000000000000
0.11863889     0.000000000000001
0.11903969     0.000000000000001
0.11944048     0.000000000000001
0.11984127     0.000000000000000
0.12024207     0.000000000000000
0.12064286     0.000000000000001
0.12104365     0.000000000000001
0.12144445     0.000000000000000
0.12184524     0.000000000000001
0.12224604     0.000000000000002
0.12264683     0.000000000000001
0.12304762     0.000000000000001
0.12344842     0.000000000000002
0.12384921     0.000000000000000
0.12425000     0.000000000000000
0.12465080     0.000000000000001
0.12505159     0.000000000000001
0.12545238     0.000000000000001
0.12585318     0.000000000000002
0.12625397     0.000000000000001
0.12665477     0.000000000000004
0.12705556     0.000000000000001
0.12745635     0.000000000000003
0.12785715     0.000000000000003
0.12825794     0.000000000000001
0.12865873     0.000000000000000
0.12905953     0.000000000000003
0.12946032     0.000000000000001
0.12986111     0.000000000000000
0.13026191     0.000000000000001
0.13066270     0.000000000000002
0.13106350     0.000000000000000
0.13146429     0.000000000000001
0.13186508     0.000000000000001
0.13226588     0.000000000000000
0.13266667     0.000000000000002
0.13306746     0.000000000000001
0.13346826     0.000000000000002
0.13386905     0.000000000000000
0.13426984     0.000000000000001
0.13467064     0.000000000000002
0.13507143     0.000000000000001
0.13547223     0.000000000000001
0.13587302     0.000000000000001
0.13627381     0.000000000000002
0.13667461     0.000000000000000
0.13707540     0.000000000000000
0.13747619     0.000000000000002
0.13787699     0.000000000000000
0.13827778     0.000000000000001
0.13867857     0.000000000000000
0.13907937     0.000000000000001
0.13948016     0.000000000000002
0.13988096     0.000000000000003
0.14028175     0.000000000000001
0.14068254     0.000000000000001
0.14108334     0.000000000000000
0.14148413     0.000000000000002
0.14188492     0.000000000000003
0.14228572     0.000000000000002
0.14268651     0.000000000000001
0.14308730     0.000000000000000
0.14348810     0.000000000000000
0.14388889     0.000000000000002
0.14428969     0.000000000000002
0.14469048     0.000000000000002
0.14509127     0.000000000000001
0.14549207     0.000000000000001
0.14589286     0.000000000000001
0.14629365     0.000000000000001
0.14669445     0.000000000000001
0.14709524     0.000000000000002
0.14749603     0.000000000000003
0.14789683     0.000000000000001
0.14829762     0.000000000000001
0.14869842     0.000000000000003
0.14909921     0.000000000000000
0.14950000     0.000000000000001
0.14990080     0.000000000000005
0.15030159     0.000000000000000
0.15070238     0.000000000000001
0.15110318     0.000000000000001
0.15150397     0.000000000000002
0.15190476     0.000000000000002
0.15230556     0.000000000000000
0.15270635     0.000000000000000
0.15310715     0.000000000000001
0.15350794     0.000000000000002
0.15390873     0.000000000000001
0.15430953     0.000000000000001
0.15471032     0.000000000000002
0.15511111     0.000000000000004
0.15551191     0.000000000000000
0.15591270     0.000000000000000
0.15631349     0.000000000000001
0.15671429     0.000000000000000
0.15711508     0.000000000000000
0.15751588     0.000000000000000
0.15791667     0.000000000000001
0.15831746     0.000000000000001
0.15871826     0.000000000000000
0.15911905     0.000000000000001
0.15951984     0.000000000000001
0.15992064     0.000000000000000
0.16032143     0.000000000000003
0.16072222     0.000000000000000
0.16112302     0.000000000000000
0.16152381     0.000000000000001
0.16192461     0.000000000000001
0.16232540     0.000000000000001
0.16272619     0.000000000000001
0.16312699     0.000000000000000
0.16352778     0.000000000000001
0.16392857     0.000000000000001
0.16432937     0.000000000000000
0.16473016     0.000000000000000
0.16513095     0.000000000000003
0.16553175     0.000000000000000
0.16593254     0.000000000000002
0.16633334     0.000000000000001
0.16673413     0.000000000000001
0.16713492     0.000000000000000
0.16753572     0.000000000000002
0.16793651     0.000000000000001
0.16833730     0.000000000000001
0.16873810     0.000000000000001
0.16913889     0.000000000000003
0.16953968     0.000000000000000
0.16994048     0.000000000000000
0.17034127     0.000000000000000
0.17074207     0.000000000000000
0.17114286     0.000000000000002
0.17154365     0.000000000000000
0.17194445     0.000000000000001
0.17234524     0.000000000000001
0.17274603     0.000000000000003
0.17314683     0.000000000000001
0.17354762     0.000000000000001
0.17394841     0.000000000000001
0.17434921     0.000000000000000
0.17475000     0.000000000000000
0.17515079     0.000000000000000
0.17555159     0.000000000000000
0.17595238     0.000000000000003
0.17635318     0.000000000000001
0.17675397     0.000000000000002
0.17715476     0.000000000000003
0.17755556     0.000000000000002
0.17795635     0.000000000000001
0.17835714     0.000000000000002
0.17875794     0.000000000000000
0.17915873     0.000000000000001
0.17955952     0.000000000000001
0.17996032     0.000000000000001
0.18036111     0.000000000000000
0.18076191     0.000000000000000
0.18116270     0.000000000000000
0.18156349     0.000000000000001
0.18196429     0.000000000000001
0.18236508     0.000000000000001
0.18276587     0.000000000000000
0.18316667     0.000000000000001
0.18356746     0.000000000000000
0.18396825     0.000000000000004
0.18436905     0.000000000000001
0.18476984     0.000000000000001
0.18517064     0.000000000000000
0.18557143     0.000000000000000
0.18597222     0.000000000000001
0.18637302     0.000000000000001
0.18677381     0.000000000000001
0.18717460     0.000000000000001
0.18757540     0.000000000000001
0.18797619     0.000000000000000
0.18837698     0.000000000000000
0.18877778     0.000000000000000
0.18917857     0.000000000000002
0.18957937     0.000000000000001
0.18998016     0.000000000000000
0.19038095     0.000000000000001
0.19078175     0.000000000000001
0.19118254     0.000000000000000
0.19158333     0.000000000000000
0.19198413     0.000000000000001
0.19238492     0.000000000000002
0.19278571     0.000000000000000
0.19318651     0.000000000000000
0.19358730     0.000000000000001
0.19398810     0.000000000000000
0.19438889     0.000000000000000
0.19478968     0.000000000000001
0.19519048     0.000000000000002
0.19559127     0.000000000000001
0.19599206     0.000000000000001
0.19639286     0.000000000000001
0.19679365     0.000000000000000
0.19719444     0.000000000000001
0.19759524     0.000000000000002
0.19799603     0.000000000000001
0.19839683     0.000000000000002
0.19879762     0.000000000000001
0.19919841     0.000000000000001
0.19959921     0.000000000000002
0.20000000     0.000000000000001
