0.00000398     0.000000107968885
0.00040477     0.000000002423114
0.00080557     0.000000019099271
0.00120636     0.000000064141810
0.00160715     0.000000151663078
0.00200795     0.000000295774555
0.00240874     0.000000510586873
0.00280953     0.000000810209218
0.00321033     0.000001208749127
0.00361112     0.000001720312388
0.00401192     0.000002359002519
0.00441271     0.000003138920706
0.00481350     0.000004074165451
0.00521430     0.000005178832323
0.00561509     0.000006467013642
0.00601588     0.000007952798305
0.00641668     0.000009650271442
0.00681747     0.000011573514189
0.00721826     0.000013736603391
0.00761906     0.000016153611384
0.00801985     0.000018838605654
0.00842065     0.000021805648655
0.00882144     0.000025068797476
0.00922223     0.000028642103625
0.00962303     0.000032539612722
0.01002382     0.000036775364265
0.01042461     0.000041363391345
0.01082541     0.000046317720384
0.01122620     0.000051652370873
0.01162699     0.000057381355110
0.01202779     0.000063518677930
0.01242858     0.000070078336452
0.01282938     0.000077074319785
0.01323017     0.000084520608803
0.01363096     0.000092431175840
0.01403176     0.000100819984469
0.01443255     0.000109700989192
0.01483334     0.000119088135228
0.01523414     0.000128995358200
0.01563493     0.000139436583902
0.01603572     0.000150425728030
0.01643652     0.000161976695917
0.01683731     0.000174103382268
0.01723810     0.000186819670905
0.01763890     0.000200139434493
0.01803969     0.000214076534286
0.01844049     0.000228644819885
0.01884128     0.000243858128924
0.01924207     0.000259730286874
0.01964287     0.000276275106734
0.02004366     0.000293506388784
0.02044445     0.000311437920339
0.02084525     0.000330083475471
0.02124604     0.000349456814764
0.02164683     0.000369571685035
0.02204763     0.000390441819095
0.02244842     0.000412080935486
0.02284922     0.000434502738210
0.02325001     0.000457720916493
0.02365080     0.000481749144505
0.02405160     0.000506601081118
0.02445239     0.000532290369639
0.02485318     0.000558830637557
0.02525398     0.000586235496306
0.02565477     0.000614518540956
0.02605556     0.000643693350023
0.02645636     0.000673773485175
0.02685715     0.000704772490975
0.02725795     0.000736703894653
0.02765874     0.000769581205820
0.02805953     0.000803417916239
0.02846033     0.000838227499565
0.02886112     0.000874023411083
0.02926191     0.000910819087467
0.02966271     0.000948627946521
0.03006350     0.000987463386931
0.03046429     0.001027338788019
0.03086509     0.001068267509472
0.03126588     0.001110262891116
0.03166668     0.001153338252656
0.03206747     0.001197506893417
0.03246826     0.001242782092118
0.03286906     0.001289177106598
0.03326985     0.001336705173581
0.03367064     0.001385379508431
0.03407144     0.001435213304902
0.03447223     0.001486219734885
0.03487302     0.001538411948163
0.03527382     0.001591803072183
0.03567461     0.001646406211782
0.03607541     0.001702234448963
0.03647620     0.001759300842650
0.03687699     0.001817618428426
0.03727779     0.001877200218315
0.03767858     0.001938059200519
0.03807937     0.002000208339188
0.03848017     0.002063660574174
0.03888096     0.002128428820783
0.03928175     0.002194525969551
0.03968255     0.002261964885987
0.04008334     0.002330758410342
0.04048414     0.002400919357368
0.04088493     0.002472460516086
0.04128572     0.002545394649528
0.04168652     0.002619734494532
0.04208731     0.002695492761466
0.04248810     0.002772682134031
0.04288890     0.002851315268999
0.04328969     0.002931404795981
0.04369048     0.003012963317206
0.04409128     0.003096003407275
0.04449207     0.003180537612928
0.04489287     0.003266578452819
0.04529366     0.003354138417278
0.04569445     0.003443229968075
0.04609525     0.003533865538202
0.04649604     0.003626057531633
0.04689683     0.003719818323097
0.04729763     0.003815160257846
0.04769842     0.003912095651433
0.04809921     0.004010636789477
0.04850001     0.004110795927439
0.04890080     0.004212585290399
0.04930160     0.004316017072826
0.04970239     0.004421103438349
0.05010318     0.004527856519544
0.05050398     0.004636288417693
0.05090477     0.004746411202582
0.05130556     0.004858236912258
0.05170636     0.004971777552820
0.05210715     0.005087045098192
0.05250794     0.005204051489904
0.05290874     0.005322808636874
0.05330953     0.005443328415185
0.05371033     0.005565622667866
0.05411112     0.005689703204681
0.05451191     0.005815581801905
0.05491271     0.005943270202104
0.05531350     0.006072780113934
0.05571429     0.006204123211909
0.05611509     0.006337311136201
0.05651588     0.006472355492411
0.05691667     0.006609267851371
0.05731747     0.006748059748919
0.05771826     0.006888742685702
0.05811906     0.007031328126950
0.05851985     0.007175827502273
0.05892064     0.007322252205453
0.05932144     0.007470613594235
0.05972223     0.007620922990114
0.06012302     0.007773191678133
0.06052382     0.007927430906675
0.06092461     0.008083651887259
0.06132540     0.008241865794330
0.06172620     0.008402083765062
0.06212699     0.008564316899148
0.06252779     0.008728576258599
0.06292858     0.008894872867549
0.06332937     0.009063217712042
0.06373017     0.009233621739839
0.06413096     0.009406095860221
0.06453175     0.009580650943783
0.06493255     0.009757297822238
0.06533334     0.009936047288224
0.06573413     0.010116910095101
0.06613493     0.010299896956765
0.06653572     0.010485018547442
0.06693652     0.010672285501498
0.06733731     0.010861708413249
0.06773810     0.011053297836766
0.06813890     0.011247064285682
0.06853969     0.011443018233002
0.06894048     0.011641170110914
0.06934128     0.011841530310599
0.06974207     0.012044109182042
0.07014286     0.012248917033845
0.07054366     0.012455964133039
0.07094445     0.012665260704901
0.07134524     0.012876816932762
0.07174604     0.013090642957832
0.07214683     0.013306748879008
0.07254763     0.013525144752696
0.07294842     0.013745840592629
0.07334921     0.013968846369683
0.07375001     0.014194172011699
0.07415080     0.014421827403302
0.07455159     0.014651822385727
0.07495239     0.014884166756632
0.07535318     0.015118870269931
0.07575397     0.015355942635613
0.07615477     0.015595393519566
0.07655556     0.015837232543406
0.07695636     0.016081469284300
0.07735715     0.016328113274796
0.07775794     0.016577174002651
0.07815874     0.016828660910657
0.07855953     0.017082583396474
0.07896032     0.017338950812459
0.07936112     0.017597772465503
0.07976191     0.017859057616852
0.08016270     0.018122815481953
0.08056350     0.018389055230281
0.08096429     0.018657785985176
0.08136509     0.018929016823677
0.08176588     0.019202756776363
0.08216667     0.019479014827187
0.08256747     0.019757799913317
0.08296826     0.020039120924974
0.08336905     0.020322986705274
0.08376985     0.020609406050064
0.08417064     0.020898387707774
0.08457143     0.021189940379252
0.08497223     0.021484072717608
0.08537302     0.021780793328066
0.08577382     0.022080110767800
0.08617461     0.022382033545787
0.08657540     0.022686570122655
0.08697620     0.022993728910526
0.08737699     0.023303518272872
0.08777778     0.023615946524359
0.08817858     0.023931021930702
0.08857937     0.024248752708515
0.08898016     0.024569147025166
0.08938096     0.024892212998629
0.08978175     0.025217958697340
0.09018255     0.025546392140049
0.09058334     0.025877521295683
0.09098413     0.026211354083197
0.09138493     0.026547898371439
0.09178572     0.026887161979000
0.09218651     0.027229152674081
0.09258731     0.027573878174357
0.09298810     0.027921346146829
0.09338889     0.028271564207696
0.09378969     0.028624539922215
0.09419048     0.028980280804563
0.09459128     0.029338794317710
0.09499207     0.029700087873278
0.09539286     0.030064168831414
0.09579366     0.030431044500655
0.09619445     0.030800722137797
0.09659524     0.031173208947771
0.09699604     0.031548512083508
0.09739683     0.031926638645812
0.09779762     0.032307595683236
0.09819842     0.032691390191952
0.09859921     0.033078029115630
0.09900001     0.033467519345313
0.09940080     0.033859867719290
0.09980159     0.034255081022978
0.10020239     0.034653165988800
0.10060318     0.035054129296062
0.10100397     0.035457977570835
0.10140477     0.035864717385836
0.10180556     0.036274355260316
0.10220635     0.036686897659932
0.10260715     0.037102350996641
0.10300794     0.037520721628582
0.10340874     0.037942015859959
0.10380953     0.038366239940934
0.10421032     0.038793400067511
0.10461112     0.039223502381425
0.10501191     0.039656552970034
0.10541270     0.040092557866208
0.10581350     0.040531523048220
0.10621429     0.040973454439644
0.10661508     0.041418357909240
0.10701588     0.041866239270859
0.10741667     0.042317104283327
0.10781747     0.042770958650350
0.10821826     0.043227808020411
0.10861905     0.043687657986663
0.10901985     0.044150514086834
0.10942064     0.044616381803123
0.10982143     0.045085266562103
0.11022223     0.045557173734626
0.11062302     0.046032108635722
0.11102381     0.046510076524503
0.11142461     0.046991082604072
0.11182540     0.047475132021424
0.11222620     0.047962229867358
0.11262699     0.048452381176382
0.11302778     0.048945590926620
0.11342858     0.049441864039726
0.11382937     0.049941205380793
0.11423016     0.050443619758263
0.11463096     0.050949111923842
0.11503175     0.051457686572415
0.11543254     0.051969348341952
0.11583334     0.052484101813436
0.11623413     0.053001951510773
0.11663493     0.053522901900705
0.11703572     0.054046957392736
0.11743651     0.054574122339050
0.11783731     0.055104401034429
0.11823810     0.055637797716172
0.11863889     0.056174316564024
0.11903969     0.056713961700095
0.11944048     0.057256737188781
0.11984127     0.057802647036698
0.12024207     0.058351695192600
0.12064286     0.058903885547307
0.12104365     0.059459221933638
0.12144445     0.060017708126337
0.12184524     0.060579347841998
0.12224604     0.061144144739007
0.12264683     0.061712102417462
0.12304762     0.062283224419113
0.12344842     0.062857514227295
0.12384921     0.063434975266860
0.12425000     0.064015610904114
0.12465080     0.064599424446757
0.12505159     0.065186419143815
0.12545238     0.065776598185581
0.12585318     0.066369964703555
0.12625397     0.066966521770385
0.12665477     0.067566272399809
0.12705556     0.068169219546592
0.12745635     0.068775366106477
0.12785715     0.069384714916126
0.12825794     0.069997268753064
0.12865873     0.070613030335626
0.12905953     0.071232002322907
0.12946032     0.071854187314707
0.12986111     0.072479587851484
0.13026191     0.073108206414296
0.13066270     0.073740045424765
0.13106350     0.074375107245015
0.13146429     0.075013394177639
0.13186508     0.075654908465640
0.13226588     0.076299652292398
0.13266667     0.076947627781616
0.13306746     0.077598836997284
0.13346826     0.078253281943633
0.13386905     0.078910964565096
0.13426984     0.079571886746270
0.13467064     0.080236050311868
0.13507143     0.080903457026694
0.13547223     0.081574108595595
0.13587302     0.082248006663431
0.13627381     0.082925152815037
0.13667461     0.083605548575190
0.13707540     0.084289195408577
0.13747619     0.084976094719759
0.13787699     0.085666247853143
0.13827778     0.086359656092952
0.13867857     0.087056320663192
0.13907937     0.087756242727632
0.13948016     0.088459423389764
0.13988096     0.089165863692791
0.14028175     0.089875564619589
0.14068254     0.090588527092692
0.14108334     0.091304751974264
0.14148413     0.092024240066078
0.14188492     0.092746992109493
0.14228572     0.093473008785437
0.14268651     0.094202290714386
0.14308730     0.094934838456344
0.14348810     0.095670652510828
0.14388889     0.096409733316850
0.14428969     0.097152081252905
0.14469048     0.097897696636952
0.14509127     0.098646579726404
0.14549207     0.099398730718113
0.14589286     0.100154149748362
0.14629365     0.100912836892851
0.14669445     0.101674792166693
0.14709524     0.102440015524399
0.14749603     0.103208506859875
0.14789683     0.103980266006417
0.14829762     0.104755292736699
0.14869842     0.105533586762777
0.14909921     0.106315147736083
0.14950000     0.107099975247417
0.14990080     0.107888068826955
0.15030159     0.108679427944242
0.15070238     0.109474052008196
0.15110318     0.110271940367113
0.15150397     0.111073092308658
0.15190476     0.111877507059885
0.15230556     0.112685183787230
0.15270635     0.113496121596520
0.15310715     0.114310319532986
0.15350794     0.115127776581260
0.15390873     0.115948491665394
0.15430953     0.116772463648865
0.15471032     0.117599691334588
0.15511111     0.118430173464928
0.15551191     0.119263908721710
0.15591270     0.120100895726242
0.15631349     0.120941133039318
0.15671429     0.121784619161246
0.15711508     0.122631352531857
0.15751588     0.123481331530530
0.15791667     0.124334554476207
0.15831746     0.125191019627414
0.15871826     0.126050725182286
0.15911905     0.126913669278586
0.15951984     0.127779849993731
0.15992064     0.128649265344818
0.16032143     0.129521913288644
0.16072222     0.130397791721742
0.16112302     0.131276898480401
0.16152381     0.132159231340701
0.16192461     0.133044788018540
0.16232540     0.133933566169665
0.16272619     0.134825563389707
0.16312699     0.135720777214215
0.16352778     0.136619205118685
0.16392857     0.137520844518602
0.16432937     0.138425692769475
0.16473016     0.139333747166872
0.16513095     0.140245004946465
0.16553175     0.141159463284063
0.16593254     0.142077119295659
0.16633334     0.142997970037469
0.16673413     0.143922012505979
0.16713492     0.144849243637985
0.16753572     0.145779660310641
0.16793651     0.146713259341508
0.16833730     0.147650037488599
0.16873810     0.148589991450428
0.16913889     0.149533117866064
0.16953968     0.150479413315178
0.16994048     0.151428874318097
0.17034127     0.152381497335859
0.17074207     0.153337278770269
0.17114286     0.154296214963950
0.17154365     0.155258302200404
0.17194445     0.156223536704070
0.17234524     0.157191914640385
0.17274603     0.158163432115841
0.17314683     0.159138085178049
0.17354762     0.160115869815802
0.17394841     0.161096781959140
0.17434921     0.162080817479414
0.17475000     0.163067972189353
0.17515079     0.164058241843133
0.17555159     0.165051622136444
0.17595238     0.166048108706566
0.17635318     0.167047697132428
0.17675397     0.168050382934695
0.17715476     0.169056161575834
0.17755556     0.170065028460191
0.17795635     0.171076978934066
0.17835714     0.172092008285794
0.17875794     0.173110111745819
0.17915873     0.174131284486780
0.17955952     0.175155521623587
0.17996032     0.176182818213506
0.18036111     0.177213169256245
0.18076191     0.178246569694033
0.18116270     0.179283014411714
0.18156349     0.180322498236830
0.18196429     0.181365015939710
0.18236508     0.182410562233565
0.18276587     0.183459131774571
0.18316667     0.184510719161971
0.18356746     0.185565318938164
0.18396825     0.186622925588800
0.18436905     0.187683533542882
0.18476984     0.188747137172858
0.18517064     0.189813730794725
0.18557143     0.190883308668127
0.18597222     0.191955864996458
0.18637302     0.193031393926968
0.18677381     0.194109889550863
0.18717460     0.195191345903415
0.18757540     0.196275756964069
0.18797619     0.197363116656554
0.18837698     0.198453418848987
0.18877778     0.199546657353989
0.18917857     0.200642825928802
0.18957937     0.201741918275396
0.18998016     0.202843928040589
0.19038095     0.203948848816166
0.19078175     0.205056674138994
0.19118254     0.206167397491143
0.19158333     0.207281012300013
0.19198413     0.208397511938447
0.19238492     0.209516889724866
0.19278571     0.210639138923388
0.19318651     0.211764252743960
0.19358730     0.212892224342483
0.19398810     0.214023046820946
0.19438889     0.215156713227553
0.19478968     0.216293216556867
0.19519048     0.217432549749930
0.19559127     0.218574705694409
0.19599206     0.219719677224736
0.19639286     0.220867457122240
0.19679365     0.222018038115293
0.19719444     0.223171412879451
0.19759524     0.224327574037597
0.19799603     0.225486514160089
0.19839683     0.226648225764908
0.19879762     0.227812701317803
0.19919841     0.228979933232443
0.19959921     0.230149913870570
0.20000000     0.231322635542153
