0.00000398     0.000000027917635
0.00040477     0.000000546296085
0.00080557     0.000002163770242
0.00120636     0.000004852468463
0.00160715     0.000008612403260
0.00200795     0.000013443586705
0.00240874     0.000019346031576
0.00280953     0.000026319754833
0.00321033     0.000034364776834
0.00361112     0.000043481120735
0.00401192     0.000053668812875
0.00441271     0.000064927882665
0.00481350     0.000077258362672
0.00521430     0.000090660288305
0.00561509     0.000105133698484
0.00601588     0.000120678634854
0.00641668     0.000137295142353
0.00681747     0.000154983268960
0.00721826     0.000173743065668
0.00761906     0.000193574586677
0.00801985     0.000214477889206
0.00842065     0.000236453033556
0.00882144     0.000259500083211
0.00922223     0.000283619104597
0.00962303     0.000308810167330
0.01002382     0.000335073344100
0.01042461     0.000362408710634
0.01082541     0.000390816345815
0.01122620     0.000420296331551
0.01162699     0.000450848752868
0.01202779     0.000482473697852
0.01242858     0.000515171257699
0.01282938     0.000548941526652
0.01323017     0.000583784602070
0.01363096     0.000619700584366
0.01403176     0.000656689577048
0.01443255     0.000694751686695
0.01483334     0.000733887022961
0.01523414     0.000774095698584
0.01563493     0.000815377829368
0.01603572     0.000857733534197
0.01643652     0.000901162935030
0.01683731     0.000945666156895
0.01723810     0.000991243327889
0.01763890     0.001037894579186
0.01803969     0.001085620045015
0.01844049     0.001134419862688
0.01884128     0.001184294172577
0.01924207     0.001235243118120
0.01964287     0.001287266845814
0.02004366     0.001340365505229
0.02044445     0.001394539248981
0.02084525     0.001449788232761
0.02124604     0.001506112615307
0.02164683     0.001563512558419
0.02204763     0.001621988226959
0.02244842     0.001681539788829
0.02284922     0.001742167414994
0.02325001     0.001803871279466
0.02365080     0.001866651559306
0.02405160     0.001930508434630
0.02445239     0.001995442088588
0.02485318     0.002061452707383
0.02525398     0.002128540480258
0.02565477     0.002196705599500
0.02605556     0.002265948260433
0.02645636     0.002336268661420
0.02685715     0.002407667003856
0.02725795     0.002480143492172
0.02765874     0.002553698333835
0.02805953     0.002628331739336
0.02846033     0.002704043922198
0.02886112     0.002780835098971
0.02926191     0.002858705489226
0.02966271     0.002937655315557
0.03006350     0.003017684803581
0.03046429     0.003098794181927
0.03086509     0.003180983682248
0.03126588     0.003264253539204
0.03166668     0.003348603990469
0.03206747     0.003434035276727
0.03246826     0.003520547641666
0.03286906     0.003608141331986
0.03326985     0.003696816597381
0.03367064     0.003786573690548
0.03407144     0.003877412867181
0.03447223     0.003969334385974
0.03487302     0.004062338508606
0.03527382     0.004156425499753
0.03567461     0.004251595627075
0.03607541     0.004347849161217
0.03647620     0.004445186375808
0.03687699     0.004543607547458
0.03727779     0.004643112955746
0.03767858     0.004743702883242
0.03807937     0.004845377615468
0.03848017     0.004948137440930
0.03888096     0.005051982651094
0.03928175     0.005156913540388
0.03968255     0.005262930406203
0.04008334     0.005370033548887
0.04048414     0.005478223271741
0.04088493     0.005587499881020
0.04128572     0.005697863685926
0.04168652     0.005809314998603
0.04208731     0.005921854134144
0.04248810     0.006035481410576
0.04288890     0.006150197148862
0.04328969     0.006266001672901
0.04369048     0.006382895309517
0.04409128     0.006500878388463
0.04449207     0.006619951242415
0.04489287     0.006740114206965
0.04529366     0.006861367620622
0.04569445     0.006983711824812
0.04609525     0.007107147163863
0.04649604     0.007231673985013
0.04689683     0.007357292638398
0.04729763     0.007484003477055
0.04769842     0.007611806856915
0.04809921     0.007740703136799
0.04850001     0.007870692678414
0.04890080     0.008001775846351
0.04930160     0.008133953008081
0.04970239     0.008267224533950
0.05010318     0.008401590797173
0.05050398     0.008537052173839
0.05090477     0.008673609042890
0.05130556     0.008811261786137
0.05170636     0.008950010788241
0.05210715     0.009089856436716
0.05250794     0.009230799121923
0.05290874     0.009372839237063
0.05330953     0.009515977178181
0.05371033     0.009660213344150
0.05411112     0.009805548136675
0.05451191     0.009951981960289
0.05491271     0.010099515222340
0.05531350     0.010248148332997
0.05571429     0.010397881705240
0.05611509     0.010548715754852
0.05651588     0.010700650900424
0.05691667     0.010853687563342
0.05731747     0.011007826167785
0.05771826     0.011163067140719
0.05811906     0.011319410911896
0.05851985     0.011476857913844
0.05892064     0.011635408581864
0.05932144     0.011795063354030
0.05972223     0.011955822671173
0.06012302     0.012117686976885
0.06052382     0.012280656717512
0.06092461     0.012444732342148
0.06132540     0.012609914302628
0.06172620     0.012776203053523
0.06212699     0.012943599052139
0.06252779     0.013112102758507
0.06292858     0.013281714635381
0.06332937     0.013452435148226
0.06373017     0.013624264765221
0.06413096     0.013797203957247
0.06453175     0.013971253197884
0.06493255     0.014146412963406
0.06533334     0.014322683732773
0.06573413     0.014500065987627
0.06613493     0.014678560212281
0.06653572     0.014858166893725
0.06693652     0.015038886521604
0.06733731     0.015220719588227
0.06773810     0.015403666588550
0.06813890     0.015587728020174
0.06853969     0.015772904383339
0.06894048     0.015959196180919
0.06934128     0.016146603918411
0.06974207     0.016335128103932
0.07014286     0.016524769248214
0.07054366     0.016715527864592
0.07094445     0.016907404469003
0.07134524     0.017100399579977
0.07174604     0.017294513718628
0.07214683     0.017489747408652
0.07254763     0.017686101176315
0.07294842     0.017883575550451
0.07334921     0.018082171062451
0.07375001     0.018281888246258
0.07415080     0.018482727638361
0.07455159     0.018684689777781
0.07495239     0.018887775206076
0.07535318     0.019091984467319
0.07575397     0.019297318108107
0.07615477     0.019503776677535
0.07655556     0.019711360727207
0.07695636     0.019920070811213
0.07735715     0.020129907486130
0.07775794     0.020340871311016
0.07815874     0.020552962847390
0.07855953     0.020766182659241
0.07896032     0.020980531313007
0.07936112     0.021196009377572
0.07976191     0.021412617424258
0.08016270     0.021630356026814
0.08056350     0.021849225761414
0.08096429     0.022069227206643
0.08136509     0.022290360943488
0.08176588     0.022512627555334
0.08216667     0.022736027627955
0.08256747     0.022960561749499
0.08296826     0.023186230510487
0.08336905     0.023413034503802
0.08376985     0.023640974324678
0.08417064     0.023870050570691
0.08457143     0.024100263841755
0.08497223     0.024331614740106
0.08537302     0.024564103870299
0.08577382     0.024797731839195
0.08617461     0.025032499255951
0.08657540     0.025268406732014
0.08697620     0.025505454881111
0.08737699     0.025743644319235
0.08777778     0.025982975664642
0.08817858     0.026223449537835
0.08857937     0.026465066561561
0.08898016     0.026707827360791
0.08938096     0.026951732562723
0.08978175     0.027196782796761
0.09018255     0.027442978694510
0.09058334     0.027690320889766
0.09098413     0.027938810018503
0.09138493     0.028188446718864
0.09178572     0.028439231631152
0.09218651     0.028691165397817
0.09258731     0.028944248663446
0.09298810     0.029198482074754
0.09338889     0.029453866280571
0.09378969     0.029710401931830
0.09419048     0.029968089681561
0.09459128     0.030226930184874
0.09499207     0.030486924098952
0.09539286     0.030748072083036
0.09579366     0.031010374798419
0.09619445     0.031273832908428
0.09659524     0.031538447078417
0.09699604     0.031804217975754
0.09739683     0.032071146269807
0.09779762     0.032339232631938
0.09819842     0.032608477735485
0.09859921     0.032878882255750
0.09900001     0.033150446869993
0.09940080     0.033423172257412
0.09980159     0.033697059099137
0.10020239     0.033972108078214
0.10060318     0.034248319879590
0.10100397     0.034525695190108
0.10140477     0.034804234698489
0.10180556     0.035083939095315
0.10220635     0.035364809073026
0.10260715     0.035646845325901
0.10300794     0.035930048550042
0.10340874     0.036214419443366
0.10380953     0.036499958705590
0.10421032     0.036786667038217
0.10461112     0.037074545144522
0.10501191     0.037363593729539
0.10541270     0.037653813500044
0.10581350     0.037945205164549
0.10621429     0.038237769433278
0.10661508     0.038531507018160
0.10701588     0.038826418632810
0.10741667     0.039122504992519
0.10781747     0.039419766814236
0.10821826     0.039718204816554
0.10861905     0.040017819719695
0.10901985     0.040318612245498
0.10942064     0.040620583117398
0.10982143     0.040923733060420
0.11022223     0.041228062801153
0.11062302     0.041533573067742
0.11102381     0.041840264589870
0.11142461     0.042148138098743
0.11182540     0.042457194327075
0.11222620     0.042767434009068
0.11262699     0.043078857880402
0.11302778     0.043391466678215
0.11342858     0.043705261141088
0.11382937     0.044020242009027
0.11423016     0.044336410023448
0.11463096     0.044653765927163
0.11503175     0.044972310464357
0.11543254     0.045292044380575
0.11583334     0.045612968422705
0.11623413     0.045935083338960
0.11663493     0.046258389878863
0.11703572     0.046582888793225
0.11743651     0.046908580834130
0.11783731     0.047235466754918
0.11823810     0.047563547310168
0.11863889     0.047892823255675
0.11903969     0.048223295348438
0.11944048     0.048554964346639
0.11984127     0.048887831009623
0.12024207     0.049221896097883
0.12064286     0.049557160373038
0.12104365     0.049893624597816
0.12144445     0.050231289536037
0.12184524     0.050570155952589
0.12224604     0.050910224613410
0.12264683     0.051251496285474
0.12304762     0.051593971736766
0.12344842     0.051937651736261
0.12384921     0.052282537053911
0.12425000     0.052628628460619
0.12465080     0.052975926728221
0.12505159     0.053324432629463
0.12545238     0.053674146937988
0.12585318     0.054025070428307
0.12625397     0.054377203875782
0.12665477     0.054730548056607
0.12705556     0.055085103747781
0.12745635     0.055440871727094
0.12785715     0.055797852773100
0.12825794     0.056156047665100
0.12865873     0.056515457183115
0.12905953     0.056876082107869
0.12946032     0.057237923220764
0.12986111     0.057600981303861
0.13026191     0.057965257139852
0.13066270     0.058330751512045
0.13106350     0.058697465204334
0.13146429     0.059065399001182
0.13186508     0.059434553687594
0.13226588     0.059804930049096
0.13266667     0.060176528871711
0.13306746     0.060549350941936
0.13346826     0.060923397046716
0.13386905     0.061298667973425
0.13426984     0.061675164509836
0.13467064     0.062052887444101
0.13507143     0.062431837564727
0.13547223     0.062812015660547
0.13587302     0.063193422520699
0.13627381     0.063576058934600
0.13667461     0.063959925691922
0.13707540     0.064345023582566
0.13747619     0.064731353396635
0.13787699     0.065118915924411
0.13827778     0.065507711956327
0.13867857     0.065897742282941
0.13907937     0.066289007694914
0.13948016     0.066681508982976
0.13988096     0.067075246937909
0.14028175     0.067470222350510
0.14068254     0.067866436011571
0.14108334     0.068263888711851
0.14148413     0.068662581242047
0.14188492     0.069062514392767
0.14228572     0.069463688954501
0.14268651     0.069866105717596
0.14308730     0.070269765472228
0.14348810     0.070674669008369
0.14388889     0.071080817115763
0.14428969     0.071488210583897
0.14469048     0.071896850201969
0.14509127     0.072306736758862
0.14549207     0.072717871043114
0.14589286     0.073130253842886
0.14629365     0.073543885945938
0.14669445     0.073958768139593
0.14709524     0.074374901210712
0.14749603     0.074792285945654
0.14789683     0.075210923130263
0.14829762     0.075630813549818
0.14869842     0.076051957989017
0.14909921     0.076474357231935
0.14950000     0.076898012061999
0.14990080     0.077322923261956
0.15030159     0.077749091613839
0.15070238     0.078176517898936
0.15110318     0.078605202897756
0.15150397     0.079035147390000
0.15190476     0.079466352154527
0.15230556     0.079898817969318
0.15270635     0.080332545611446
0.15310715     0.080767535857046
0.15350794     0.081203789481274
0.15390873     0.081641307258275
0.15430953     0.082080089961155
0.15471032     0.082520138361939
0.15511111     0.082961453231542
0.15551191     0.083404035339731
0.15591270     0.083847885455094
0.15631349     0.084293004344998
0.15671429     0.084739392775559
0.15711508     0.085187051511608
0.15751588     0.085635981316649
0.15791667     0.086086182952826
0.15831746     0.086537657180890
0.15871826     0.086990404760154
0.15911905     0.087444426448466
0.15951984     0.087899723002166
0.15992064     0.088356295176048
0.16032143     0.088814143723326
0.16072222     0.089273269395594
0.16112302     0.089733672942791
0.16152381     0.090195355113156
0.16192461     0.090658316653195
0.16232540     0.091122558307643
0.16272619     0.091588080819421
0.16312699     0.092054884929599
0.16352778     0.092522971377355
0.16392857     0.092992340899939
0.16432937     0.093462994232626
0.16473016     0.093934932108684
0.16513095     0.094408155259327
0.16553175     0.094882664413677
0.16593254     0.095358460298722
0.16633334     0.095835543639274
0.16673413     0.096313915157932
0.16713492     0.096793575575035
0.16753572     0.097274525608616
0.16793651     0.097756765974375
0.16833730     0.098240297385619
0.16873810     0.098725120553228
0.16913889     0.099211236185613
0.16953968     0.099698644988665
0.16994048     0.100187347665721
0.17034127     0.100677344917511
0.17074207     0.101168637442122
0.17114286     0.101661225934944
0.17154365     0.102155111088636
0.17194445     0.102650293593072
0.17234524     0.103146774135297
0.17274603     0.103644553399490
0.17314683     0.104143632066904
0.17354762     0.104644010815832
0.17394841     0.105145690321553
0.17434921     0.105648671256290
0.17475000     0.106152954289160
0.17515079     0.106658540086125
0.17555159     0.107165429309951
0.17595238     0.107673622620153
0.17635318     0.108183120672951
0.17675397     0.108693924121221
0.17715476     0.109206033614442
0.17755556     0.109719449798655
0.17795635     0.110234173316407
0.17835714     0.110750204806701
0.17875794     0.111267544904953
0.17915873     0.111786194242934
0.17955952     0.112306153448722
0.17996032     0.112827423146657
0.18036111     0.113350003957279
0.18076191     0.113873896497283
0.18116270     0.114399101379469
0.18156349     0.114925619212687
0.18196429     0.115453450601784
0.18236508     0.115982596147554
0.18276587     0.116513056446681
0.18316667     0.117044832091692
0.18356746     0.117577923670897
0.18396825     0.118112331768339
0.18436905     0.118648056963739
0.18476984     0.119185099832441
0.18517064     0.119723460945358
0.18557143     0.120263140868915
0.18597222     0.120804140164998
0.18637302     0.121346459390893
0.18677381     0.121890099099233
0.18717460     0.122435059837941
0.18757540     0.122981342150175
0.18797619     0.123528946574265
0.18837698     0.124077873643665
0.18877778     0.124628123886889
0.18917857     0.125179697827452
0.18957937     0.125732595983821
0.18998016     0.126286818869342
0.19038095     0.126842366992194
0.19078175     0.127399240855323
0.19118254     0.127957440956385
0.19158333     0.128516967787684
0.19198413     0.129077821836117
0.19238492     0.129640003583104
0.19278571     0.130203513504540
0.19318651     0.130768352070719
0.19358730     0.131334519746288
0.19398810     0.131902016990172
0.19438889     0.132470844255522
0.19478968     0.133041001989643
0.19519048     0.133612490633941
0.19559127     0.134185310623853
0.19599206     0.134759462388787
0.19639286     0.135334946352055
0.19679365     0.135911762930811
0.19719444     0.136489912535990
0.19759524     0.137069395572236
0.19799603     0.137650212437844
0.19839683     0.138232363524686
0.19879762     0.138815849218156
0.19919841     0.139400669897096
0.19959921     0.139986825933733
0.20000000     0.140574317693608
