-11.1053     0.000886819
-9.52475     -0.000644426
-7.48788     -0.000832645
-5.90047     0.00040586
-4.32331     -0.00251026
-2.74229     -0.00404155
-1.39477     -0.00832433
0.178973     -0.0126253
1.51966     -0.0196779
3.08701     -0.0267513
4.87673     -0.0352305
5.99461     -0.0408773
7.78135     -0.0507441
8.89582     -0.057773
10.2399     -0.0634407
11.3544     -0.0704723
12.016     -0.0774621
12.9008     -0.0858577
14.2415     -0.0929102
15.5792     -0.101348
16.9199     -0.1084
17.8043     -0.116798
19.3648     -0.126642
21.1511     -0.136506
22.4991     -0.140789
23.6135     -0.14782
24.7481     -0.14654
25.6671     -0.141081
26.137     -0.134196
26.3803     -0.12729
26.6236     -0.120384
26.6407     -0.113457
26.8806     -0.107935
27.1307     -0.0982595
27.6041     -0.0899894
27.6314     -0.0789051
27.8747     -0.0719989
28.1249     -0.062323
28.3784     -0.0512595
28.629     -0.0415836
28.886     -0.0291353
28.9065     -0.0208234
29.1668     -0.00699013
29.1907     0.00270668
29.4511     0.0165399
29.7081     0.0289883
29.7388     0.0414575
29.773     0.0553116
30.0304     0.0677573
30.0441     0.0732994
30.0714     0.0843838
30.0919     0.0926958
30.5546     0.0968086
31.2234     0.0925912
31.2029     0.0842793
31.6383     0.0773104
31.8372     0.0662051
31.8167     0.0578932
32.0156     0.0467879
32.2145     0.0356853
32.1906     0.0259885
32.3865     0.0134983
32.5854     0.002393
32.5615     -0.00730382
32.9832     -0.0198149
33.1855     -0.0295326
32.9319     -0.0405961
33.3507     -0.0544921
33.5393     -0.069752
33.7416     -0.0794697
33.9371     -0.0919598
34.1292     -0.105835
34.3353     -0.114168
34.9969     -0.121158
35.6828     -0.118451
36.1489     -0.11295
36.6223     -0.10468
36.636     -0.0991379
36.6599     -0.0894411
36.9066     -0.0811473
37.1533     -0.0728563
37.1772     -0.0631595
37.1977     -0.0548475
37.4513     -0.0437841
37.4786     -0.0327024
37.7322     -0.0216389
38.2158     -0.0092115
38.0135     0.000506216
38.2636     0.0101821
38.5206     0.0226305
38.5411     0.0309424
38.5616     0.0392544
38.8117     0.048933
38.8322     0.0572449
39.0823     0.0669208
39.1097     0.0780052
39.1336     0.087702
39.1507     0.0946291
39.6172     0.100129
40.2822     0.0945245
40.9408     0.0861498
41.1465     0.077817
41.1192     0.0667326
41.0919     0.0556509
41.284     0.0417759
41.2532     0.0293066
41.2225     0.0168374
41.4179     0.00434989
41.8469     -0.00539147
42.0458     -0.0164941
42.0151     -0.0289633
42.2174     -0.038681
42.4163     -0.0497863
42.6122     -0.0622765
42.8077     -0.074764
42.7803     -0.0858484
42.9792     -0.0969536
43.1849     -0.105286
43.3907     -0.113619
44.2892     -0.116473
44.5359     -0.108182
44.7792     -0.101276
44.7997     -0.0929636
44.8168     -0.0860365
44.8373     -0.0777246
44.8612     -0.0680251
45.3311     -0.0611399
45.3551     -0.0514431
45.612     -0.0389947
46.0815     -0.0321095
46.102     -0.0237975
46.1259     -0.0141007
46.1533     -0.00301633
46.6335     0.00802351
46.6642     0.0204928
46.2353     0.0302314
46.7155     0.041274
46.9554     0.0467952
46.9827     0.0578769
46.9998     0.064804
47.0203     0.0731159
47.4932     0.0813861
47.5103     0.0883131
47.754     0.0952192
48.6555     0.0937508
48.8582     0.084033
48.6043     0.0729696
48.5769     0.0618879
48.7865     0.0549399
48.7592     0.0438555
48.9547     0.0313653
49.1467     0.017493
49.3422     0.00500283
49.5343     -0.0088722
49.5103     -0.018569
49.2602     -0.0282476
49.4625     -0.0379653
49.6584     -0.0504555
50.0801     -0.0629666
50.279     -0.0740692
50.2517     -0.0851536
50.6841     -0.0935074
50.8932     -0.100455
51.7947     -0.101924
51.8118     -0.0949967
51.8323     -0.0866848
51.8528     -0.0783729
52.3159     -0.0742574
52.5592     -0.0673512
52.5865     -0.0562696
53.0629     -0.0466119
53.0834     -0.0382999
53.1073     -0.0286031
53.351     -0.021697
53.5943     -0.0147908
53.8445     -0.00511492
53.8684     0.00458458
53.8957     0.0156663
53.923     0.0267507
54.1698     0.0350417
54.1903     0.0433536
54.2073     0.0502807
54.4541     0.0585717
54.9206     0.0640721
54.7149     0.0724049
55.1844     0.0792902
55.843     0.0709155
55.8157     0.0598338
56.0112     0.0473436
56.193     0.0293113
56.1588     0.0154571
56.3543     0.00296968
56.7764     -0.00954142
56.7423     -0.0233955
56.948     -0.0317284
57.3731     -0.0428546
57.1196     -0.0539154
57.0888     -0.0663846
57.2911     -0.0761023
57.4934     -0.0858227
58.1555     -0.0928126
58.8444     -0.088718
59.0915     -0.080427
59.1154     -0.0707302
59.3587     -0.063824
59.6123     -0.0527605
59.6328     -0.0444486
60.3256     -0.0389691
60.116     -0.0320211
60.1399     -0.0223243
60.1604     -0.0140124
60.4075     -0.00572139
60.428     0.00259324
60.4451     0.00952031
60.4622     0.0164474
60.9283     0.0219451
61.1716     0.0288512
61.1921     0.0371632
60.9864     0.0454987
61.0069     0.0538106
61.0274     0.0621226
61.7201     0.067602
62.3749     0.0578398
62.5772     0.0481221
62.9993     0.035611
63.1982     0.0245084
63.3937     0.0120182
63.8158     -0.000492881
63.7851     -0.0129621
63.9942     -0.0199074
64.1897     -0.0323976
63.9328     -0.0448459
64.1316     -0.0559512
64.5636     -0.0643049
65.6986     -0.0630219
65.9453     -0.0547309
66.1924     -0.0464399
66.2095     -0.0395129
66.6825     -0.0312427
66.9326     -0.0215668
67.1759     -0.0146607
67.2032     -0.00357627
67.447     0.00332984
67.9233     0.0129849
67.9438     0.0212968
67.9643     0.0296087
68.211     0.0379025
68.6844     0.0461725
69.3528     0.0419525
69.7852     0.0335987
70.2137     0.0238601
70.1932     0.0155482
70.3956     0.00582776
70.3716     -0.00386906
70.5739     -0.0135895
70.55     -0.0232863
70.7494     -0.0343889
71.1677     -0.0482848
71.5996     -0.0566413
72.3026     -0.0470045
72.3265     -0.0373077
72.3504     -0.0276082
72.3675     -0.0206812
72.837     -0.0137986
72.8575     -0.00548396
73.5606     0.0041501
73.8039     0.0110563
73.8278     0.0207531
74.0745     0.0290441
74.3178     0.0359503
75.0037     0.03866
75.6555     0.0275128
76.5331     0.0163475
76.7324     0.0052422
77.1643     -0.00311155
77.5963     -0.0114653
78.0321     -0.0184342
78.2378     -0.0267671
78.9306     -0.0212876
79.1807     -0.0116117
79.6571     -0.0019567
79.6742     0.00497036
79.6947     0.0132823
79.938     0.0201885
80.4079     0.0270737
81.5497     0.0311264
82.4341     0.0227309
83.0927     0.0143562
83.2984     0.00602065
83.2711     -0.00506104
83.6967     -0.0161873
84.8282     -0.0162918
85.3012     -0.0080217
85.7707     -0.00113644
86.2372     0.0043639
86.4771     0.00988518
87.6087     0.00978062
88.26     -0.00136647
88.9254     -0.00696872
90.2695     -0.0126364
91.4079     -0.00997119
92.3303     -0.00312778
92.7999     0.00375747
93.0397     0.00927876
94.3979     0.00915325
95.7386     0.00210072
96.1672     -0.0076379
97.0554     -0.0146486
97.971     -0.0105777
98.4439     -0.00230753
99.3663     0.00453588
100.285     0.00999441
101.17     0.00159886
102.051     -0.00818161
103.179     -0.00967374
104.098     -0.00421521
104.575     0.00544249
105.041     0.0109401
106.632     0.0135662
107.061     0.00382489
107.04     -0.00448704
106.793     -0.0127781
107.918     -0.0156524
108.611     -0.0101756
109.08     -0.00329039
109.554     0.00498239
110.02     0.0104801
110.486     0.0159805
111.611     0.0131062
112.262     0.00195902
112.238     -0.00773779
112.897     -0.0161125
114.265     -0.0120833
114.957     -0.00660385
115.654     0.00026046
116.123     0.00714572
117.032     0.00844693
117.238     0.00011409
117.443     -0.00821875
118.338     -0.0124597
119.035     -0.00559541
119.501     -0.0000950332
120.19     0.00399953
121.112     0.010843
122.     0.00383225
122.209     -0.00311571
122.419     -0.0100637
123.547     -0.0115558
124.692     -0.00611822
124.709     0.000808842
125.405     0.00767319
126.54     0.00895351
126.969     -0.000785115
127.627     -0.00915981
128.752     -0.0120368
129.445     -0.00655737
130.367     0.000286075
130.833     0.00578641
131.972     0.0084516
132.853     -0.00132887
133.521     -0.00554889
134.663     -0.00149614
135.356     0.00398329
136.714     0.00385783
138.507     -0.00323651
139.632     -0.00611351
140.777     -0.000675884
141.692     0.00339777
142.814     -0.000864103
143.938     -0.00373841
145.522     -0.00388478
146.664     0.000165279
147.796     0.0000607174
148.934     0.00272859
150.066     0.00262403
150.964     -0.000232063
152.089     -0.00310637
153.224     -0.00182606
154.136     0.00086272
155.497     0.00212213
156.625     0.000632693
157.747     -0.00362918
158.652     -0.00371284
160.02     0.000319008
161.158     0.0029842
162.28     -0.00127768
163.85     -0.00696355
164.762     -0.00427746
166.14     0.00390902
167.039     0.00105561
168.38     -0.00599692
169.072     -0.000517444
169.761     0.00357443
170.224     0.00768993
171.342     0.00204318
172.46     -0.00360357
173.591     -0.00370813
174.284     0.00177131
175.419     0.00305162
176.084     -0.00255328
176.523     -0.00813463
177.216     -0.00265784
178.138     0.00418556
179.27     0.004081
180.158     -0.00292972
181.276     -0.00857378
181.971     -0.00170943
182.661     0.00238244
184.245     0.00223607
185.133     -0.00477465
186.271     -0.00210677
186.964     0.00336997
187.88     0.00744363
188.997     0.00179692
189.663     -0.00380802
190.571     -0.00250411
191.717     0.00293082
192.625     0.00423473
193.75     0.00135773
194.658     0.00265899
195.786     0.00116955
197.137     -0.00172566
198.032     -0.00596664
199.171     -0.00329876
200.532     -0.00203935
201.653     -0.00630122
203.011     -0.00642669
204.156     -0.000989063
206.423     0.000186689
207.558     0.001467
208.696     0.00413488
210.507     0.00396756
211.635     0.00247813
212.53     -0.00176284
213.425     -0.00600377
215.009     -0.00615018
216.597     -0.00490899
217.965     -0.000879832
219.775     -0.00104715
221.575     -0.00536905
222.487     -0.00268295
223.18     0.00279648
224.534     0.00128614
226.115     -0.000247792
227.699     -0.000394203
229.513     0.000826087
231.55     0.000637868
232.891     -0.00641466
234.029     -0.00374947
