-10.7646     -0.00184402
-9.86309     -0.00331251
-8.73155     -0.00341707
-7.6     -0.00352163
-6.23881     -0.00226222
-4.88061     -0.00238773
-3.75247     -0.00387717
-2.40495     -0.00815995
-1.28707     -0.0138067
0.0570334     -0.0194744
0.715204     -0.027849
1.60687     -0.0334722
2.27231     -0.0390771
2.93048     -0.0474518
3.81873     -0.0544625
4.70014     -0.0642456
5.57814     -0.075411
6.45911     -0.0851941
7.56333     -0.0963804
8.67438     -0.104797
9.32616     -0.115944
10.4235     -0.129903
11.305     -0.139683
11.9631     -0.148058
13.0639     -0.160632
13.9419     -0.1718
14.8233     -0.18158
15.931     -0.191381
17.042     -0.199798
17.9269     -0.208196
19.4972     -0.213882
20.4162     -0.208426
21.1222     -0.197405
21.599     -0.18775
21.6263     -0.176665
22.1095     -0.164238
21.9106     -0.153135
22.1573     -0.144844
22.6268     -0.137959
22.6542     -0.126875
22.6781     -0.117178
22.6986     -0.108866
22.9389     -0.103345
23.1924     -0.0922811
23.2198     -0.0811994
23.2573     -0.0659604
23.5075     -0.0562818
23.5314     -0.046585
23.7781     -0.038294
23.8089     -0.0258247
23.8362     -0.014743
23.8567     -0.00642841
24.1068     0.0032475
24.1341     0.0143319
24.1615     0.0254136
23.9592     0.0351313
23.9865     0.0462157
24.0207     0.0600698
24.2776     0.0725181
24.3118     0.0863723
24.3425     0.0988388
24.3767     0.112693
24.6375     0.126526
24.8808     0.133432
25.1241     0.140338
25.148     0.150035
25.3913     0.156941
25.81     0.143045
26.0089     0.131943
25.9953     0.126401
25.9714     0.116704
26.1771     0.108371
26.1566     0.100056
26.3589     0.0903387
26.335     0.0806419
26.3077     0.0695575
26.51     0.0598398
26.4792     0.0473705
26.4553     0.0376737
26.4382     0.0307466
26.4212     0.0238196
26.6166     0.0113294
26.8194     0.00161165
26.792     -0.00947273
26.9909     -0.0205753
27.1864     -0.0330655
27.3853     -0.0441708
27.358     -0.0552524
27.3341     -0.064952
27.5398     -0.0732848
27.7323     -0.0871599
28.1608     -0.0968985
28.1233     -0.112137
28.3324     -0.119085
28.2982     -0.13294
28.2743     -0.142636
28.48     -0.150972
29.1489     -0.155189
29.6287     -0.144149
29.656     -0.133065
29.6731     -0.126138
30.1465     -0.117868
30.167     -0.109556
30.4103     -0.10265
30.657     -0.0943588
30.6809     -0.0846593
30.7014     -0.0763473
31.1679     -0.070847
31.1953     -0.0597653
31.2226     -0.0486809
31.2465     -0.0389841
31.716     -0.0320988
31.5137     -0.0223811
31.5376     -0.0126816
31.565     -0.00159994
31.8117     0.00669379
32.0618     0.0163697
32.0926     0.0288389
32.1165     0.0385358
32.37     0.0495992
32.4008     0.0620658
32.4178     0.0689929
32.4383     0.0773048
32.4588     0.0856194
32.4793     0.0939314
32.7197     0.0994499
32.9664     0.107744
33.2097     0.11465
33.4086     0.103545
33.6177     0.0965966
33.8268     0.0896486
33.8064     0.0813367
33.779     0.0702523
33.7551     0.0605555
33.7312     0.0508586
34.1636     0.0425049
34.1431     0.0341902
34.1192     0.0244934
34.0953     0.0147966
34.2942     0.00369132
34.26     -0.0101628
34.4589     -0.0212654
34.4316     -0.0323498
34.8674     -0.0393187
34.8469     -0.0476306
34.8161     -0.0600999
35.0116     -0.0725874
35.2105     -0.0836926
35.1934     -0.0906197
35.4026     -0.0975677
35.3855     -0.104495
35.5912     -0.112828
36.2806     -0.108736
36.5307     -0.0990571
36.5512     -0.0907452
36.7979     -0.0824541
37.0382     -0.0769329
37.0553     -0.0700058
37.0724     -0.0630788
37.3191     -0.0547877
37.7955     -0.0451327
37.8091     -0.0395905
37.8262     -0.0326635
37.8399     -0.0271213
37.8604     -0.0188093
38.1071     -0.0105183
38.131     -0.0008188
38.1515     0.00749314
38.6215     0.0143784
38.8682     0.0226694
38.659     0.0296174
38.6761     0.0365444
38.6932     0.0434715
38.7137     0.0517834
39.1764     0.0558962
40.0851     0.0572001
40.2874     0.0474797
40.2635     0.0377829
40.6921     0.0280443
40.6681     0.0183448
40.8743     0.0100119
41.3063     0.00165817
41.2858     -0.00665377
41.2618     -0.0163533
41.9273     -0.0219555
41.6733     -0.033019
42.3285     -0.0427785
42.3114     -0.0497056
42.5206     -0.0566536
43.4361     -0.0525826
43.6828     -0.0442889
43.9296     -0.0359978
44.1767     -0.0277068
44.6428     -0.0222065
45.1124     -0.0153212
44.9066     -0.00698836
44.9237     -0.0000612941
45.1636     0.00545999
45.6301     0.0109576
45.6438     0.0164998
45.6575     0.022042
45.8974     0.0275633
46.8129     0.0316343
47.238     0.0205108
47.4403     0.0107904
47.6461     0.00245752
48.075     -0.00728114
48.2808     -0.015614
48.7196     -0.021198
49.6078     -0.0282087
50.2971     -0.0241168
50.537     -0.0185955
50.7803     -0.0116894
51.0202     -0.0061681
51.264     0.00073802
51.7335     0.00762328
51.9768     0.0145294
52.4433     0.0200298
53.1357     0.0255066
53.8216     0.0282162
54.0273     0.0198834
54.2296     0.010163
54.2057     0.000466184
54.4183     -0.00509691
54.8507     -0.0134507
54.8268     -0.0231475
55.0359     -0.0300955
55.4644     -0.0398368
56.1299     -0.045439
56.8188     -0.0413471
57.2922     -0.033077
57.5389     -0.024786
57.5628     -0.0150865
57.5799     -0.00815944
57.597     -0.00123238
58.0596     0.00288044
58.5262     0.00838078
58.5399     0.013923
58.5604     0.0222349
58.5774     0.029162
59.7124     0.0304423
59.9113     0.0193397
60.1136     0.00961929
60.0965     0.00269222
60.3057     -0.00425575
60.5148     -0.0112037
60.4943     -0.0195157
60.7039     -0.0264637
61.1392     -0.0334325
61.8081     -0.0376499
62.2742     -0.0321495
62.7472     -0.0238794
62.9943     -0.0155884
63.0114     -0.00866134
63.2547     -0.00175518
63.498     0.00515098
63.5151     0.012078
63.9812     0.0175757
64.4511     0.0244609
64.8899     0.0188796
65.0957     0.0105468
65.2984     0.000826347
65.9532     -0.00893318
66.1623     -0.0158811
67.054     -0.021507
67.9559     -0.0229755
67.9798     -0.0132787
68.4561     -0.00362102
68.48     0.0060758
68.4937     0.011618
68.9603     0.0171156
69.6492     0.0212102
70.534     0.0128146
71.1926     0.00443995
71.3949     -0.00528046
71.3744     -0.0135924
71.5801     -0.0219252
72.5094     -0.0123121
72.9755     -0.0068117
73.8979     0.0000317032
74.3606     0.00414721
75.7115     0.0012493
76.377     -0.00435295
77.5017     -0.00722995
78.4104     -0.00592873
79.326     -0.00185508
80.461     -0.000574762
81.5818     -0.00483391
82.9264     -0.0105016
82.899     -0.021586
83.8381     -0.00781547
84.5309     -0.00233603
85.2202     0.00175853
86.1319     0.00444466
86.7974     -0.00116028
87.4624     -0.00676518
87.6754     -0.0123256
88.5837     -0.0110244
89.0502     -0.00552403
89.5163     -0.0000263394
89.9829     0.005474
91.111     0.00398456
91.543     -0.00436918
91.7487     -0.012702
92.6438     -0.016943
93.5559     -0.0142569
93.7992     -0.00735075
94.0391     -0.00182946
94.5052     0.00367092
94.9718     0.00917126
95.8737     0.00770273
96.309     0.000733855
96.7444     -0.00623502
96.9506     -0.0145706
97.8691     -0.00911202
98.3425     -0.000841928
98.8086     0.00465845
99.4945     0.00736814
100.379     -0.00103015
100.815     -0.00799902
101.024     -0.014947
101.946     -0.00810358
102.412     -0.0026032
102.652     0.00291808
103.325     0.0000855813
103.767     -0.00411354
104.209     -0.0083127
105.108     -0.0111661
105.574     -0.00566573
106.267     -0.000186295
106.956     0.00390562
108.084     0.00241618
109.195     -0.00600032
110.1     -0.00608398
110.789     -0.00199207
111.921     -0.00209663
113.052     -0.00220119
114.187     -0.000918186
115.548     0.000341223
116.907     0.000215717
118.024     -0.00543103
119.163     -0.00276585
120.301     -0.0000979678
121.659     -0.000223434
122.557     -0.00307949
123.695     -0.000411612
124.827     -0.000516174
125.719     -0.00614202
126.854     -0.00486171
127.1     0.00342933
128.242     0.00748208
128.681     0.00189804
129.346     -0.00370686
130.012     -0.00930911
130.707     -0.00244476
131.62     0.000241332
132.532     0.00292742
133.653     -0.00133176
134.095     -0.00553088
135.24     -0.0000932572
136.605     0.00255103
137.726     -0.00170816
138.625     -0.00456426
139.54     -0.000490599
140.436     -0.00473157
141.344     -0.00342766
142.256     -0.000741531
143.398     0.00331122
144.533     0.00459153
146.11     0.00167269
147.688     -0.00124343
149.944     -0.00422231
151.086     -0.000172245
153.575     -0.000402272
