0.452443     -0.0000418084
0.654729     -0.00977028
0.63424     -0.0180795
1.0662     -0.0264306
0.805826     -0.0402584
0.778508     -0.0513374
0.984242     -0.0596676
1.18697     -0.0693961
1.16303     -0.0791037
1.14254     -0.0874129
1.35172     -0.0943448
1.78368     -0.102696
1.75974     -0.112403
1.73925     -0.120715
1.71534     -0.130412
1.92106     -0.138745
2.12039     -0.14985
2.32271     -0.159568
2.52501     -0.169288
2.5011     -0.178985
2.92621     -0.190111
2.89889     -0.201193
3.09822     -0.212298
3.29712     -0.223401
3.49259     -0.235891
3.69832     -0.244224
3.90404     -0.252557
3.88013     -0.262256
4.3091     -0.271995
4.74788     -0.277579
5.66004     -0.27489
6.12273     -0.270777
6.58928     -0.265277
6.82916     -0.259756
7.06905     -0.254235
7.30893     -0.248716
8.21084     -0.250184
9.10593     -0.254423
10.0113     -0.254506
11.1496     -0.251841
12.2914     -0.247791
12.9906     -0.239539
13.4567     -0.234042
13.4772     -0.225727
13.4943     -0.2188
13.9642     -0.211915
13.9847     -0.203603
14.4543     -0.196717
14.4713     -0.18979
14.9447     -0.18152
15.1983     -0.17046
15.445     -0.162168
15.4723     -0.151084
15.719     -0.142793
15.9692     -0.133114
15.9931     -0.123418
16.2402     -0.115127
16.4835     -0.108223
16.7302     -0.0999348
16.5279     -0.0902064
16.5518     -0.0805257
16.7986     -0.0722105
16.8225     -0.0625298
17.0726     -0.0528431
17.0999     -0.0417641
17.1204     -0.0334549
17.3671     -0.0251665
17.3911     -0.0154589
17.6348     -0.00856896
17.8884     0.00251603
17.686     0.0122176
17.4833     0.0219461
17.5004     0.0288839
17.5243     0.0385646
17.5448     0.0468739
17.5619     0.0538117
17.8056     0.0607017
18.0455     0.0662472
18.7105     0.0606181
18.6934     0.0537071
18.8996     0.0453769
18.8723     0.0342979
19.3042     0.02592
19.2871     0.0190091
19.4929     0.0106789
19.6986     0.00234876
20.131     -0.00600234
20.1104     -0.0143385
20.3128     -0.0240401
20.2991     -0.0295796
20.7345     -0.0365592
20.7174     -0.0434701
20.6969     -0.0518063
21.1327     -0.058759
21.3453     -0.0643195
21.8182     -0.056052
21.8421     -0.0463713
22.0889     -0.0380561
22.1093     -0.0297468
22.353     -0.0228569
22.3735     -0.0145476
22.3906     -0.00760979
22.4146     0.00209778
22.4351     0.010407
22.8977     0.0145064
23.1444     0.0227948
23.3878     0.0297117
23.6281     0.0352302
24.2863     0.0268583
24.2691     0.0199204
24.4749     0.0115903
24.6845     0.00465841
24.8971     -0.000901994
25.1027     -0.00925904
25.3153     -0.0148194
25.7477     -0.0231705
25.9603     -0.0287309
26.8656     -0.0288146
27.3351     -0.0219186
27.3522     -0.0150077
27.5955     -0.00809075
27.8388     -0.00117383
27.8559     0.0057371
27.8695     0.0112766
28.1094     0.0167952
28.7988     0.0209005
29.0079     0.0139418
29.4403     0.00559069
29.4233     -0.00132024
29.6324     -0.00827897
29.8449     -0.0138394
30.2837     -0.0194207
30.7263     -0.0236306
31.6419     -0.0195462
32.1114     -0.0126771
32.1285     -0.00573924
32.3718     0.00117767
32.6117     0.00669627
33.0748     0.0107956
33.5068     0.00244454
33.9426     -0.00450824
34.6076     -0.0101373
35.0463     -0.0157186
35.7391     -0.0102419
36.2053     -0.00471732
36.2189     0.00082218
36.6855     0.00631983
37.5703     -0.00207308
38.2284     -0.0104719
39.1406     -0.00775895
39.6136     0.000508496
40.5121     -0.00234491
41.1809     -0.00657574
42.0755     -0.0108274
42.7683     -0.00532379
43.6805     -0.00263769
45.0383     -0.00276316
45.9368     -0.00561657
46.8523     -0.00155904
47.9834     -0.00166356
48.4261     -0.00584659
49.3416     -0.00178907
