-500.00000000     9.999663006060000
-498.43750000     9.999455404770000
-496.87500000     9.999358837120001
-495.31250000     9.999331582140000
-493.75000000     9.999337107630000
-492.18750000     9.999352313299999
-490.62500000     9.999366110180000
-489.06250000     9.999375103269999
-487.50000000     9.999379645110000
-485.93750000     9.999381274779999
-484.37500000     9.999381452430001
-482.81250000     9.999381145850000
-481.25000000     9.999380844019999
-479.68750000     9.999380714270000
-478.12500000     9.999380759139999
-476.56250000     9.999380923280000
-475.00000000     9.999381148900000
-473.43750000     9.999381395770000
-471.87500000     9.999381642540000
-470.31250000     9.999381881240000
-468.75000000     9.999382111030000
-467.18750000     9.999382333860000
-465.62500000     9.999382551980000
-464.06250000     9.999382767049999
-462.50000000     9.999382979989999
-460.93750000     9.999383191180000
-459.37500000     9.999383400679999
-457.81250000     9.999383608410000
-456.25000000     9.999383814290001
-454.68750000     9.999384018230000
-453.12500000     9.999384220200000
-451.56250000     9.999384420169999
-450.00000000     9.999384618120001
-448.43750000     9.999384814060001
-446.87500000     9.999385007980001
-445.31250000     9.999385199870000
-443.75000000     9.999385389730000
-442.18750000     9.999385577560000
-440.62500000     9.999385763350000
-439.06250000     9.999385947100000
-437.50000000     9.999386128799999
-435.93750000     9.999386308469999
-434.37500000     9.999386486090000
-432.81250000     9.999386661670000
-431.25000000     9.999386835230000
-429.68750000     9.999387006770000
-428.12500000     9.999387176290000
-426.56250000     9.999387343820000
-425.00000000     9.999387509370001
-423.43750000     9.999387672950000
-421.87500000     9.999387834589999
-420.31250000     9.999387994299999
-418.75000000     9.999388152100000
-417.18750000     9.999388308020000
-415.62500000     9.999388462080001
-414.06250000     9.999388614290000
-412.50000000     9.999388764670000
-410.93750000     9.999388913250000
-409.37500000     9.999389060040000
-407.81250000     9.999389205040000
-406.25000000     9.999389348259999
-404.68750000     9.999389489720000
-403.12500000     9.999389629410000
-401.56250000     9.999389767320000
-400.00000000     9.999389903450000
-398.43750000     9.999390037780000
-396.87500000     9.999390170290001
-395.31250000     9.999390300949999
-393.75000000     9.999390429740000
-392.18750000     9.999390556610001
-390.62500000     9.999390681530000
-389.06250000     9.999390804450000
-387.50000000     9.999390925329999
-385.93750000     9.999391044110000
-384.37500000     9.999391160760000
-382.81250000     9.999391275210000
-381.25000000     9.999391387419999
-379.68750000     9.999391497340000
-378.12500000     9.999391604930000
-376.56250000     9.999391710150000
-375.00000000     9.999391812970000
-373.43750000     9.999391913349999
-371.87500000     9.999392011290000
-370.31250000     9.999392106760000
-368.75000000     9.999392199780001
-367.18750000     9.999392290359999
-365.62500000     9.999392378500000
-364.06250000     9.999392464260000
-362.50000000     9.999392547679999
-360.93750000     9.999392628810000
-359.37500000     9.999392707720000
-357.81250000     9.999392784479999
-356.25000000     9.999392859200000
-354.68750000     9.999392931950000
-353.12500000     9.999393002850001
-351.56250000     9.999393072000000
-350.00000000     9.999393139520000
-348.43750000     9.999393205510000
-346.87500000     9.999393270100001
-345.31250000     9.999393333380000
-343.75000000     9.999393395460000
-342.18750000     9.999393456440000
-340.62500000     9.999393516390001
-339.06250000     9.999393575410000
-337.50000000     9.999393633530000
-335.93750000     9.999393690810001
-334.37500000     9.999393747259999
-332.81250000     9.999393802889999
-331.25000000     9.999393857670000
-329.68750000     9.999393911569999
-328.12500000     9.999393964499999
-326.56250000     9.999394016389999
-325.00000000     9.999394067120001
-323.43750000     9.999394116540000
-321.87500000     9.999394164500000
-320.31250000     9.999394210809999
-318.75000000     9.999394255269999
-317.18750000     9.999394297669999
-315.62500000     9.999394337769999
-314.06250000     9.999394375320000
-312.50000000     9.999394410080001
-310.93750000     9.999394441780000
-309.37500000     9.999394470180000
-307.81250000     9.999394495020001
-306.25000000     9.999394516060001
-304.68750000     9.999394533069999
-303.12500000     9.999394545830000
-301.56250000     9.999394554149999
-300.00000000     9.999394557860001
-298.43750000     9.999394556840000
-296.87500000     9.999394550970001
-295.31250000     9.999394540180001
-293.75000000     9.999394524460000
-292.18750000     9.999394503810001
-290.62500000     9.999394478290000
-289.06250000     9.999394448000000
-287.50000000     9.999394413099999
-285.93750000     9.999394373780000
-284.37500000     9.999394330279999
-282.81250000     9.999394282890000
-281.25000000     9.999394231940000
-279.68750000     9.999394177779999
-278.12500000     9.999394120830001
-276.56250000     9.999394061520000
-275.00000000     9.999394000320001
-273.43750000     9.999393937710000
-271.87500000     9.999393874210000
-270.31250000     9.999393810320001
-268.75000000     9.999393746570000
-267.18750000     9.999393683479999
-265.62500000     9.999393621559999
-264.06250000     9.999393561310001
-262.50000000     9.999393503200000
-260.93750000     9.999393447690000
-259.37500000     9.999393395180000
-257.81250000     9.999393346030001
-256.25000000     9.999393300560000
-254.68750000     9.999393259040000
-253.12500000     9.999393221669999
-251.56250000     9.999393188590000
-250.00000000     9.999393159860000
-248.43750000     9.999393135480000
-246.87500000     9.999393115369999
-245.31250000     9.999393099370000
-243.75000000     9.999393087250001
-242.18750000     9.999393078690000
-240.62500000     9.999393073289999
-239.06250000     9.999393070589999
-237.50000000     9.999393070030001
-235.93750000     9.999393071009999
-234.37500000     9.999393072829999
-232.81250000     9.999393074740000
-231.25000000     9.999393075940000
-229.68750000     9.999393075570000
-228.12500000     9.999393072720000
-226.56250000     9.999393066460000
-225.00000000     9.999393055810000
-223.43750000     9.999393039779999
-221.87500000     9.999393017359999
-220.31250000     9.999392987540000
-218.75000000     9.999392949310000
-217.18750000     9.999392901689999
-215.62500000     9.999392843690000
-214.06250000     9.999392774380000
-212.50000000     9.999392692850000
-210.93750000     9.999392598260000
-209.37500000     9.999392489790001
-207.81250000     9.999392366710000
-206.25000000     9.999392228360000
-204.68750000     9.999392074139999
-203.12500000     9.999391903539999
-201.56250000     9.999391716150001
-200.00000000     9.999391511640001
-198.43750000     9.999391289749999
-196.87500000     9.999391050380000
-195.31250000     9.999390793460000
-193.75000000     9.999390519080000
-192.18750000     9.999390227410000
-190.62500000     9.999389918709999
-189.06250000     9.999389593369999
-187.50000000     9.999389251860000
-185.93750000     9.999388894770000
-184.37500000     9.999388522769999
-182.81250000     9.999388136640000
-181.25000000     9.999387737239999
-179.68750000     9.999387325520001
-178.12500000     9.999386902520000
-176.56250000     9.999386469350000
-175.00000000     9.999386027200000
-173.43750000     9.999385577330001
-171.87500000     9.999385121070000
-170.31250000     9.999384659790000
-168.75000000     9.999384194919999
-167.18750000     9.999383727960000
-165.62500000     9.999383260429999
-164.06250000     9.999382793900001
-162.50000000     9.999382329950000
-160.93750000     9.999381870230000
-159.37500000     9.999381416380000
-157.81250000     9.999380970070000
-156.25000000     9.999380533000000
-154.68750000     9.999380106860000
-153.12500000     9.999379693350001
-151.56250000     9.999379294210000
-150.00000000     9.999378911140001
-148.43750000     9.999378545880001
-146.87500000     9.999378200130000
-145.31250000     9.999377875630000
-143.75000000     9.999377574069999
-142.18750000     9.999377297190000
-140.62500000     9.999377046670000
-139.06250000     9.999376824220001
-137.50000000     9.999376631530000
-135.93750000     9.999376470280000
-134.37500000     9.999376342160000
-132.81250000     9.999376248820001
-131.25000000     9.999376191930001
-129.68750000     9.999376173140000
-128.12500000     9.999376194100000
-126.56250000     9.999376256440000
-125.00000000     9.999376361780000
-123.43750000     9.999376511760000
-121.87500000     9.999376707960000
-120.31250000     9.999376952000000
-118.75000000     9.999377245440000
-117.18750000     9.999377589870001
-115.62500000     9.999377986840001
-114.06250000     9.999378437890000
-112.50000000     9.999378944540000
-110.93750000     9.999379508290000
-109.37500000     9.999380130620001
-107.81250000     9.999380812969999
-106.25000000     9.999381556760000
-104.68750000     9.999382363390000
-103.12500000     9.999383234210001
-101.56250000     9.999384170520001
-100.00000000     9.999385173580000
-98.43750000     9.999386244620000
-96.87500000     9.999387384800000
-95.31250000     9.999388595219999
-93.75000000     9.999389876920000
-92.18750000     9.999391230880001
-90.62500000     9.999392658000000
-89.06250000     9.999394159110000
-87.50000000     9.999395734940000
-85.93750000     9.999397386160000
-84.37500000     9.999399113320001
-82.81250000     9.999400916900001
-81.25000000     9.999402797260000
-79.68750000     9.999404754680000
-78.12500000     9.999406789300000
-76.56250000     9.999408901170000
-75.00000000     9.999411090230000
-73.43750000     9.999413356270001
-71.87500000     9.999415699009999
-70.31250000     9.999418117990000
-68.75000000     9.999420612670001
-67.18750000     9.999423182370000
-65.62500000     9.999425826280000
-64.06250000     9.999428543450000
-62.50000000     9.999431332840000
-60.93750000     9.999434193240001
-59.37500000     9.999437123340000
-57.81250000     9.999440121699999
-56.25000000     9.999443186760001
-54.68750000     9.999446316829999
-53.12500000     9.999449510100000
-51.56250000     9.999452764660001
-50.00000000     9.999456078490001
-48.43750000     9.999459449440000
-46.87500000     9.999462875270000
-45.31250000     9.999466353660001
-43.75000000     9.999469882170001
-42.18750000     9.999473458280001
-40.62500000     9.999477079400000
-39.06250000     9.999480742859999
-37.50000000     9.999484445909999
-35.93750000     9.999488185750000
-34.37500000     9.999491959520000
-32.81250000     9.999495764300001
-31.25000000     9.999499597160000
-29.68750000     9.999503455090000
-28.12500000     9.999507335100001
-26.56250000     9.999511234130001
-25.00000000     9.999515149160001
-23.43750000     9.999519077110000
-21.87500000     9.999523014939999
-20.31250000     9.999526959610000
-18.75000000     9.999530908080001
-17.18750000     9.999534857350000
-15.62500000     9.999538804429999
-14.06250000     9.999542746370000
-12.50000000     9.999546680280000
-10.93750000     9.999550603299999
-9.37500000     9.999554512610001
-7.81250000     9.999558405480000
-6.25000000     9.999562279199999
-4.68750000     9.999566131180000
-3.12500000     9.999569958870000
-1.56250000     9.999573759790000
0.00000000     9.999577531560000
1.56250000     9.999581271880000
3.12500000     9.999584978530001
4.68750000     9.999588649400000
6.25000000     9.999592282449999
7.81250000     9.999595875740001
9.37500000     9.999599427440000
10.93750000     9.999602935810000
12.50000000     9.999606399219999
14.06250000     9.999609816120000
15.62500000     9.999613185079999
17.18750000     9.999616504780001
18.75000000     9.999619773970000
20.31250000     9.999622991540001
21.87500000     9.999626156460000
23.43750000     9.999629267800000
25.00000000     9.999632324740000
26.56250000     9.999635326540000
28.12500000     9.999638272589999
29.68750000     9.999641162340000
31.25000000     9.999643995360000
32.81250000     9.999646771289999
34.37500000     9.999649489870000
35.93750000     9.999652150919999
37.50000000     9.999654754360000
39.06250000     9.999657300170000
40.62500000     9.999659788420001
42.18750000     9.999662219259999
43.75000000     9.999664592889999
45.31250000     9.999666909609999
46.87500000     9.999669169760001
48.43750000     9.999671373749999
50.00000000     9.999673522069999
51.56250000     9.999675615230000
53.12500000     9.999677653830000
54.68750000     9.999679638480000
56.25000000     9.999681569880000
57.81250000     9.999683448740001
59.37500000     9.999685275830000
60.93750000     9.999687051940001
62.50000000     9.999688777919999
64.06250000     9.999690454610001
65.62500000     9.999692082919999
67.18750000     9.999693663760000
68.75000000     9.999695198080000
70.31250000     9.999696686820000
71.87500000     9.999698130970000
73.43750000     9.999699531519999
75.00000000     9.999700889470001
76.56250000     9.999702205820000
78.12500000     9.999703481610000
79.68750000     9.999704717840000
81.25000000     9.999705915540000
82.81250000     9.999707075740000
84.37500000     9.999708199470000
85.93750000     9.999709287749999
87.50000000     9.999710341580000
89.06250000     9.999711361990000
90.62500000     9.999712349970000
92.18750000     9.999713306520000
93.75000000     9.999714232620001
95.31250000     9.999715129249999
96.87500000     9.999715997350000
98.43750000     9.999716837870000
100.00000000     9.999717651739999
101.56250000     9.999718439880001
103.12500000     9.999719203180000
104.68750000     9.999719942520001
106.25000000     9.999720658759999
107.81250000     9.999721352750001
109.37500000     9.999722025310000
110.93750000     9.999722677250000
112.50000000     9.999723309349999
114.06250000     9.999723922379999
115.62500000     9.999724517080001
117.18750000     9.999725094190000
118.75000000     9.999725654410000
120.31250000     9.999726198419999
121.87500000     9.999726726890000
123.43750000     9.999727240470000
125.00000000     9.999727739790000
126.56250000     9.999728225440000
128.12500000     9.999728698020000
129.68750000     9.999729158099999
131.25000000     9.999729606210000
132.81250000     9.999730042900000
134.37500000     9.999730468659999
135.93750000     9.999730884000000
137.50000000     9.999731289390001
139.06250000     9.999731685270000
140.62500000     9.999732072100000
142.18750000     9.999732450280000
143.75000000     9.999732820240000
145.31250000     9.999733182350001
146.87500000     9.999733536990000
148.43750000     9.999733884510000
150.00000000     9.999734225270000
151.56250000     9.999734559580000
153.12500000     9.999734887770000
154.68750000     9.999735210130000
156.25000000     9.999735526949999
157.81250000     9.999735838499999
159.37500000     9.999736145060000
160.93750000     9.999736446849999
162.50000000     9.999736744140000
164.06250000     9.999737037139999
165.62500000     9.999737326060000
167.18750000     9.999737611130000
168.75000000     9.999737892520001
170.31250000     9.999738170440001
171.87500000     9.999738445049999
173.43750000     9.999738716530000
175.00000000     9.999738985030000
176.56250000     9.999739250710000
178.12500000     9.999739513710001
179.68750000     9.999739774169999
181.25000000     9.999740032229999
182.81250000     9.999740287990001
184.37500000     9.999740541580000
185.93750000     9.999740793100001
187.50000000     9.999741042669999
189.06250000     9.999741290390000
190.62500000     9.999741536329999
192.18750000     9.999741780600001
193.75000000     9.999742023270001
195.31250000     9.999742264420000
196.87500000     9.999742504140000
198.43750000     9.999742742480001
200.00000000     9.999742979510000
201.56250000     9.999743215300001
203.12500000     9.999743449900000
204.68750000     9.999743683369999
206.25000000     9.999743915760000
207.81250000     9.999744147119999
209.37500000     9.999744377500001
210.93750000     9.999744606929999
212.50000000     9.999744835460000
214.06250000     9.999745063130000
215.62500000     9.999745289970001
217.18750000     9.999745516020001
218.75000000     9.999745741310001
220.31250000     9.999745965860001
221.87500000     9.999746189700000
223.43750000     9.999746412870000
225.00000000     9.999746635390000
226.56250000     9.999746857270001
228.12500000     9.999747078540000
229.68750000     9.999747299219999
231.25000000     9.999747519330001
232.81250000     9.999747738889999
234.37500000     9.999747957909999
235.93750000     9.999748176400001
237.50000000     9.999748394390000
239.06250000     9.999748611890000
240.62500000     9.999748828900000
242.18750000     9.999749045450001
243.75000000     9.999749261530001
245.31250000     9.999749477170001
246.87500000     9.999749692370001
248.43750000     9.999749907140000
250.00000000     9.999750121490001
251.56250000     9.999750335430001
253.12500000     9.999750548960000
254.68750000     9.999750762090001
256.25000000     9.999750974830000
257.81250000     9.999751187179999
259.37500000     9.999751399160001
260.93750000     9.999751610760001
262.50000000     9.999751821989999
264.06250000     9.999752032849999
265.62500000     9.999752243350001
267.18750000     9.999752453499999
268.75000000     9.999752663290000
270.31250000     9.999752872740000
271.87500000     9.999753081840000
273.43750000     9.999753290590000
275.00000000     9.999753499010000
276.56250000     9.999753707090001
278.12500000     9.999753914830000
279.68750000     9.999754122250000
281.25000000     9.999754329330001
282.81250000     9.999754536090000
284.37500000     9.999754742520000
285.93750000     9.999754948630001
287.50000000     9.999755154420001
289.06250000     9.999755359880000
290.62500000     9.999755565039999
292.18750000     9.999755769869999
293.75000000     9.999755974390000
295.31250000     9.999756178600000
296.87500000     9.999756382499999
298.43750000     9.999756586089999
300.00000000     9.999756789359999
301.56250000     9.999756992329999
303.12500000     9.999757195000001
304.68750000     9.999757397360000
306.25000000     9.999757599410000
307.81250000     9.999757801159999
309.37500000     9.999758002609999
310.93750000     9.999758203760001
312.50000000     9.999758404610001
314.06250000     9.999758605160000
315.62500000     9.999758805410000
317.18750000     9.999759005370001
318.75000000     9.999759205029999
320.31250000     9.999759404390000
321.87500000     9.999759603459999
323.43750000     9.999759802240000
325.00000000     9.999760000720000
326.56250000     9.999760198910000
328.12500000     9.999760396810000
329.68750000     9.999760594420000
331.25000000     9.999760791740000
332.81250000     9.999760988769999
334.37500000     9.999761185520001
335.93750000     9.999761381970000
337.50000000     9.999761578139999
339.06250000     9.999761774020000
340.62500000     9.999761969610001
342.18750000     9.999762164920000
343.75000000     9.999762359940000
345.31250000     9.999762554680000
346.87500000     9.999762749129999
348.43750000     9.999762943300000
350.00000000     9.999763137190000
351.56250000     9.999763330800000
353.12500000     9.999763524120000
354.68750000     9.999763717170000
356.25000000     9.999763909930000
357.81250000     9.999764102420000
359.37500000     9.999764294629999
360.93750000     9.999764486560000
362.50000000     9.999764678220000
364.06250000     9.999764869610001
365.62500000     9.999765060720000
367.18750000     9.999765251550000
368.75000000     9.999765442119999
370.31250000     9.999765632420001
371.87500000     9.999765822440001
373.43750000     9.999766012200000
375.00000000     9.999766201690001
376.56250000     9.999766390910001
378.12500000     9.999766579859999
379.68750000     9.999766768540001
381.25000000     9.999766956960000
382.81250000     9.999767145100000
384.37500000     9.999767332970000
385.93750000     9.999767520570000
387.50000000     9.999767707900000
389.06250000     9.999767894960000
390.62500000     9.999768081739999
392.18750000     9.999768268240000
393.75000000     9.999768454470001
395.31250000     9.999768640419999
396.87500000     9.999768826100000
398.43750000     9.999769011500000
400.00000000     9.999769196630000
401.56250000     9.999769381489999
403.12500000     9.999769566079999
404.68750000     9.999769750400000
406.25000000     9.999769934460000
407.81250000     9.999770118260001
409.37500000     9.999770301820000
410.93750000     9.999770485130000
412.50000000     9.999770668189999
414.06250000     9.999770851019999
415.62500000     9.999771033629999
417.18750000     9.999771216010000
418.75000000     9.999771398169999
420.31250000     9.999771580110000
421.87500000     9.999771761840000
423.43750000     9.999771943360001
425.00000000     9.999772124650001
426.56250000     9.999772305730000
428.12500000     9.999772486580000
429.68750000     9.999772667200000
431.25000000     9.999772847579999
432.81250000     9.999773027690001
434.37500000     9.999773207540001
435.93750000     9.999773387099999
437.50000000     9.999773566360000
439.06250000     9.999773745310000
440.62500000     9.999773923919999
442.18750000     9.999774102180000
443.75000000     9.999774280080000
445.31250000     9.999774457610000
446.87500000     9.999774634760000
448.43750000     9.999774811529999
450.00000000     9.999774987920000
451.56250000     9.999775163950000
453.12500000     9.999775339619999
454.68750000     9.999775514970001
456.25000000     9.999775690010001
457.81250000     9.999775864789999
459.37500000     9.999776039340000
460.93750000     9.999776213710000
462.50000000     9.999776387950000
464.06250000     9.999776562119999
465.62500000     9.999776736259999
467.18750000     9.999776910420000
468.75000000     9.999777084670001
470.31250000     9.999777259029999
471.87500000     9.999777433549999
473.43750000     9.999777608250000
475.00000000     9.999777783140001
476.56250000     9.999777958219999
478.12500000     9.999778133470000
479.68750000     9.999778308850001
481.25000000     9.999778484309999
482.81250000     9.999778659760000
484.37500000     9.999778835110000
485.93750000     9.999779010250000
487.50000000     9.999779185050000
489.06250000     9.999779359360000
490.62500000     9.999779533030001
492.18750000     9.999779705900000
493.75000000     9.999779877800000
495.31250000     9.999780048590001
496.87500000     9.999780218120000
498.43750000     9.999780386270000
500.00000000     9.999780552930000
501.56250000     9.999780718029999
503.12500000     9.999780881540000
504.68750000     9.999781043480001
506.25000000     9.999781203910000
507.81250000     9.999781362929999
509.37500000     9.999781520730000
510.93750000     9.999781677520000
512.50000000     9.999781833580000
514.06250000     9.999781989260001
515.62500000     9.999782144919999
517.18750000     9.999782301010001
518.75000000     9.999782457960000
520.31250000     9.999782616259999
521.87500000     9.999782776380000
523.43750000     9.999782938799999
525.00000000     9.999783103980000
526.56250000     9.999783272309999
528.12500000     9.999783444140000
529.68750000     9.999783619750000
531.25000000     9.999783799290000
532.81250000     9.999783982840000
534.37500000     9.999784170320000
535.93750000     9.999784361510001
537.50000000     9.999784556050001
539.06250000     9.999784753429999
540.62500000     9.999784952970000
542.18750000     9.999785153820000
543.75000000     9.999785355009999
545.31250000     9.999785555430000
546.87500000     9.999785753830000
548.43750000     9.999785948910000
550.00000000     9.999786139270000
551.56250000     9.999786323500000
553.12500000     9.999786500220001
554.68750000     9.999786668080000
556.25000000     9.999786825839999
557.81250000     9.999786972410000
559.37500000     9.999787106920000
560.93750000     9.999787228700001
562.50000000     9.999787337420001
564.06250000     9.999787433060000
565.62500000     9.999787515970000
567.18750000     9.999787586900000
568.75000000     9.999787647040000
570.31250000     9.999787697990000
571.87500000     9.999787741790000
573.43750000     9.999787780929999
575.00000000     9.999787818280000
576.56250000     9.999787857070000
578.12500000     9.999787900850000
579.68750000     9.999787953440000
581.25000000     9.999788018789999
582.81250000     9.999788100980000
584.37500000     9.999788204040000
585.93750000     9.999788331900000
587.50000000     9.999788488209999
589.06250000     9.999788676300000
590.62500000     9.999788898980000
592.18750000     9.999789158450000
593.75000000     9.999789456189999
595.31250000     9.999789792810001
596.87500000     9.999790168010000
598.43750000     9.999790580419999
600.00000000     9.999791027600001
601.56250000     9.999791505930000
603.12500000     9.999792010640000
604.68750000     9.999792535759999
606.25000000     9.999793074210000
607.81250000     9.999793617810001
609.37500000     9.999794157409999
610.93750000     9.999794682990000
612.50000000     9.999795183860000
614.06250000     9.999795648790000
615.62500000     9.999796066289999
617.18750000     9.999796424820000
618.75000000     9.999796713040000
620.31250000     9.999796920180000
621.87500000     9.999797036240000
623.43750000     9.999797052370001
625.00000000     9.999796961150000
626.56250000     9.999796756900000
628.12500000     9.999796435990000
629.68750000     9.999795997070001
631.25000000     9.999795441380000
632.81250000     9.999794772910001
634.37500000     9.999793998570000
635.93750000     9.999793128329999
637.50000000     9.999792175280000
639.06250000     9.999791155600001
640.62500000     9.999790088530000
642.18750000     9.999788996210000
643.75000000     9.999787903490001
645.31250000     9.999786837589999
646.87500000     9.999785827829999
648.43750000     9.999784905109999
650.00000000     9.999784101490000
651.56250000     9.999783449550000
653.12500000     9.999782981830000
654.68750000     9.999782730130001
656.25000000     9.999782724790000
657.81250000     9.999782993980000
659.37500000     9.999783562939999
660.93750000     9.999784453200000
662.50000000     9.999785681850000
664.06250000     9.999787260830001
665.62500000     9.999789196240000
667.18750000     9.999791487730000
668.75000000     9.999794127960000
670.31250000     9.999797102140001
671.87500000     9.999800387680001
673.43750000     9.999803953970000
675.00000000     9.999807762280000
676.56250000     9.999811765790000
678.12500000     9.999815909780001
679.68750000     9.999820132000000
681.25000000     9.999824363160000
682.81250000     9.999828527600000
684.37500000     9.999832544160000
685.93750000     9.999836327140001
687.50000000     9.999839787450000
689.06250000     9.999842833950000
690.62500000     9.999845374800000
692.18750000     9.999847319050000
693.75000000     9.999848578260000
695.31250000     9.999849068220000
696.87500000     9.999848710680000
698.43750000     9.999847435200000
700.00000000     9.999845180870000
701.56250000     9.999841898150001
703.12500000     9.999837550510000
704.68750000     9.999832116100000
706.25000000     9.999825589209999
707.81250000     9.999817981620000
709.37500000     9.999809323810000
710.93750000     9.999799665870000
712.50000000     9.999789078230000
714.06250000     9.999777652170000
715.62500000     9.999765499940001
717.18750000     9.999752754690000
718.75000000     9.999739569999999
720.31250000     9.999726119130001
721.87500000     9.999712593909999
723.43750000     9.999699203290000
725.00000000     9.999686171580001
726.56250000     9.999673736309999
728.12500000     9.999662145809999
729.68750000     9.999651656450000
731.25000000     9.999642529620001
732.81250000     9.999635028460000
734.37500000     9.999629414310000
735.93750000     9.999625943010001
737.50000000     9.999624861050000
739.06250000     9.999626401560000
740.62500000     9.999630780290000
742.18750000     9.999638191490000
743.75000000     9.999648803940000
745.31250000     9.999662756930000
746.87500000     9.999680156460000
748.43750000     9.999701071620001
750.00000000     9.999725531210000
751.56250000     9.999753520590000
753.12500000     9.999784979030000
754.68750000     9.999819797300001
756.25000000     9.999857815770000
757.81250000     9.999898823050000
759.37500000     9.999942555060001
760.93750000     9.999988694740001
762.50000000     10.000036872300001
764.06250000     10.000086666100000
765.62500000     10.000137604100001
767.18750000     10.000189166500000
768.75000000     10.000240787599999
770.31250000     10.000291860500001
771.87500000     10.000341740100000
773.43750000     10.000389748700000
775.00000000     10.000435180900000
776.56250000     10.000477309600001
778.12500000     10.000515392700001
779.68750000     10.000548680000000
781.25000000     10.000576420500000
782.81250000     10.000597870400000
784.37500000     10.000612301500000
785.93750000     10.000619009099999
787.50000000     10.000617321400000
789.06250000     10.000606607700000
790.62500000     10.000586287799999
792.18750000     10.000555840400001
793.75000000     10.000514812300001
795.31250000     10.000462826700000
796.87500000     10.000399591800001
798.43750000     10.000324908500000
800.00000000     10.000238678500001
801.56250000     10.000140911100001
803.12500000     10.000031729900000
804.68750000     9.999911378889999
806.25000000     9.999780227620001
807.81250000     9.999638776010000
809.37500000     9.999487658090001
810.93750000     9.999327645030000
812.50000000     9.999159647430000
814.06250000     9.998984716540001
815.62500000     9.998804044850001
817.18750000     9.998618965530000
818.75000000     9.998430951200000
820.31250000     9.998241611699999
821.87500000     9.998052691000000
823.43750000     9.997866063329999
825.00000000     9.997683728449999
826.56250000     9.997507806150001
828.12500000     9.997340530080001
829.68750000     9.997184240819999
831.25000000     9.997041378450000
832.81250000     9.996914474440000
834.37500000     9.996806143150000
835.93750000     9.996719072890000
837.50000000     9.996656016579999
839.06250000     9.996619782240000
840.62500000     9.996613223120001
842.18750000     9.996639227810000
843.75000000     9.996700710330000
845.31250000     9.996800600300000
846.87500000     9.996941832970000
848.43750000     9.997127339640000
850.00000000     9.997360038120000
851.56250000     9.997642823570001
853.12500000     9.997978559650001
854.68750000     9.998370070020000
856.25000000     9.998820130350000
857.81250000     9.999331460700001
859.37500000     9.999906718469999
860.93750000     10.000548491900000
862.50000000     10.001259294000000
864.06250000     10.002041557400000
865.62500000     10.002897629200000
867.18750000     10.003829767099999
868.75000000     10.004840135900000
870.31250000     10.005930804100000
871.87500000     10.007103742000000
873.43750000     10.008360819700000
875.00000000     10.009703806199999
876.56250000     10.011134368700001
878.12500000     10.012654072500000
879.68750000     10.014264381900000
881.25000000     10.015966660800000
882.81250000     10.017762174800000
884.37500000     10.019652092999999
885.93750000     10.021637490400000
887.50000000     10.023719351400000
889.06250000     10.025898572499999
890.62500000     10.028175966599999
892.18750000     10.030552266799999
893.75000000     10.033028131100000
895.31250000     10.035604147000001
896.87500000     10.038280836400000
898.43750000     10.041058661099999
900.00000000     10.043938028199999
901.56250000     10.046919296100000
903.12500000     10.050002779900000
904.68750000     10.053188757699999
906.25000000     10.056477477000000
907.81250000     10.059869160500000
909.37500000     10.063364012899999
910.93750000     10.066962227199999
912.50000000     10.070663991200000
914.06250000     10.074469493900001
915.62500000     10.078378931900000
917.18750000     10.082392516200001
918.75000000     10.086510477999999
920.31250000     10.090733075499999
921.87500000     10.095060599700000
923.43750000     10.099493380300000
925.00000000     10.104031791800001
926.56250000     10.108676258399999
928.12500000     10.113427259800000
929.68750000     10.118285335300000
931.25000000     10.123251088900000
932.81250000     10.128325192900000
934.37500000     10.133508390999999
935.93750000     10.138801501600000
937.50000000     10.144205419200000
939.06250000     10.149721116400000
940.62500000     10.155349643299999
942.18750000     10.161092127700000
943.75000000     10.166949772600001
945.31250000     10.172923853600000
946.87500000     10.179015714200000
948.43750000     10.185226760000001
950.00000000     10.191558450700001
951.56250000     10.198012290899999
953.12500000     10.204589818400001
954.68750000     10.211292590299999
956.25000000     10.218122167200001
957.81250000     10.225080093900001
959.37500000     10.232167878400000
960.93750000     10.239386967000000
962.50000000     10.246738716599999
964.06250000     10.254224363900001
965.62500000     10.261844990100000
967.18750000     10.269601483000001
968.75000000     10.277494494600001
970.31250000     10.285524394099999
971.87500000     10.293691217999999
973.43750000     10.301994614600000
975.00000000     10.310433785200001
976.56250000     10.319007420500000
978.12500000     10.327713632700000
979.68750000     10.336549884100000
981.25000000     10.345512911100000
982.81250000     10.354598645199999
984.37500000     10.363802130700000
985.93750000     10.373117439600000
987.50000000     10.382537584900000
989.06250000     10.392054432300000
990.62500000     10.401658612500000
992.18750000     10.411339433400000
993.75000000     10.421084794800000
995.31250000     10.430881107099999
996.87500000     10.440713214500001
998.43750000     10.450564325200000
1000.00000000     10.460415950500000
1001.56250000     10.470247854900000
1003.12500000     10.480038018600000
1004.68750000     10.489762615500000
1006.25000000     10.499396008500000
1007.81250000     10.508910765300000
1009.37500000     10.518277694700000
1010.93750000     10.527465909300000
1012.50000000     10.536442912200000
1014.06250000     10.545174714000000
1015.62500000     10.553625977199999
1017.18750000     10.561760193500000
1018.75000000     10.569539890600000
1020.31250000     10.576926871100000
1021.87500000     10.583882483200000
1023.43750000     10.590367919200000
1025.00000000     10.596344543500001
1026.56250000     10.601774244300000
1028.12500000     10.606619807700000
1029.68750000     10.610845307400000
1031.25000000     10.614416508100000
1032.81250000     10.617301272600001
1034.37500000     10.619469970600001
1035.93750000     10.620895877600001
1037.50000000     10.621555559900001
1039.06250000     10.621429248100000
1040.62500000     10.620501198199999
1042.18750000     10.618759910700000
1043.75000000     10.616198388300001
1045.31250000     10.612814342300000
1046.87500000     10.608610334800000
1048.43750000     10.603593858200000
1050.00000000     10.597777351200000
1051.56250000     10.591178148399999
1053.12500000     10.583818365100001
1054.68750000     10.575724716000000
1056.25000000     10.566928273200000
1057.81250000     10.557464165300001
1059.37500000     10.547371224500001
1060.93750000     10.536691588100000
1062.50000000     10.525470261600001
1064.06250000     10.513754651799999
1065.62500000     10.501594079400000
1067.18750000     10.489039279800000
1068.75000000     10.476141900500000
1070.31250000     10.462954005700000
1071.87500000     10.449527593899999
1073.43750000     10.435914138399999
1075.00000000     10.422164156199999
1076.56250000     10.408326810300000
1078.12500000     10.394449551799999
1079.68750000     10.380577803800000
1081.25000000     10.366754689100000
1082.81250000     10.353020804400000
1084.37500000     10.339414039899999
1085.93750000     10.325969443300000
1087.50000000     10.312719127599999
1089.06250000     10.299692219300001
1090.62500000     10.286914844800000
1092.18750000     10.274410151300000
1093.75000000     10.262198358099999
1095.31250000     10.250296835500000
1096.87500000     10.238720206300000
1098.43750000     10.227480466799999
1100.00000000     10.216587123100000
1101.56250000     10.206047339100000
1103.12500000     10.195866093099999
1104.68750000     10.186046340000001
1106.25000000     10.176589176000000
1107.81250000     10.167494003800000
1109.37500000     10.158758695100000
1110.93750000     10.150379750999999
1112.50000000     10.142352455599999
1114.06250000     10.134671024199999
1115.62500000     10.127328744200000
1117.18750000     10.120318107799999
1118.75000000     10.113630936100000
1120.31250000     10.107258494700000
1121.87500000     10.101191600500000
1123.43750000     10.095420719800000
1125.00000000     10.089936056999999
1126.56250000     10.084727635400000
1128.12500000     10.079785370200000
1129.68750000     10.075099132900000
1131.25000000     10.070658808699999
1132.81250000     10.066454347400001
1134.37500000     10.062475806600000
1135.93750000     10.058713390899999
1137.50000000     10.055157483200000
1139.06250000     10.051798673100000
1140.62500000     10.048627778800000
1142.18750000     10.045635866500000
1143.75000000     10.042814264800001
1145.31250000     10.040154576000001
1146.87500000     10.037648684700001
1148.43750000     10.035288763700001
1150.00000000     10.033067276600001
1151.56250000     10.030976980000000
1153.12500000     10.029010922099999
1154.68750000     10.027162441100000
1156.25000000     10.025425161399999
1157.81250000     10.023792989300000
1159.37500000     10.022260107299999
1160.93750000     10.020820967600001
1162.50000000     10.019470285400001
1164.06250000     10.018203031100001
1165.62500000     10.017014422700001
1167.18750000     10.015899917400001
1168.75000000     10.014855203200000
1170.31250000     10.013876190500000
1171.87500000     10.012959003600001
1173.43750000     10.012099971600000
1175.00000000     10.011295620500000
1176.56250000     10.010542664600001
1178.12500000     10.009837997800000
1179.68750000     10.009178685900000
1181.25000000     10.008561958600000
1182.81250000     10.007985201500000
1184.37500000     10.007445948599999
1185.93750000     10.006941875300001
1187.50000000     10.006470791000000
1189.06250000     10.006030632400000
1190.62500000     10.005619457100000
1192.18750000     10.005235436800000
1193.75000000     10.004876852100001
1195.31250000     10.004542085700001
1196.87500000     10.004229617600000
1198.43750000     10.003938019400000
1200.00000000     10.003665949600000
1201.56250000     10.003412148200001
1203.12500000     10.003175432600001
1204.68750000     10.002954693100000
1206.25000000     10.002748888599999
1207.81250000     10.002557042699999
1209.37500000     10.002378239900001
1210.93750000     10.002211622400001
1212.50000000     10.002056386200000
1214.06250000     10.001911778100000
1215.62500000     10.001777092899999
1217.18750000     10.001651670199999
1218.75000000     10.001534891800000
1220.31250000     10.001426179299999
1221.87500000     10.001324991500001
1223.43750000     10.001230822300000
1225.00000000     10.001143198299999
1226.56250000     10.001061676899999
1228.12500000     10.000985844400001
1229.68750000     10.000915314400000
1231.25000000     10.000849725600000
1232.81250000     10.000788740599999
1234.37500000     10.000732044499999
1235.93750000     10.000679342900000
1237.50000000     10.000630361400001
1239.06250000     10.000584843600000
1240.62500000     10.000542550300000
1242.18750000     10.000503258300000
1243.75000000     10.000466759600000
1245.31250000     10.000432860100000
1246.87500000     10.000401378599999
1248.43750000     10.000372146600000
1250.00000000     10.000345006600000
1251.56250000     10.000319812200001
1253.12500000     10.000296426700000
1254.68750000     10.000274723000000
1256.25000000     10.000254582500000
1257.81250000     10.000235894799999
1259.37500000     10.000218557300000
1260.93750000     10.000202474200000
1262.50000000     10.000187556600000
1264.06250000     10.000173721399999
1265.62500000     10.000160891700000
1267.18750000     10.000148995600000
1268.75000000     10.000137966500001
1270.31250000     10.000127742200000
1271.87500000     10.000118265099999
1273.43750000     10.000109481400001
1275.00000000     10.000101341400001
1276.56250000     10.000093798500000
1278.12500000     10.000086809700001
1279.68750000     10.000080334900000
1281.25000000     10.000074336999999
1282.81250000     10.000068781300000
1284.37500000     10.000063635800000
1285.93750000     10.000058870500000
1287.50000000     10.000054457899999
1289.06250000     10.000050372200000
1290.62500000     10.000046589500000
1292.18750000     10.000043087700000
1293.75000000     10.000039846200000
1295.31250000     10.000036845900000
1296.87500000     10.000034069100000
1298.43750000     10.000031499400000
1300.00000000     10.000029121500001
1301.56250000     10.000026921300000
1303.12500000     10.000024885700000
1304.68750000     10.000023002400001
1306.25000000     10.000021260400001
1307.81250000     10.000019649000000
1309.37500000     10.000018158600000
1310.93750000     10.000016780299999
1312.50000000     10.000015505600000
1314.06250000     10.000014327000001
1315.62500000     10.000013237099999
1317.18750000     10.000012229499999
1318.75000000     10.000011297900000
1320.31250000     10.000010436700000
1321.87500000     10.000009640600000
1323.43750000     10.000008904800000
1325.00000000     10.000008224700000
1326.56250000     10.000007596200000
1328.12500000     10.000007015300000
1329.68750000     10.000006478600000
1331.25000000     10.000005982599999
1332.81250000     10.000005524300001
1334.37500000     10.000005100899999
1335.93750000     10.000004709700001
1337.50000000     10.000004348399999
1339.06250000     10.000004014600000
1340.62500000     10.000003706199999
1342.18750000     10.000003421400001
1343.75000000     10.000003158300000
1345.31250000     10.000002915400000
1346.87500000     10.000002691000001
1348.43750000     10.000002483799999
1350.00000000     10.000002292500000
1351.56250000     10.000002115799999
1353.12500000     10.000001952700000
1354.68750000     10.000001802100000
1356.25000000     10.000001663000001
1357.81250000     10.000001534600001
1359.37500000     10.000001416100000
1360.93750000     10.000001306700000
1362.50000000     10.000001205700000
1364.06250000     10.000001112500000
1365.62500000     10.000001026400000
1367.18750000     10.000000947000000
1368.75000000     10.000000873699999
1370.31250000     10.000000806099999
1371.87500000     10.000000743599999
1373.43750000     10.000000686000000
1375.00000000     10.000000632800001
1376.56250000     10.000000583800000
1378.12500000     10.000000538500000
1379.68750000     10.000000496700000
1381.25000000     10.000000458200001
1382.81250000     10.000000422599999
1384.37500000     10.000000389800000
1385.93750000     10.000000359500000
1387.50000000     10.000000331600001
1389.06250000     10.000000305800000
1390.62500000     10.000000282100000
1392.18750000     10.000000260100000
1393.75000000     10.000000239900000
1395.31250000     10.000000221300001
1396.87500000     10.000000203999999
1398.43750000     10.000000188200000
1400.00000000     10.000000173500000
1401.56250000     10.000000160000001
1403.12500000     10.000000147600000
1404.68750000     10.000000136100001
1406.25000000     10.000000125500000
1407.81250000     10.000000115700001
1409.37500000     10.000000106700000
1410.93750000     10.000000098399999
1412.50000000     10.000000090700000
1414.06250000     10.000000083600000
1415.62500000     10.000000077099999
1417.18750000     10.000000071100001
1418.75000000     10.000000065600000
1420.31250000     10.000000060400000
1421.87500000     10.000000055699999
1423.43750000     10.000000051400001
1425.00000000     10.000000047400000
1426.56250000     10.000000043700000
1428.12500000     10.000000040300000
1429.68750000     10.000000037100000
1431.25000000     10.000000034199999
1432.81250000     10.000000031600001
1434.37500000     10.000000029100001
1435.93750000     10.000000026800000
1437.50000000     10.000000024700000
1439.06250000     10.000000022800000
1440.62500000     10.000000021000000
1442.18750000     10.000000019400000
1443.75000000     10.000000017900000
1445.31250000     10.000000016500000
1446.87500000     10.000000015199999
1448.43750000     10.000000013999999
1450.00000000     10.000000012899999
1451.56250000     10.000000011899999
1453.12500000     10.000000010999999
1454.68750000     10.000000010100001
1456.25000000     10.000000009400001
1457.81250000     10.000000008600001
1459.37500000     10.000000008000001
1460.93750000     10.000000007400001
1462.50000000     10.000000006800001
1464.06250000     10.000000006300001
1465.62500000     10.000000005800000
1467.18750000     10.000000005400000
1468.75000000     10.000000005000000
1470.31250000     10.000000004600000
1471.87500000     10.000000004200000
1473.43750000     10.000000003900000
1475.00000000     10.000000003600000
1476.56250000     10.000000003400000
1478.12500000     10.000000003100000
1479.68750000     10.000000002900000
1481.25000000     10.000000002700000
1482.81250000     10.000000002500000
1484.37500000     10.000000002400000
1485.93750000     10.000000002200000
1487.50000000     10.000000002100000
1489.06250000     10.000000002000000
1490.62500000     10.000000001900000
1492.18750000     10.000000001800000
1493.75000000     10.000000001700000
1495.31250000     10.000000001600000
1496.87500000     10.000000001500000
1498.43750000     10.000000001200000
1500.00000000     10.000000000800000
