-500.00000000     0.000062890599718
-498.43750000     0.000127299406726
-496.87500000     0.000171468585016
-495.31250000     0.000194302563951
-493.75000000     0.000202216299810
-492.18750000     0.000202184671247
-490.62500000     0.000199155324968
-489.06250000     0.000195797732468
-487.50000000     0.000193141740158
-485.93750000     0.000191321006558
-484.37500000     0.000190116039444
-482.81250000     0.000189254853918
-481.25000000     0.000188533886551
-479.68750000     0.000187838110999
-478.12500000     0.000187119814142
-476.56250000     0.000186369804113
-475.00000000     0.000185595164468
-473.43750000     0.000184806361400
-471.87500000     0.000184011698237
-470.31250000     0.000183216082268
-468.75000000     0.000182421678768
-467.18750000     0.000181629010737
-465.62500000     0.000180837862859
-464.06250000     0.000180047829685
-462.50000000     0.000179258565934
-460.93750000     0.000178469853815
-459.37500000     0.000177681585508
-457.81250000     0.000176893721816
-456.25000000     0.000176106255752
-454.68750000     0.000175319189462
-453.12500000     0.000174532523151
-451.56250000     0.000173746251747
-450.00000000     0.000172960365369
-448.43750000     0.000172174851018
-446.87500000     0.000171389694231
-445.31250000     0.000170604880268
-443.75000000     0.000169820394828
-442.18750000     0.000169036224461
-440.62500000     0.000168252356801
-439.06250000     0.000167468780752
-437.50000000     0.000166685486638
-435.93750000     0.000165902466362
-434.37500000     0.000165119713548
-432.81250000     0.000164337223666
-431.25000000     0.000163554994112
-429.68750000     0.000162773024253
-428.12500000     0.000161991315413
-426.56250000     0.000161209870804
-425.00000000     0.000160428695398
-423.43750000     0.000159647795736
-421.87500000     0.000158867179677
-420.31250000     0.000158086856099
-418.75000000     0.000157306834533
-417.18750000     0.000156527124763
-415.62500000     0.000155747736377
-414.06250000     0.000154968678291
-412.50000000     0.000154189958252
-410.93750000     0.000153411582327
-409.37500000     0.000152633554401
-407.81250000     0.000151855875683
-406.25000000     0.000151078544246
-404.68750000     0.000150301554608
-403.12500000     0.000149524897368
-401.56250000     0.000148748558913
-400.00000000     0.000147972521203
-398.43750000     0.000147196761649
-396.87500000     0.000146421253096
-395.31250000     0.000145645963910
-393.75000000     0.000144870858179
-392.18750000     0.000144095896037
-390.62500000     0.000143321034099
-389.06250000     0.000142546226019
-387.50000000     0.000141771423149
-385.93750000     0.000140996575308
-384.37500000     0.000140221631643
-382.81250000     0.000139446541562
-381.25000000     0.000138671255734
-379.68750000     0.000137895727130
-378.12500000     0.000137119912091
-376.56250000     0.000136343771386
-375.00000000     0.000135567271264
-373.43750000     0.000134790384438
-371.87500000     0.000134013091015
-370.31250000     0.000133235379315
-368.75000000     0.000132457246577
-367.18750000     0.000131678699521
-365.62500000     0.000130899754735
-364.06250000     0.000130120438894
-362.50000000     0.000129340788772
-360.93750000     0.000128560851038
-359.37500000     0.000127780681842
-357.81250000     0.000127000346174
-356.25000000     0.000126219916991
-354.68750000     0.000125439474137
-353.12500000     0.000124659103045
-351.56250000     0.000123878893239
-350.00000000     0.000123098936672
-348.43750000     0.000122319325895
-346.87500000     0.000121540152105
-345.31250000     0.000120761503100
-343.75000000     0.000119983461170
-342.18750000     0.000119206100961
-340.62500000     0.000118429487361
-339.06250000     0.000117653673439
-337.50000000     0.000116878698485
-335.93750000     0.000116104586192
-334.37500000     0.000115331343019
-332.81250000     0.000114558956779
-331.25000000     0.000113787395480
-329.68750000     0.000113016606475
-328.12500000     0.000112246515917
-326.56250000     0.000111477028583
-325.00000000     0.000110708028054
-323.43750000     0.000109939377290
-321.87500000     0.000109170919591
-320.31250000     0.000108402479961
-318.75000000     0.000107633866856
-317.18750000     0.000106864874315
-315.62500000     0.000106095284443
-314.06250000     0.000105324870237
-312.50000000     0.000104553398702
-310.93750000     0.000103780634233
-309.37500000     0.000103006342213
-307.81250000     0.000102230292779
-306.25000000     0.000101452264694
-304.68750000     0.000100672049277
-303.12500000     0.000099889454324
-301.56250000     0.000099104307958
-300.00000000     0.000098316462345
-298.43750000     0.000097525797210
-296.87500000     0.000096732223094
-295.31250000     0.000095935684288
-293.75000000     0.000095136161388
-292.18750000     0.000094333673418
-290.62500000     0.000093528279473
-289.06250000     0.000092720079844
-287.50000000     0.000091909216578
-285.93750000     0.000091095873460
-284.37500000     0.000090280275389
-282.81250000     0.000089462687135
-281.25000000     0.000088643411484
-279.68750000     0.000087822786762
-278.12500000     0.000087001183771
-276.56250000     0.000086179002153
-275.00000000     0.000085356666208
-273.43750000     0.000084534620222
-271.87500000     0.000083713323343
-270.31250000     0.000082893244072
-268.75000000     0.000082074854415
-267.18750000     0.000081258623788
-265.62500000     0.000080445012731
-264.06250000     0.000079634466510
-262.50000000     0.000078827408695
-260.93750000     0.000078024234796
-259.37500000     0.000077225306024
-257.81250000     0.000076430943279
-256.25000000     0.000075641421431
-254.68750000     0.000074856963974
-253.12500000     0.000074077738129
-251.56250000     0.000073303850465
-250.00000000     0.000072535343096
-248.43750000     0.000071772190506
-246.87500000     0.000071014297065
-245.31250000     0.000070261495265
-243.75000000     0.000069513544703
-242.18750000     0.000068770131848
-240.62500000     0.000068030870597
-239.06250000     0.000067295303616
-237.50000000     0.000066562904485
-235.93750000     0.000065833080600
-234.37500000     0.000065105176833
-232.81250000     0.000064378479910
-231.25000000     0.000063652223458
-229.68750000     0.000062925593687
-228.12500000     0.000062197735633
-226.56250000     0.000061467759923
-225.00000000     0.000060734749971
-223.43750000     0.000059997769548
-221.87500000     0.000059255870650
-220.31250000     0.000058508101574
-218.75000000     0.000057753515135
-217.18750000     0.000056991176943
-215.62500000     0.000056220173643
-214.06250000     0.000055439621069
-212.50000000     0.000054648672199
-210.93750000     0.000053846524872
-209.37500000     0.000053032429173
-207.81250000     0.000052205694435
-206.25000000     0.000051365695790
-204.68750000     0.000050511880223
-203.12500000     0.000049643772077
-201.56250000     0.000048760977969
-200.00000000     0.000047863191093
-198.43750000     0.000046950194866
-196.87500000     0.000046021865925
-195.31250000     0.000045078176440
-193.75000000     0.000044119195760
-192.18750000     0.000043145091382
-190.62500000     0.000042156129269
-189.06250000     0.000041152673524
-187.50000000     0.000040135185448
-185.93750000     0.000039104222020
-184.37500000     0.000038060433824
-182.81250000     0.000037004562473
-181.25000000     0.000035937437570
-179.68750000     0.000034859973251
-178.12500000     0.000033773164373
-176.56250000     0.000032678082382
-175.00000000     0.000031575870930
-173.43750000     0.000030467741286
-171.87500000     0.000029354967602
-170.31250000     0.000028238882076
-168.75000000     0.000027120870078
-167.18750000     0.000026002365277
-165.62500000     0.000024884844819
-164.06250000     0.000023769824607
-162.50000000     0.000022658854702
-160.93750000     0.000021553514912
-159.37500000     0.000020455410568
-157.81250000     0.000019366168540
-156.25000000     0.000018287433495
-154.68750000     0.000017220864430
-153.12500000     0.000016168131486
-151.56250000     0.000015130913039
-150.00000000     0.000014110893097
-148.43750000     0.000013109758969
-146.87500000     0.000012129199228
-145.31250000     0.000011170901933
-143.75000000     0.000010236553113
-142.18750000     0.000009327835485
-140.62500000     0.000008446427382
-139.06250000     0.000007594001876
-137.50000000     0.000006772226056
-135.93750000     0.000005982760447
-134.37500000     0.000005227258521
-132.81250000     0.000004507366284
-131.25000000     0.000003824721900
-129.68750000     0.000003180955318
-128.12500000     0.000002577687875
-126.56250000     0.000002016531834
-125.00000000     0.000001499089845
-123.43750000     0.000001026954277
-121.87500000     0.000000601706414
-120.31250000     0.000000224915483
-118.75000000     -0.000000101862508
-117.18750000     -0.000000377086143
-115.62500000     -0.000000599230187
-114.06250000     -0.000000766787418
-112.50000000     -0.000000878270696
-110.93750000     -0.000000932215287
-109.37500000     -0.000000927181442
-107.81250000     -0.000000861757216
-106.25000000     -0.000000734561539
-104.68750000     -0.000000544247523
-103.12500000     -0.000000289505995
-101.56250000     0.000000030930771
-100.00000000     0.000000418285115
-98.43750000     0.000000873729896
-96.87500000     0.000001398384241
-95.31250000     0.000001993309178
-93.75000000     0.000002659503175
-92.18750000     0.000003397897617
-90.62500000     0.000004209352246
-89.06250000     0.000005094650607
-87.50000000     0.000006054495523
-85.93750000     0.000007089504639
-84.37500000     0.000008200206064
-82.81250000     0.000009387034149
-81.25000000     0.000010650325430
-79.68750000     0.000011990314770
-78.12500000     0.000013407131733
-76.56250000     0.000014900797217
-75.00000000     0.000016471220375
-73.43750000     0.000018118195855
-71.87500000     0.000019841401374
-70.31250000     0.000021640395659
-68.75000000     0.000023514616767
-67.18750000     0.000025463380806
-65.62500000     0.000027485881075
-64.06250000     0.000029581187620
-62.50000000     0.000031748247234
-60.93750000     0.000033985883900
-59.37500000     0.000036292799677
-57.81250000     0.000038667576028
-56.25000000     0.000041108675609
-54.68750000     0.000043614444476
-53.12500000     0.000046183114745
-51.56250000     0.000048812807661
-50.00000000     0.000051501537085
-48.43750000     0.000054247213367
-46.87500000     0.000057047647612
-45.31250000     0.000059900556285
-43.75000000     0.000062803566175
-42.18750000     0.000065754219653
-40.62500000     0.000068749980238
-39.06250000     0.000071788238417
-37.50000000     0.000074866317707
-35.93750000     0.000077981480927
-34.37500000     0.000081130936649
-32.81250000     0.000084311845806
-31.25000000     0.000087521328419
-29.68750000     0.000090756470417
-28.12500000     0.000094014330526
-26.56250000     0.000097291947184
-25.00000000     0.000100586345471
-23.43750000     0.000103894544003
-21.87500000     0.000107213561785
-20.31250000     0.000110540424984
-18.75000000     0.000113872173591
-17.18750000     0.000117205867963
-15.62500000     0.000120538595204
-14.06250000     0.000123867475374
-12.50000000     0.000127189667499
-10.93750000     0.000130502375373
-9.37500000     0.000133802853110
-7.81250000     0.000137088410463
-6.25000000     0.000140356417861
-4.68750000     0.000143604311182
-3.12500000     0.000146829596224
-1.56250000     0.000150029852884
0.00000000     0.000153202739021
1.56250000     0.000156345994014
3.12500000     0.000159457441991
4.68750000     0.000162534994743
6.25000000     0.000165576654304
7.81250000     0.000168580515217
9.37500000     0.000171544766466
10.93750000     0.000174467693098
12.50000000     0.000177347677516
14.06250000     0.000180183200470
15.62500000     0.000182972841735
17.18750000     0.000185715280496
18.75000000     0.000188409295444
20.31250000     0.000191053764583
21.87500000     0.000193647664778
23.43750000     0.000196190071041
25.00000000     0.000198680155558
26.56250000     0.000201117186502
28.12500000     0.000203500526601
29.68750000     0.000205829631513
31.25000000     0.000208104047997
32.81250000     0.000210323411903
34.37500000     0.000212487445992
35.93750000     0.000214595957606
37.50000000     0.000216648836191
39.06250000     0.000218646050699
40.62500000     0.000220587646871
42.18750000     0.000222473744426
43.75000000     0.000224304534165
45.31250000     0.000226080274991
46.87500000     0.000227801290887
48.43750000     0.000229467967829
50.00000000     0.000231080750677
51.56250000     0.000232640140033
53.12500000     0.000234146689095
54.68750000     0.000235601000498
56.25000000     0.000237003723177
57.81250000     0.000238355549235
59.37500000     0.000239657210848
60.93750000     0.000240909477198
62.50000000     0.000242113151455
64.06250000     0.000243269067811
65.62500000     0.000244378088560
67.18750000     0.000245441101261
68.75000000     0.000246459015954
70.31250000     0.000247432762458
71.87500000     0.000248363287750
73.43750000     0.000249251553424
75.00000000     0.000250098533238
76.56250000     0.000250905210750
78.12500000     0.000251672577048
79.68750000     0.000252401628578
81.25000000     0.000253093365055
82.81250000     0.000253748787492
84.37500000     0.000254368896303
85.93750000     0.000254954689528
87.50000000     0.000255507161136
89.06250000     0.000256027299439
90.62500000     0.000256516085598
92.18750000     0.000256974492226
93.75000000     0.000257403482085
95.31250000     0.000257804006880
96.87500000     0.000258177006137
98.43750000     0.000258523406181
100.00000000     0.000258844119190
101.56250000     0.000259140042344
103.12500000     0.000259412057050
104.68750000     0.000259661028250
106.25000000     0.000259887803805
107.81250000     0.000260093213954
109.37500000     0.000260278070843
110.93750000     0.000260443168125
112.50000000     0.000260589280621
114.06250000     0.000260717164051
115.62500000     0.000260827554814
117.18750000     0.000260921169834
118.75000000     0.000260998706452
120.31250000     0.000261060842375
121.87500000     0.000261108235662
123.43750000     0.000261141524766
125.00000000     0.000261161328610
126.56250000     0.000261168246704
128.12500000     0.000261162859295
129.68750000     0.000261145727552
131.25000000     0.000261117393784
132.81250000     0.000261078381679
134.37500000     0.000261029196576
135.93750000     0.000260970325753
137.50000000     0.000260902238739
139.06250000     0.000260825387644
140.62500000     0.000260740207508
142.18750000     0.000260647116656
143.75000000     0.000260546517076
145.31250000     0.000260438794799
146.87500000     0.000260324320291
148.43750000     0.000260203448853
150.00000000     0.000260076521028
151.56250000     0.000259943863003
153.12500000     0.000259805787028
154.68750000     0.000259662591823
156.25000000     0.000259514562997
157.81250000     0.000259361973456
159.37500000     0.000259205083814
160.93750000     0.000259044142805
162.50000000     0.000258879387683
164.06250000     0.000258711044625
165.62500000     0.000258539329125
167.18750000     0.000258364446382
168.75000000     0.000258186591685
170.31250000     0.000258005950790
171.87500000     0.000257822700286
173.43750000     0.000257637007957
175.00000000     0.000257449033135
176.56250000     0.000257258927049
178.12500000     0.000257066833156
179.68750000     0.000256872887472
181.25000000     0.000256677218887
182.81250000     0.000256479949482
184.37500000     0.000256281194820
185.93750000     0.000256081064247
187.50000000     0.000255879661165
189.06250000     0.000255677083314
190.62500000     0.000255473423026
192.18750000     0.000255268767489
193.75000000     0.000255063198987
195.31250000     0.000254856795139
196.87500000     0.000254649629127
198.43750000     0.000254441769914
200.00000000     0.000254233282456
201.56250000     0.000254024227906
203.12500000     0.000253814663803
204.68750000     0.000253604644264
206.25000000     0.000253394220159
207.81250000     0.000253183439286
209.37500000     0.000252972346526
210.93750000     0.000252760984010
212.50000000     0.000252549391259
214.06250000     0.000252337605333
215.62500000     0.000252125660961
217.18750000     0.000251913590677
218.75000000     0.000251701424938
220.31250000     0.000251489192242
221.87500000     0.000251276919244
223.43750000     0.000251064630857
225.00000000     0.000250852350356
226.56250000     0.000250640099471
228.12500000     0.000250427898483
229.68750000     0.000250215766304
231.25000000     0.000250003720563
232.81250000     0.000249791777680
234.37500000     0.000249579952944
235.93750000     0.000249368260576
237.50000000     0.000249156713801
239.06250000     0.000248945324904
240.62500000     0.000248734105292
242.18750000     0.000248523065550
243.75000000     0.000248312215490
245.31250000     0.000248101564202
246.87500000     0.000247891120100
248.43750000     0.000247680890965
250.00000000     0.000247470883988
251.56250000     0.000247261105805
253.12500000     0.000247051562537
254.68750000     0.000246842259823
256.25000000     0.000246633202852
257.81250000     0.000246424396392
259.37500000     0.000246215844820
260.93750000     0.000246007552150
262.50000000     0.000245799522052
264.06250000     0.000245591757882
265.62500000     0.000245384262700
267.18750000     0.000245177039294
268.75000000     0.000244970090193
270.31250000     0.000244763417691
271.87500000     0.000244557023861
273.43750000     0.000244350910569
275.00000000     0.000244145079492
276.56250000     0.000243939532131
278.12500000     0.000243734269819
279.68750000     0.000243529293739
281.25000000     0.000243324604931
282.81250000     0.000243120204306
284.37500000     0.000242916092648
285.93750000     0.000242712270633
287.50000000     0.000242508738830
289.06250000     0.000242305497710
290.62500000     0.000242102547659
292.18750000     0.000241899888975
293.75000000     0.000241697521885
295.31250000     0.000241495446544
296.87500000     0.000241293663044
298.43750000     0.000241092171420
300.00000000     0.000240890971652
301.56250000     0.000240690063674
303.12500000     0.000240489447375
304.68750000     0.000240289122607
306.25000000     0.000240089089183
307.81250000     0.000239889346888
309.37500000     0.000239689895474
310.93750000     0.000239490734669
312.50000000     0.000239291864175
314.06250000     0.000239093283672
315.62500000     0.000238894992816
317.18750000     0.000238696991243
318.75000000     0.000238499278569
320.31250000     0.000238301854387
321.87500000     0.000238104718268
323.43750000     0.000237907869762
325.00000000     0.000237711308398
326.56250000     0.000237515033677
328.12500000     0.000237319045080
329.68750000     0.000237123342065
331.25000000     0.000236927924065
332.81250000     0.000236732790493
334.37500000     0.000236537940742
335.93750000     0.000236343374188
337.50000000     0.000236149090194
339.06250000     0.000235955088116
340.62500000     0.000235761367306
342.18750000     0.000235567927120
343.75000000     0.000235374766925
345.31250000     0.000235181886103
346.87500000     0.000234989284065
348.43750000     0.000234796960249
350.00000000     0.000234604914135
351.56250000     0.000234413145243
353.12500000     0.000234221653140
354.68750000     0.000234030437439
356.25000000     0.000233839497801
357.81250000     0.000233648833929
359.37500000     0.000233458445562
360.93750000     0.000233268332463
362.50000000     0.000233078494410
364.06250000     0.000232888931174
365.62500000     0.000232699642507
367.18750000     0.000232510628116
368.75000000     0.000232321887643
370.31250000     0.000232133420643
371.87500000     0.000231945226564
373.43750000     0.000231757304721
375.00000000     0.000231569654287
376.56250000     0.000231382274279
378.12500000     0.000231195163550
379.68750000     0.000231008320793
381.25000000     0.000230821744549
382.81250000     0.000230635433230
384.37500000     0.000230449385142
385.93750000     0.000230263598529
387.50000000     0.000230078071618
389.06250000     0.000229892802678
390.62500000     0.000229707790079
392.18750000     0.000229523032368
393.75000000     0.000229338528334
395.31250000     0.000229154277086
396.87500000     0.000228970278113
398.43750000     0.000228786531351
400.00000000     0.000228603037226
401.56250000     0.000228419796689
403.12500000     0.000228236811228
404.68750000     0.000228054082856
406.25000000     0.000227871614080
407.81250000     0.000227689407829
409.37500000     0.000227507467363
410.93750000     0.000227325796152
412.50000000     0.000227144397716
414.06250000     0.000226963275456
415.62500000     0.000226782432449
417.18750000     0.000226601871234
418.75000000     0.000226421593593
420.31250000     0.000226241600328
421.87500000     0.000226061891049
423.43750000     0.000225882463991
425.00000000     0.000225703315853
426.56250000     0.000225524441696
428.12500000     0.000225345834879
429.68750000     0.000225167487083
431.25000000     0.000224989388391
432.81250000     0.000224811527461
434.37500000     0.000224633891782
435.93750000     0.000224456468017
437.50000000     0.000224279242431
439.06250000     0.000224102201396
440.62500000     0.000223925331964
442.18750000     0.000223748622492
443.75000000     0.000223572063301
445.31250000     0.000223395647347
446.87500000     0.000223219370871
448.43750000     0.000223043234007
450.00000000     0.000222867241320
451.56250000     0.000222691402221
453.12500000     0.000222515731259
454.68750000     0.000222340248231
456.25000000     0.000222164978104
457.81250000     0.000221989950710
459.37500000     0.000221815200208
460.93750000     0.000221640764306
462.50000000     0.000221466683229
464.06250000     0.000221292998454
465.62500000     0.000221119751223
467.18750000     0.000220946980876
468.75000000     0.000220774723024
470.31250000     0.000220603007638
471.87500000     0.000220431857096
473.43750000     0.000220261284271
475.00000000     0.000220091290730
476.56250000     0.000219921865133
478.12500000     0.000219752981905
479.68750000     0.000219584600286
481.25000000     0.000219416663820
482.81250000     0.000219249100364
484.37500000     0.000219081822689
485.93750000     0.000218914729707
487.50000000     0.000218747708371
489.06250000     0.000218580636242
490.62500000     0.000218413384737
492.18750000     0.000218245822989
493.75000000     0.000218077822285
495.31250000     0.000217909260968
496.87500000     0.000217740029699
498.43750000     0.000217570036929
500.00000000     0.000217399214408
501.56250000     0.000217227522555
503.12500000     0.000217054955470
504.68750000     0.000216881545386
506.25000000     0.000216707366329
507.81250000     0.000216532536787
509.37500000     0.000216357221154
510.93750000     0.000216181629797
512.50000000     0.000216006017554
514.06250000     0.000215830680551
515.62500000     0.000215655951256
517.18750000     0.000215482191733
518.75000000     0.000215309785114
520.31250000     0.000215139125381
521.87500000     0.000214970605599
523.43750000     0.000214804604818
525.00000000     0.000214641473918
526.56250000     0.000214481520741
528.12500000     0.000214324994920
529.68750000     0.000214172072833
531.25000000     0.000214022843211
532.81250000     0.000213877293887
534.37500000     0.000213735300262
535.93750000     0.000213596616008
537.50000000     0.000213460866548
539.06250000     0.000213327545806
540.62500000     0.000213196016679
542.18750000     0.000213065515601
543.75000000     0.000212935161489
545.31250000     0.000212803969263
546.87500000     0.000212670867998
548.43750000     0.000212534723650
550.00000000     0.000212394366142
551.56250000     0.000212248620457
553.12500000     0.000212096341219
554.68750000     0.000211936450118
556.25000000     0.000211767975346
557.81250000     0.000211590092129
559.37500000     0.000211402163268
560.93750000     0.000211203778539
562.50000000     0.000210994791702
564.06250000     0.000210775353839
565.62500000     0.000210545941700
567.18750000     0.000210307379785
568.75000000     0.000210060854922
570.31250000     0.000209807922204
571.87500000     0.000209550501287
573.43750000     0.000209290862216
575.00000000     0.000209031600159
576.56250000     0.000208775598683
578.12500000     0.000208525981458
579.68750000     0.000208286052606
581.25000000     0.000208059226203
582.81250000     0.000207848945804
584.37500000     0.000207658595165
585.93750000     0.000207491401709
587.50000000     0.000207350334573
589.06250000     0.000207237999379
590.62500000     0.000207156532170
592.18750000     0.000207107495127
593.75000000     0.000207091776926
595.31250000     0.000207109500657
596.87500000     0.000207159942329
598.43750000     0.000207241462957
600.00000000     0.000207351457139
601.56250000     0.000207486320865
603.12500000     0.000207641441067
604.68750000     0.000207811209085
606.25000000     0.000207989059821
607.81250000     0.000208167537893
609.37500000     0.000208338391536
610.93750000     0.000208492694435
612.50000000     0.000208620994990
614.06250000     0.000208713491849
615.62500000     0.000208760233849
617.18750000     0.000208751341768
618.75000000     0.000208677248602
620.31250000     0.000208528954392
621.87500000     0.000208298290991
623.43750000     0.000207978191579
625.00000000     0.000207562959223
626.56250000     0.000207048528377
628.12500000     0.000206432712893
629.68750000     0.000205715433940
631.25000000     0.000204898921174
632.81250000     0.000203987880563
634.37500000     0.000202989622540
635.93750000     0.000201914144507
637.50000000     0.000200774162272
639.06250000     0.000199585085677
640.62500000     0.000198364934510
642.18750000     0.000197134191762
643.75000000     0.000195915592384
645.31250000     0.000194733846892
646.87500000     0.000193615300471
648.43750000     0.000192587529578
650.00000000     0.000191678879449
651.56250000     0.000190917947357
653.12500000     0.000190333017867
654.68750000     0.000189951457720
656.25000000     0.000189799079317
657.81250000     0.000189899482955
659.37500000     0.000190273389127
660.93750000     0.000190937973077
662.50000000     0.000191906214652
664.06250000     0.000193186276984
665.62500000     0.000194780927961
667.18750000     0.000196687018506
668.75000000     0.000198895031560
670.31250000     0.000201388715250
671.87500000     0.000204144813058
673.43750000     0.000207132902845
675.00000000     0.000210315355362
676.56250000     0.000213647421436
678.12500000     0.000217077455261
679.68750000     0.000220547279307
681.25000000     0.000223992694204
682.81250000     0.000227344134642
684.37500000     0.000230527469847
685.93750000     0.000233464944655
687.50000000     0.000236076254554
689.06250000     0.000238279745388
690.62500000     0.000239993725816
692.18750000     0.000241137878005
693.75000000     0.000241634749577
695.31250000     0.000241411307545
696.87500000     0.000240400532808
698.43750000     0.000238543031946
700.00000000     0.000235788641450
701.56250000     0.000232097998270
703.12500000     0.000227444049619
704.68750000     0.000221813474475
706.25000000     0.000215207989037
707.81250000     0.000207645508746
709.37500000     0.000199161140143
710.93750000     0.000189807977041
712.50000000     0.000179657677079
714.06250000     0.000168800796724
715.62500000     0.000157346865260
717.18750000     0.000145424181123
718.75000000     0.000133179317116
720.31250000     0.000120776324573
721.87500000     0.000108395630347
723.43750000     0.000096232624540
725.00000000     0.000084495941115
726.56250000     0.000073405437951
728.12500000     0.000063189887293
729.68750000     0.000054084392086
731.25000000     0.000046327548074
732.81250000     0.000040158375893
734.37500000     0.000035813051552
735.93750000     0.000033521467642
737.50000000     0.000033503661262
739.06250000     0.000035966147991
740.62500000     0.000041098204198
742.18750000     0.000049068142452
743.75000000     0.000060019626707
745.31250000     0.000074068075542
746.87500000     0.000091297202677
748.43750000     0.000111755744392
750.00000000     0.000135454423216
751.56250000     0.000162363196504
753.12500000     0.000192408837085
754.68750000     0.000225472891179
756.25000000     0.000261390056185
757.81250000     0.000299947017814
759.37500000     0.000340881782324
760.93750000     0.000383883535433
762.50000000     0.000428593054818
764.06250000     0.000474603697990
765.62500000     0.000521462981906
767.18750000     0.000568674764851
768.75000000     0.000615702035090
770.31250000     0.000661970304544
771.87500000     0.000706871599354
773.43750000     0.000749769032756
775.00000000     0.000790001939278
776.56250000     0.000826891542879
778.12500000     0.000859747125494
779.68750000     0.000887872656450
781.25000000     0.000910573837550
782.81250000     0.000927165513321
784.37500000     0.000936979391038
785.93750000     0.000939372010754
787.50000000     0.000933732901779
789.06250000     0.000919492858481
790.62500000     0.000896132265492
792.18750000     0.000863189402112
793.75000000     0.000820268653475
795.31250000     0.000767048555510
796.87500000     0.000703289601215
798.43750000     0.000628841736909
800.00000000     0.000543651479068
801.56250000     0.000447768584958
803.12500000     0.000341352213719
804.68750000     0.000224676518567
806.25000000     0.000098135615599
807.81250000     -0.000037752120054
809.37500000     -0.000182340474011
810.93750000     -0.000334852565325
812.50000000     -0.000494378802233
814.06250000     -0.000659875644021
815.62500000     -0.000830165184720
817.18750000     -0.001003935566820
818.75000000     -0.001179742225650
820.31250000     -0.001356009957450
821.87500000     -0.001531035796890
823.43750000     -0.001702992682270
825.00000000     -0.001869933880130
826.56250000     -0.002029798133840
828.12500000     -0.002180415495290
829.68750000     -0.002319513792510
831.25000000     -0.002444725681510
832.81250000     -0.002553596225890
834.37500000     -0.002643590944060
835.93750000     -0.002712104260880
837.50000000     -0.002756468298090
839.06250000     -0.002773961936170
840.62500000     -0.002761820079670
842.18750000     -0.002717243057070
843.75000000     -0.002637406075310
845.31250000     -0.002519468672360
846.87500000     -0.002360584107490
848.43750000     -0.002157908623220
850.00000000     -0.001908610517870
851.56250000     -0.001609878971390
853.12500000     -0.001258932571460
854.68750000     -0.000853027490459
856.25000000     -0.000389465268514
857.81250000     0.000134399837616
859.37500000     0.000721153975582
860.93750000     0.001373317319210
862.50000000     0.002093338217080
864.06250000     0.002883587889220
865.62500000     0.003746355688490
867.18750000     0.004683844938760
868.75000000     0.005698169357440
870.31250000     0.006791350065860
871.87500000     0.007965313187070
873.43750000     0.009221888026810
875.00000000     0.010562805830100
876.56250000     0.011989699103000
878.12500000     0.013504101485700
879.68750000     0.015107448161300
881.25000000     0.016801076782700
882.81250000     0.018586228896700
884.37500000     0.020464051844300
885.93750000     0.022435601115200
887.50000000     0.024501843131100
889.06250000     0.026663658435300
890.62500000     0.028921845261700
892.18750000     0.031277123458700
893.75000000     0.033730138742200
895.31250000     0.036281467251900
896.87500000     0.038931620385300
898.43750000     0.041681049883500
900.00000000     0.044530153143900
901.56250000     0.047479278733500
903.12500000     0.050528732079500
904.68750000     0.053678781309500
906.25000000     0.056929663218800
907.81250000     0.060281589337500
909.37500000     0.063734752073300
910.93750000     0.067289330902800
912.50000000     0.070945498586000
914.06250000     0.074703427374800
915.62500000     0.078563295188100
917.18750000     0.082525291722000
918.75000000     0.086589624464500
920.31250000     0.090756524578500
921.87500000     0.095026252618700
923.43750000     0.099399104040400
925.00000000     0.103875414459000
926.56250000     0.108455564612000
928.12500000     0.113139984977000
929.68750000     0.117929159980000
931.25000000     0.122823631747000
932.81250000     0.127824003324000
934.37500000     0.132930941293000
935.93750000     0.138145177715000
937.50000000     0.143467511302000
939.06250000     0.148898807737000
940.62500000     0.154439999035000
942.18750000     0.160092081848000
943.75000000     0.165856114583000
945.31250000     0.171733213226000
946.87500000     0.177724545738000
948.43750000     0.183831324873000
950.00000000     0.190054799291000
951.56250000     0.196396242800000
953.12500000     0.202856941575000
954.68750000     0.209438179187000
956.25000000     0.216141219278000
957.81250000     0.222967285715000
959.37500000     0.229917540047000
960.93750000     0.236993056102000
962.50000000     0.244194791566000
964.06250000     0.251523556380000
965.62500000     0.258979977827000
967.18750000     0.266564462170000
968.75000000     0.274277152753000
970.31250000     0.282117884472000
971.87500000     0.290086134584000
973.43750000     0.298180969846000
975.00000000     0.306400990029000
976.56250000     0.314744267897000
978.12500000     0.323208285817000
979.68750000     0.331789869232000
981.25000000     0.340485117299000
982.81250000     0.349289331093000
984.37500000     0.358196939878000
985.93750000     0.367201426027000
987.50000000     0.376295249320000
989.06250000     0.385469771427000
990.62500000     0.394715181544000
992.18750000     0.404020424239000
993.75000000     0.413373130711000
995.31250000     0.422759554786000
996.87500000     0.432164515088000
998.43750000     0.441571344914000
1000.00000000     0.450961851469000
1001.56250000     0.460316286165000
1003.12500000     0.469613327749000
1004.68750000     0.478830080043000
1006.25000000     0.487942086095000
1007.81250000     0.496923360450000
1009.37500000     0.505746441200000
1010.93750000     0.514382463317000
1012.50000000     0.522801254574000
1014.06250000     0.530971455157000
1015.62500000     0.538860661711000
1017.18750000     0.546435596295000
1018.75000000     0.553662300242000
1020.31250000     0.560506352516000
1021.87500000     0.566933111654000
1023.43750000     0.572907979850000
1025.00000000     0.578396687175000
1026.56250000     0.583365593390000
1028.12500000     0.587782004209000
1029.68750000     0.591614498355000
1031.25000000     0.594833261216000
1032.81250000     0.597410420459000
1034.37500000     0.599320378563000
1035.93750000     0.600540136929000
1037.50000000     0.601049606029000
1039.06250000     0.600831896018000
1040.62500000     0.599873581077000
1042.18750000     0.598164928827000
1043.75000000     0.595700095613000
1045.31250000     0.592477283651000
1046.87500000     0.588498854791000
1048.43750000     0.583771397236000
1050.00000000     0.578305742677000
1051.56250000     0.572116932359000
1053.12500000     0.565224131615000
1054.68750000     0.557650493422000
1056.25000000     0.549422972611000
1057.81250000     0.540572093367000
1059.37500000     0.531131673656000
1060.93750000     0.521138511063000
1062.50000000     0.510632035365000
1064.06250000     0.499653933748000
1065.62500000     0.488247755106000
1067.18750000     0.476458500167000
1068.75000000     0.464332204318000
1070.31250000     0.451915519991000
1071.87500000     0.439255305256000
1073.43750000     0.426398224865000
1075.00000000     0.413390369541000
1076.56250000     0.400276898610000
1078.12500000     0.387101710377000
1079.68750000     0.373907143856000
1081.25000000     0.360733714586000
1082.81250000     0.347619886464000
1084.37500000     0.334601880654000
1085.93750000     0.321713521848000
1087.50000000     0.308986121425000
1089.06250000     0.296448396370000
1090.62500000     0.284126422254000
1092.18750000     0.272043618096000
1093.75000000     0.260220760535000
1095.31250000     0.248676024469000
1096.87500000     0.237425047119000
1098.43750000     0.226481012391000
1100.00000000     0.215854752371000
1101.56250000     0.205554862867000
1103.12500000     0.195587830005000
1104.68750000     0.185958165048000
1106.25000000     0.176668544833000
1107.81250000     0.167719955417000
1109.37500000     0.159111836789000
1110.93750000     0.150842226753000
1112.50000000     0.142907902351000
1114.06250000     0.135304517435000
1115.62500000     0.128026735249000
1117.18750000     0.121068355109000
1118.75000000     0.114422432470000
1120.31250000     0.108081391877000
1121.87500000     0.102037132455000
1123.43750000     0.096281125746400
1125.00000000     0.090804505844900
1126.56250000     0.085598151879300
1128.12500000     0.080652762988400
1129.68750000     0.075958926016400
1131.25000000     0.071507176210000
1132.81250000     0.067288051247400
1134.37500000     0.063292138962400
1135.93750000     0.059510119149400
1137.50000000     0.055932799849200
1139.06250000     0.052551148519300
1140.62500000     0.049356318491900
1142.18750000     0.046339671115800
1143.75000000     0.043492793967000
1145.31250000     0.040807515497800
1146.87500000     0.038275916477400
1148.43750000     0.035890338558600
1150.00000000     0.033643390283400
1151.56250000     0.031527950820600
1153.12500000     0.029537171707900
1154.68750000     0.027664476848700
1156.25000000     0.025903560994200
1157.81250000     0.024248386921300
1159.37500000     0.022693181498600
1160.93750000     0.021232430812600
1162.50000000     0.019860874511000
1164.06250000     0.018573499504300
1165.62500000     0.017365533149600
1167.18750000     0.016232436028400
1168.75000000     0.015169894418100
1170.31250000     0.014173812543100
1171.87500000     0.013240304681400
1173.43750000     0.012365687195400
1175.00000000     0.011546470540500
1176.56250000     0.010779351305900
1178.12500000     0.010061204325200
1179.68750000     0.009389074896220
1181.25000000     0.008760171138610
1182.81250000     0.008171856513670
1184.37500000     0.007621642528040
1185.93750000     0.007107181636500
1187.50000000     0.006626260357170
1189.06250000     0.006176792608360
1190.62500000     0.005756813274150
1192.18750000     0.005364472003090
1193.75000000     0.004998027242420
1195.31250000     0.004655840508540
1196.87500000     0.004336370892810
1198.43750000     0.004038169800490
1200.00000000     0.003759875919740
1201.56250000     0.003500210416420
1203.12500000     0.003257972349810
1204.68750000     0.003032034303920
1206.25000000     0.002821338228280
1207.81250000     0.002624891481960
1209.37500000     0.002441763074240
1210.93750000     0.002271080095070
1212.50000000     0.002112024328490
1214.06250000     0.001963829041960
1215.62500000     0.001825775944550
1217.18750000     0.001697192307250
1218.75000000     0.001577448238170
1220.31250000     0.001465954106230
1221.87500000     0.001362158106240
1223.43750000     0.001265543959290
1225.00000000     0.001175628741710
1226.56250000     0.001091960836720
1228.12500000     0.001014118002590
1229.68750000     0.000941705551658
1231.25000000     0.000874354634448
1232.81250000     0.000811720623725
1234.37500000     0.000753481593120
1235.93750000     0.000699336885450
1237.50000000     0.000649005765955
1239.06250000     0.000602226155864
1240.62500000     0.000558753441965
1242.18750000     0.000518359357983
1243.75000000     0.000480830933810
1245.31250000     0.000445969508790
1246.87500000     0.000413589805461
1248.43750000     0.000383519060313
1250.00000000     0.000355596208315
1251.56250000     0.000329671118104
1253.12500000     0.000305603874902
1254.68750000     0.000283264108372
1256.25000000     0.000262530362778
1257.81250000     0.000243289506939
1259.37500000     0.000225436181624
1260.93750000     0.000208872282127
1262.50000000     0.000193506473931
1264.06250000     0.000179253739439
1265.62500000     0.000166034953899
1267.18750000     0.000153776488727
1268.75000000     0.000142409840557
1270.31250000     0.000131871284422
1271.87500000     0.000122101549580
1273.43750000     0.000113045516562
1275.00000000     0.000104651934137
1276.56250000     0.000096873154916
1278.12500000     0.000089664888447
1279.68750000     0.000082985970670
1281.25000000     0.000076798148715
1282.81250000     0.000071065880049
1284.37500000     0.000065756145049
1285.93750000     0.000060838272164
1287.50000000     0.000056283774819
1289.06250000     0.000052066199331
1290.62500000     0.000048160983102
1292.18750000     0.000044545322431
1293.75000000     0.000041198049312
1295.31250000     0.000038099516621
1296.87500000     0.000035231491157
1298.43750000     0.000032577053999
1300.00000000     0.000030120507715
1301.56250000     0.000027847289943
1303.12500000     0.000025743892943
1304.68750000     0.000023797788712
1306.25000000     0.000021997359279
1307.81250000     0.000020331831852
1309.37500000     0.000018791218471
1310.93750000     0.000017366259877
1312.50000000     0.000016048373301
1314.06250000     0.000014829603915
1315.62500000     0.000013702579682
1317.18750000     0.000012660469396
1318.75000000     0.000011696943669
1320.31250000     0.000010806138678
1321.87500000     0.000009982622473
1323.43750000     0.000009221363684
1325.00000000     0.000008517702439
1326.56250000     0.000007867323362
1328.12500000     0.000007266230490
1329.68750000     0.000006710723983
1331.25000000     0.000006197378504
1332.81250000     0.000005723023145
1334.37500000     0.000005284722798
1335.93750000     0.000004879760861
1337.50000000     0.000004505623200
1339.06250000     0.000004159983255
1340.62500000     0.000003840688237
1342.18750000     0.000003545746313
1343.75000000     0.000003273314727
1345.31250000     0.000003021688784
1346.87500000     0.000002789291630
1348.43750000     0.000002574664783
1350.00000000     0.000002376459354
1351.56250000     0.000002193427903
1353.12500000     0.000002024416901
1354.68750000     0.000001868359737
1356.25000000     0.000001724270243
1357.81250000     0.000001591236689
1359.37500000     0.000001468416227
1360.93750000     0.000001355029742
1362.50000000     0.000001250357078
1364.06250000     0.000001153732624
1365.62500000     0.000001064541223
1367.18750000     0.000000982214382
1368.75000000     0.000000906226770
1370.31250000     0.000000836092968
1371.87500000     0.000000771364465
1373.43750000     0.000000711626876
1375.00000000     0.000000656497370
1376.56250000     0.000000605622288
1378.12500000     0.000000558674936
1379.68750000     0.000000515353547
1381.25000000     0.000000475379396
1382.81250000     0.000000438495052
1384.37500000     0.000000404462766
1385.93750000     0.000000373062976
1387.50000000     0.000000344092925
1389.06250000     0.000000317365389
1390.62500000     0.000000292707489
1392.18750000     0.000000269959603
1393.75000000     0.000000248974358
1395.31250000     0.000000229615691
1396.87500000     0.000000211757991
1398.43750000     0.000000195285301
1400.00000000     0.000000180090577
1401.56250000     0.000000166075012
1403.12500000     0.000000153147402
1404.68750000     0.000000141223566
1406.25000000     0.000000130225807
1407.81250000     0.000000120082419
1409.37500000     0.000000110727222
1410.93750000     0.000000102099143
1412.50000000     0.000000094141822
1414.06250000     0.000000086803248
1415.62500000     0.000000080035429
1417.18750000     0.000000073794080
1418.75000000     0.000000068038341
1420.31250000     0.000000062730508
1421.87500000     0.000000057835795
1423.43750000     0.000000053322108
1425.00000000     0.000000049159835
1426.56250000     0.000000045321658
1428.12500000     0.000000041782374
1429.68750000     0.000000038518731
1431.25000000     0.000000035509281
1432.81250000     0.000000032734236
1434.37500000     0.000000030175342
1435.93750000     0.000000027815760
1437.50000000     0.000000025639958
1439.06250000     0.000000023633606
1440.62500000     0.000000021783486
1442.18750000     0.000000020077406
1443.75000000     0.000000018504117
1445.31250000     0.000000017053244
1446.87500000     0.000000015715216
1448.43750000     0.000000014481201
1450.00000000     0.000000013343055
1451.56250000     0.000000012293261
1453.12500000     0.000000011324885
1454.68750000     0.000000010431529
1456.25000000     0.000000009607288
1457.81250000     0.000000008846713
1459.37500000     0.000000008144775
1460.93750000     0.000000007496830
1462.50000000     0.000000006898593
1464.06250000     0.000000006346103
1465.62500000     0.000000005835704
1467.18750000     0.000000005364016
1468.75000000     0.000000004927916
1470.31250000     0.000000004524515
1471.87500000     0.000000004151138
1473.43750000     0.000000003805312
1475.00000000     0.000000003484742
1476.56250000     0.000000003187304
1478.12500000     0.000000002911026
1479.68750000     0.000000002654089
1481.25000000     0.000000002414813
1482.81250000     0.000000002191663
1484.37500000     0.000000001983241
1485.93750000     0.000000001788268
1487.50000000     0.000000001605506
1489.06250000     0.000000001433574
1490.62500000     0.000000001270569
1492.18750000     0.000000001113422
1493.75000000     0.000000000957018
1495.31250000     0.000000000793484
1496.87500000     0.000000000612815
1498.43750000     0.000000000407446
1500.00000000     0.000000000185548
