-500.00000000     0.000000000000000
-498.43750000     0.000000000000000
-496.87500000     0.000000000000000
-495.31250000     0.000000000000000
-493.75000000     0.000000000000000
-492.18750000     0.000000000000000
-490.62500000     0.000000000000000
-489.06250000     0.000000000000000
-487.50000000     0.000000000000000
-485.93750000     0.000000000000000
-484.37500000     0.000000000000000
-482.81250000     0.000000000000000
-481.25000000     0.000000000000000
-479.68750000     0.000000000000000
-478.12500000     0.000000000000000
-476.56250000     0.000000000000000
-475.00000000     0.000000000000000
-473.43750000     0.000000000000000
-471.87500000     0.000000000000000
-470.31250000     0.000000000000000
-468.75000000     0.000000000000000
-467.18750000     0.000000000000000
-465.62500000     0.000000000000000
-464.06250000     0.000000000000000
-462.50000000     0.000000000000000
-460.93750000     0.000000000000000
-459.37500000     0.000000000000000
-457.81250000     0.000000000000000
-456.25000000     0.000000000000000
-454.68750000     0.000000000000000
-453.12500000     0.000000000000000
-451.56250000     0.000000000000000
-450.00000000     0.000000000000000
-448.43750000     0.000000000000000
-446.87500000     0.000000000000000
-445.31250000     0.000000000000000
-443.75000000     0.000000000000000
-442.18750000     0.000000000000000
-440.62500000     0.000000000000000
-439.06250000     0.000000000000000
-437.50000000     0.000000000000000
-435.93750000     0.000000000000000
-434.37500000     0.000000000000000
-432.81250000     0.000000000000000
-431.25000000     0.000000000000000
-429.68750000     0.000000000000000
-428.12500000     0.000000000000000
-426.56250000     0.000000000000000
-425.00000000     0.000000000000000
-423.43750000     0.000000000000000
-421.87500000     0.000000000000000
-420.31250000     0.000000000000000
-418.75000000     0.000000000000000
-417.18750000     0.000000000000000
-415.62500000     0.000000000000000
-414.06250000     0.000000000000000
-412.50000000     0.000000000000000
-410.93750000     0.000000000000000
-409.37500000     0.000000000000000
-407.81250000     0.000000000000000
-406.25000000     0.000000000000000
-404.68750000     0.000000000000000
-403.12500000     0.000000000000000
-401.56250000     0.000000000000000
-400.00000000     0.000000000000000
-398.43750000     0.000000000000000
-396.87500000     0.000000000000000
-395.31250000     0.000000000000000
-393.75000000     0.000000000000000
-392.18750000     0.000000000000000
-390.62500000     0.000000000000000
-389.06250000     0.000000000000000
-387.50000000     0.000000000000000
-385.93750000     0.000000000000000
-384.37500000     0.000000000000000
-382.81250000     0.000000000000000
-381.25000000     0.000000000000000
-379.68750000     0.000000000000000
-378.12500000     0.000000000000000
-376.56250000     0.000000000000000
-375.00000000     0.000000000000000
-373.43750000     0.000000000000000
-371.87500000     0.000000000000000
-370.31250000     0.000000000000000
-368.75000000     0.000000000000000
-367.18750000     0.000000000000000
-365.62500000     0.000000000000000
-364.06250000     0.000000000000000
-362.50000000     0.000000000000000
-360.93750000     0.000000000000000
-359.37500000     0.000000000000000
-357.81250000     0.000000000000000
-356.25000000     0.000000000000000
-354.68750000     0.000000000000000
-353.12500000     0.000000000000000
-351.56250000     0.000000000000000
-350.00000000     0.000000000000000
-348.43750000     0.000000000000000
-346.87500000     0.000000000000000
-345.31250000     0.000000000000000
-343.75000000     0.000000000000000
-342.18750000     0.000000000000000
-340.62500000     0.000000000000000
-339.06250000     0.000000000000000
-337.50000000     0.000000000000000
-335.93750000     0.000000000000000
-334.37500000     0.000000000000000
-332.81250000     0.000000000000000
-331.25000000     0.000000000000000
-329.68750000     0.000000000000000
-328.12500000     0.000000000000000
-326.56250000     0.000000000000000
-325.00000000     0.000000000000000
-323.43750000     0.000000000000000
-321.87500000     0.000000000000000
-320.31250000     0.000000000000000
-318.75000000     0.000000000000000
-317.18750000     0.000000000000000
-315.62500000     0.000000000000000
-314.06250000     0.000000000000000
-312.50000000     0.000000000000000
-310.93750000     0.000000000000000
-309.37500000     0.000000000000000
-307.81250000     0.000000000000000
-306.25000000     0.000000000000000
-304.68750000     0.000000000000000
-303.12500000     0.000000000000000
-301.56250000     0.000000000000000
-300.00000000     0.000000000000000
-298.43750000     0.000000000000000
-296.87500000     0.000000000000000
-295.31250000     0.000000000000000
-293.75000000     0.000000000000000
-292.18750000     0.000000000000000
-290.62500000     0.000000000000000
-289.06250000     0.000000000000000
-287.50000000     0.000000000000000
-285.93750000     0.000000000000000
-284.37500000     0.000000000000000
-282.81250000     0.000000000000000
-281.25000000     0.000000000000000
-279.68750000     0.000000000000000
-278.12500000     0.000000000000000
-276.56250000     0.000000000000000
-275.00000000     0.000000000000000
-273.43750000     0.000000000000000
-271.87500000     0.000000000000000
-270.31250000     0.000000000000000
-268.75000000     0.000000000000000
-267.18750000     0.000000000000000
-265.62500000     0.000000000000000
-264.06250000     0.000000000000000
-262.50000000     0.000000000000000
-260.93750000     0.000000000000000
-259.37500000     0.000000000000000
-257.81250000     0.000000000000000
-256.25000000     0.000000000000000
-254.68750000     0.000000000000000
-253.12500000     0.000000000000000
-251.56250000     0.000000000000000
-250.00000000     0.000000000000000
-248.43750000     0.000000000000000
-246.87500000     0.000000000000000
-245.31250000     0.000000000000000
-243.75000000     0.000000000000000
-242.18750000     0.000000000000000
-240.62500000     0.000000000000000
-239.06250000     0.000000000000000
-237.50000000     0.000000000000000
-235.93750000     0.000000000000000
-234.37500000     0.000000000000000
-232.81250000     0.000000000000000
-231.25000000     0.000000000000000
-229.68750000     0.000000000000000
-228.12500000     0.000000000000000
-226.56250000     0.000000000000000
-225.00000000     0.000000000000000
-223.43750000     0.000000000000000
-221.87500000     0.000000000000000
-220.31250000     0.000000000000000
-218.75000000     0.000000000000000
-217.18750000     0.000000000000000
-215.62500000     0.000000000000000
-214.06250000     0.000000000000000
-212.50000000     0.000000000000000
-210.93750000     0.000000000000000
-209.37500000     0.000000000000000
-207.81250000     0.000000000000000
-206.25000000     0.000000000000000
-204.68750000     0.000000000000000
-203.12500000     0.000000000000000
-201.56250000     0.000000000000000
-200.00000000     0.000000000000000
-198.43750000     0.000000000000000
-196.87500000     0.000000000000000
-195.31250000     0.000000000000000
-193.75000000     0.000000000000000
-192.18750000     0.000000000000000
-190.62500000     0.000000000000000
-189.06250000     0.000000000000000
-187.50000000     0.000000000000000
-185.93750000     0.000000000000000
-184.37500000     0.000000000000000
-182.81250000     0.000000000000000
-181.25000000     0.000000000000000
-179.68750000     0.000000000000000
-178.12500000     0.000000000000000
-176.56250000     0.000000000000000
-175.00000000     0.000000000000000
-173.43750000     0.000000000000000
-171.87500000     0.000000000000000
-170.31250000     0.000000000000000
-168.75000000     0.000000000000000
-167.18750000     0.000000000000000
-165.62500000     0.000000000000000
-164.06250000     0.000000000000000
-162.50000000     0.000000000000000
-160.93750000     0.000000000000000
-159.37500000     0.000000000000000
-157.81250000     0.000000000000000
-156.25000000     0.000000000000000
-154.68750000     0.000000000000000
-153.12500000     0.000000000000000
-151.56250000     0.000000000000000
-150.00000000     0.000000000000000
-148.43750000     0.000000000000000
-146.87500000     0.000000000000000
-145.31250000     0.000000000000000
-143.75000000     0.000000000000000
-142.18750000     0.000000000000000
-140.62500000     0.000000000000000
-139.06250000     0.000000000000000
-137.50000000     0.000000000000000
-135.93750000     0.000000000000000
-134.37500000     0.000000000000000
-132.81250000     0.000000000000000
-131.25000000     0.000000000000000
-129.68750000     0.000000000000000
-128.12500000     0.000000000000000
-126.56250000     0.000000000000000
-125.00000000     0.000000000000000
-123.43750000     0.000000000000000
-121.87500000     0.000000000000000
-120.31250000     0.000000000000000
-118.75000000     0.000000000000000
-117.18750000     0.000000000000000
-115.62500000     0.000000000000000
-114.06250000     0.000000000000000
-112.50000000     0.000000000000000
-110.93750000     0.000000000000000
-109.37500000     0.000000000000000
-107.81250000     0.000000000000000
-106.25000000     0.000000000000000
-104.68750000     0.000000000000000
-103.12500000     0.000000000000000
-101.56250000     0.000000000000000
-100.00000000     0.000000000000000
-98.43750000     0.000000000000000
-96.87500000     0.000000000000000
-95.31250000     0.000000000000000
-93.75000000     0.000000000000000
-92.18750000     0.000000000000000
-90.62500000     0.000000000000000
-89.06250000     0.000000000000000
-87.50000000     0.000000000000000
-85.93750000     0.000000000000000
-84.37500000     0.000000000000000
-82.81250000     0.000000000000000
-81.25000000     0.000000000000000
-79.68750000     0.000000000000000
-78.12500000     0.000000000000000
-76.56250000     0.000000000000000
-75.00000000     0.000000000000000
-73.43750000     0.000000000000000
-71.87500000     0.000000000000000
-70.31250000     0.000000000000000
-68.75000000     0.000000000000000
-67.18750000     0.000000000000000
-65.62500000     0.000000000000000
-64.06250000     0.000000000000000
-62.50000000     0.000000000000000
-60.93750000     0.000000000000000
-59.37500000     0.000000000000000
-57.81250000     0.000000000000000
-56.25000000     0.000000000000000
-54.68750000     0.000000000000000
-53.12500000     0.000000000000000
-51.56250000     0.000000000000000
-50.00000000     0.000000000000000
-48.43750000     0.000000000000000
-46.87500000     0.000000000000000
-45.31250000     0.000000000000000
-43.75000000     0.000000000000000
-42.18750000     0.000000000000000
-40.62500000     0.000000000000000
-39.06250000     0.000000000000000
-37.50000000     0.000000000000000
-35.93750000     0.000000000000000
-34.37500000     0.000000000000000
-32.81250000     0.000000000000000
-31.25000000     0.000000000000000
-29.68750000     0.000000000000000
-28.12500000     0.000000000000000
-26.56250000     0.000000000000000
-25.00000000     0.000000000000000
-23.43750000     0.000000000000000
-21.87500000     0.000000000000000
-20.31250000     0.000000000000000
-18.75000000     0.000000000000000
-17.18750000     0.000000000000000
-15.62500000     0.000000000000000
-14.06250000     0.000000000000000
-12.50000000     0.000000000000000
-10.93750000     0.000000000000000
-9.37500000     0.000000000000000
-7.81250000     0.000000000000000
-6.25000000     0.000000000000000
-4.68750000     0.000000000000000
-3.12500000     0.000000000000000
-1.56250000     0.000000000000000
0.00000000     0.000000000000000
1.56250000     0.000000000000000
3.12500000     0.000000000000000
4.68750000     0.000000000000000
6.25000000     0.000000000000000
7.81250000     0.000000000000000
9.37500000     0.000000000000000
10.93750000     0.000000000000000
12.50000000     0.000000000000000
14.06250000     0.000000000000000
15.62500000     0.000000000000000
17.18750000     0.000000000000000
18.75000000     0.000000000000000
20.31250000     0.000000000000000
21.87500000     0.000000000000000
23.43750000     0.000000000000000
25.00000000     0.000000000000000
26.56250000     0.000000000000000
28.12500000     0.000000000000000
29.68750000     0.000000000000000
31.25000000     0.000000000000000
32.81250000     0.000000000000000
34.37500000     0.000000000000000
35.93750000     0.000000000000000
37.50000000     0.000000000000000
39.06250000     0.000000000000000
40.62500000     0.000000000000000
42.18750000     0.000000000000000
43.75000000     0.000000000000000
45.31250000     0.000000000000000
46.87500000     0.000000000000000
48.43750000     0.000000000000000
50.00000000     0.000000000000000
51.56250000     0.000000000000000
53.12500000     0.000000000000000
54.68750000     0.000000000000000
56.25000000     0.000000000000000
57.81250000     0.000000000000000
59.37500000     0.000000000000000
60.93750000     0.000000000000000
62.50000000     0.000000000000000
64.06250000     0.000000000000000
65.62500000     0.000000000000000
67.18750000     0.000000000000000
68.75000000     0.000000000000000
70.31250000     0.000000000000000
71.87500000     0.000000000000000
73.43750000     0.000000000000000
75.00000000     0.000000000000000
76.56250000     0.000000000000000
78.12500000     0.000000000000000
79.68750000     0.000000000000000
81.25000000     0.000000000000000
82.81250000     0.000000000000000
84.37500000     0.000000000000000
85.93750000     0.000000000000000
87.50000000     0.000000000000000
89.06250000     0.000000000000000
90.62500000     0.000000000000000
92.18750000     0.000000000000000
93.75000000     0.000000000000000
95.31250000     0.000000000000000
96.87500000     0.000000000000000
98.43750000     0.000000000000000
100.00000000     0.000000000000000
101.56250000     0.000000000000000
103.12500000     0.000000000000000
104.68750000     0.000000000000000
106.25000000     0.000000000000000
107.81250000     0.000000000000000
109.37500000     0.000000000000000
110.93750000     0.000000000000000
112.50000000     0.000000000000000
114.06250000     0.000000000000000
115.62500000     0.000000000000000
117.18750000     0.000000000000000
118.75000000     0.000000000000000
120.31250000     0.000000000000000
121.87500000     0.000000000000000
123.43750000     0.000000000000000
125.00000000     0.000000000000000
126.56250000     0.000000000000000
128.12500000     0.000000000000000
129.68750000     0.000000000000000
131.25000000     0.000000000000000
132.81250000     0.000000000000000
134.37500000     0.000000000000000
135.93750000     0.000000000000000
137.50000000     0.000000000000000
139.06250000     0.000000000000000
140.62500000     0.000000000000000
142.18750000     0.000000000000000
143.75000000     0.000000000000000
145.31250000     0.000000000000000
146.87500000     0.000000000000000
148.43750000     0.000000000000000
150.00000000     0.000000000000000
151.56250000     0.000000000000000
153.12500000     0.000000000000000
154.68750000     0.000000000000000
156.25000000     0.000000000000000
157.81250000     0.000000000000000
159.37500000     0.000000000000000
160.93750000     0.000000000000000
162.50000000     0.000000000000000
164.06250000     0.000000000000000
165.62500000     0.000000000000000
167.18750000     0.000000000000000
168.75000000     0.000000000000000
170.31250000     0.000000000000000
171.87500000     0.000000000000000
173.43750000     0.000000000000000
175.00000000     0.000000000000000
176.56250000     0.000000000000000
178.12500000     0.000000000000000
179.68750000     0.000000000000000
181.25000000     0.000000000000000
182.81250000     0.000000000000000
184.37500000     0.000000000000000
185.93750000     0.000000000000000
187.50000000     0.000000000000000
189.06250000     0.000000000000000
190.62500000     0.000000000000000
192.18750000     0.000000000000000
193.75000000     0.000000000000000
195.31250000     0.000000000000000
196.87500000     0.000000000000000
198.43750000     0.000000000000000
200.00000000     0.000000000000000
201.56250000     0.000000000000000
203.12500000     0.000000000000000
204.68750000     0.000000000000000
206.25000000     0.000000000000000
207.81250000     0.000000000000000
209.37500000     0.000000000000000
210.93750000     0.000000000000000
212.50000000     0.000000000000000
214.06250000     0.000000000000000
215.62500000     0.000000000000000
217.18750000     0.000000000000000
218.75000000     0.000000000000000
220.31250000     0.000000000000000
221.87500000     0.000000000000000
223.43750000     0.000000000000000
225.00000000     0.000000000000000
226.56250000     0.000000000000000
228.12500000     0.000000000000000
229.68750000     0.000000000000000
231.25000000     0.000000000000000
232.81250000     0.000000000000000
234.37500000     0.000000000000000
235.93750000     0.000000000000000
237.50000000     0.000000000000000
239.06250000     0.000000000000000
240.62500000     0.000000000000000
242.18750000     0.000000000000000
243.75000000     0.000000000000000
245.31250000     0.000000000000000
246.87500000     0.000000000000000
248.43750000     0.000000000000000
250.00000000     0.000000000000000
251.56250000     0.000000000000000
253.12500000     0.000000000000000
254.68750000     0.000000000000000
256.25000000     0.000000000000000
257.81250000     0.000000000000000
259.37500000     0.000000000000000
260.93750000     0.000000000000000
262.50000000     0.000000000000000
264.06250000     0.000000000000000
265.62500000     0.000000000000000
267.18750000     0.000000000000000
268.75000000     0.000000000000000
270.31250000     0.000000000000000
271.87500000     0.000000000000000
273.43750000     0.000000000000000
275.00000000     0.000000000000000
276.56250000     0.000000000000000
278.12500000     0.000000000000000
279.68750000     0.000000000000000
281.25000000     0.000000000000000
282.81250000     0.000000000000000
284.37500000     0.000000000000000
285.93750000     0.000000000000000
287.50000000     0.000000000000000
289.06250000     0.000000000000000
290.62500000     0.000000000000000
292.18750000     0.000000000000000
293.75000000     0.000000000000000
295.31250000     0.000000000000000
296.87500000     0.000000000000000
298.43750000     0.000000000000000
300.00000000     0.000000000000000
301.56250000     0.000000000000000
303.12500000     0.000000000000000
304.68750000     0.000000000000000
306.25000000     0.000000000000000
307.81250000     0.000000000000000
309.37500000     0.000000000000000
310.93750000     0.000000000000000
312.50000000     0.000000000000000
314.06250000     0.000000000000000
315.62500000     0.000000000000000
317.18750000     0.000000000000000
318.75000000     0.000000000000000
320.31250000     0.000000000000000
321.87500000     0.000000000000000
323.43750000     0.000000000000000
325.00000000     0.000000000000000
326.56250000     0.000000000000000
328.12500000     0.000000000000000
329.68750000     0.000000000000000
331.25000000     0.000000000000000
332.81250000     0.000000000000000
334.37500000     0.000000000000000
335.93750000     0.000000000000000
337.50000000     0.000000000000000
339.06250000     0.000000000000000
340.62500000     0.000000000000000
342.18750000     0.000000000000000
343.75000000     0.000000000000000
345.31250000     0.000000000000000
346.87500000     0.000000000000000
348.43750000     0.000000000000000
350.00000000     0.000000000000002
351.56250000     0.000000000000002
353.12500000     0.000000000000002
354.68750000     0.000000000000002
356.25000000     0.000000000000002
357.81250000     0.000000000000002
359.37500000     0.000000000000002
360.93750000     0.000000000000002
362.50000000     0.000000000000002
364.06250000     0.000000000000002
365.62500000     0.000000000000002
367.18750000     0.000000000000002
368.75000000     0.000000000000002
370.31250000     0.000000000000004
371.87500000     0.000000000000004
373.43750000     0.000000000000004
375.00000000     0.000000000000004
376.56250000     0.000000000000004
378.12500000     0.000000000000004
379.68750000     0.000000000000006
381.25000000     0.000000000000006
382.81250000     0.000000000000006
384.37500000     0.000000000000006
385.93750000     0.000000000000007
387.50000000     0.000000000000007
389.06250000     0.000000000000007
390.62500000     0.000000000000007
392.18750000     0.000000000000009
393.75000000     0.000000000000009
395.31250000     0.000000000000011
396.87500000     0.000000000000011
398.43750000     0.000000000000013
400.00000000     0.000000000000013
401.56250000     0.000000000000015
403.12500000     0.000000000000017
404.68750000     0.000000000000017
406.25000000     0.000000000000018
407.81250000     0.000000000000020
409.37500000     0.000000000000022
410.93750000     0.000000000000024
412.50000000     0.000000000000026
414.06250000     0.000000000000028
415.62500000     0.000000000000031
417.18750000     0.000000000000033
418.75000000     0.000000000000035
420.31250000     0.000000000000039
421.87500000     0.000000000000042
423.43750000     0.000000000000046
425.00000000     0.000000000000050
426.56250000     0.000000000000054
428.12500000     0.000000000000059
429.68750000     0.000000000000063
431.25000000     0.000000000000068
432.81250000     0.000000000000076
434.37500000     0.000000000000081
435.93750000     0.000000000000089
437.50000000     0.000000000000096
439.06250000     0.000000000000103
440.62500000     0.000000000000113
442.18750000     0.000000000000122
443.75000000     0.000000000000133
445.31250000     0.000000000000144
446.87500000     0.000000000000157
448.43750000     0.000000000000170
450.00000000     0.000000000000185
451.56250000     0.000000000000199
453.12500000     0.000000000000216
454.68750000     0.000000000000234
456.25000000     0.000000000000255
457.81250000     0.000000000000277
459.37500000     0.000000000000301
460.93750000     0.000000000000325
462.50000000     0.000000000000352
464.06250000     0.000000000000384
465.62500000     0.000000000000415
467.18750000     0.000000000000450
468.75000000     0.000000000000489
470.31250000     0.000000000000531
471.87500000     0.000000000000576
473.43750000     0.000000000000626
475.00000000     0.000000000000679
476.56250000     0.000000000000736
478.12500000     0.000000000000799
479.68750000     0.000000000000867
481.25000000     0.000000000000941
482.81250000     0.000000000001020
484.37500000     0.000000000001107
485.93750000     0.000000000001201
487.50000000     0.000000000001303
489.06250000     0.000000000001413
490.62500000     0.000000000001533
492.18750000     0.000000000001664
493.75000000     0.000000000001807
495.31250000     0.000000000001960
496.87500000     0.000000000002126
498.43750000     0.000000000002307
500.00000000     0.000000000002504
501.56250000     0.000000000002716
503.12500000     0.000000000002947
504.68750000     0.000000000003198
506.25000000     0.000000000003469
507.81250000     0.000000000003764
509.37500000     0.000000000004084
510.93750000     0.000000000004432
512.50000000     0.000000000004809
514.06250000     0.000000000005217
515.62500000     0.000000000005661
517.18750000     0.000000000006143
518.75000000     0.000000000006665
520.31250000     0.000000000007232
521.87500000     0.000000000007846
523.43750000     0.000000000008512
525.00000000     0.000000000009237
526.56250000     0.000000000010022
528.12500000     0.000000000010874
529.68750000     0.000000000011799
531.25000000     0.000000000012803
532.81250000     0.000000000013889
534.37500000     0.000000000015070
535.93750000     0.000000000016353
537.50000000     0.000000000017742
539.06250000     0.000000000019252
540.62500000     0.000000000020889
542.18750000     0.000000000022664
543.75000000     0.000000000024590
545.31250000     0.000000000026681
546.87500000     0.000000000028951
548.43750000     0.000000000031412
550.00000000     0.000000000034082
551.56250000     0.000000000036979
553.12500000     0.000000000040124
554.68750000     0.000000000043536
556.25000000     0.000000000047237
557.81250000     0.000000000051253
559.37500000     0.000000000055609
560.93750000     0.000000000060339
562.50000000     0.000000000065469
564.06250000     0.000000000071034
565.62500000     0.000000000077073
567.18750000     0.000000000083626
568.75000000     0.000000000090736
570.31250000     0.000000000098451
571.87500000     0.000000000106821
573.43750000     0.000000000115904
575.00000000     0.000000000125757
576.56250000     0.000000000136449
578.12500000     0.000000000148050
579.68750000     0.000000000160637
581.25000000     0.000000000174294
582.81250000     0.000000000189113
584.37500000     0.000000000205191
585.93750000     0.000000000222638
587.50000000     0.000000000241565
589.06250000     0.000000000262105
590.62500000     0.000000000284388
592.18750000     0.000000000308567
593.75000000     0.000000000334801
595.31250000     0.000000000363266
596.87500000     0.000000000394151
598.43750000     0.000000000427663
600.00000000     0.000000000464022
601.56250000     0.000000000503474
603.12500000     0.000000000546279
604.68750000     0.000000000592724
606.25000000     0.000000000643119
607.81250000     0.000000000697796
609.37500000     0.000000000757124
610.93750000     0.000000000821494
612.50000000     0.000000000891338
614.06250000     0.000000000967121
615.62500000     0.000000001049345
617.18750000     0.000000001138562
618.75000000     0.000000001235364
620.31250000     0.000000001340395
621.87500000     0.000000001454355
623.43750000     0.000000001578005
625.00000000     0.000000001712168
626.56250000     0.000000001857738
628.12500000     0.000000002015684
629.68750000     0.000000002187058
631.25000000     0.000000002373003
632.81250000     0.000000002574756
634.37500000     0.000000002793663
635.93750000     0.000000003031183
637.50000000     0.000000003288894
639.06250000     0.000000003568518
640.62500000     0.000000003871916
642.18750000     0.000000004201108
643.75000000     0.000000004558288
645.31250000     0.000000004945837
646.87500000     0.000000005366334
648.43750000     0.000000005822582
650.00000000     0.000000006317621
651.56250000     0.000000006854749
653.12500000     0.000000007437544
654.68750000     0.000000008069887
656.25000000     0.000000008755993
657.81250000     0.000000009500433
659.37500000     0.000000010308165
660.93750000     0.000000011184571
662.50000000     0.000000012135487
664.06250000     0.000000013167254
665.62500000     0.000000014286740
667.18750000     0.000000015501407
668.75000000     0.000000016819344
670.31250000     0.000000018249333
671.87500000     0.000000019800901
673.43750000     0.000000021484384
675.00000000     0.000000023310997
676.56250000     0.000000025292911
678.12500000     0.000000027443328
679.68750000     0.000000029776573
681.25000000     0.000000032308192
682.81250000     0.000000035055051
684.37500000     0.000000038035451
685.93750000     0.000000041269245
687.50000000     0.000000044777978
689.06250000     0.000000048585023
690.62500000     0.000000052715748
692.18750000     0.000000057197668
693.75000000     0.000000062060643
695.31250000     0.000000067337071
696.87500000     0.000000073062105
698.43750000     0.000000079273883
700.00000000     0.000000086013790
701.56250000     0.000000093326726
703.12500000     0.000000101261411
704.68750000     0.000000109870709
706.25000000     0.000000119211973
707.81250000     0.000000129347439
709.37500000     0.000000140344623
710.93750000     0.000000152276795
712.50000000     0.000000165223448
714.06250000     0.000000179270829
715.62500000     0.000000194512528
717.18750000     0.000000211050081
718.75000000     0.000000228993668
720.31250000     0.000000248462826
721.87500000     0.000000269587261
723.43750000     0.000000292507709
725.00000000     0.000000317376862
726.56250000     0.000000344360402
728.12500000     0.000000373638097
729.68750000     0.000000405404996
731.25000000     0.000000439872732
732.81250000     0.000000477270931
734.37500000     0.000000517848742
735.93750000     0.000000561876498
737.50000000     0.000000609647516
739.06250000     0.000000661480045
740.62500000     0.000000717719401
742.18750000     0.000000778740253
743.75000000     0.000000844949122
745.31250000     0.000000916787101
746.87500000     0.000000994732772
748.43750000     0.000001079305421
750.00000000     0.000001171068468
751.56250000     0.000001270633249
753.12500000     0.000001378663065
754.68750000     0.000001495877617
756.25000000     0.000001623057794
757.81250000     0.000001761050874
759.37500000     0.000001910776173
760.93750000     0.000002073231166
762.50000000     0.000002249498133
764.06250000     0.000002440751370
765.62500000     0.000002648265009
767.18750000     0.000002873421508
768.75000000     0.000003117720866
770.31250000     0.000003382790604
771.87500000     0.000003670396618
773.43750000     0.000003982454936
775.00000000     0.000004321044490
776.56250000     0.000004688420954
778.12500000     0.000005087031780
779.68750000     0.000005519532500
781.25000000     0.000005988804412
782.81250000     0.000006497973779
784.37500000     0.000007050432653
785.93750000     0.000007649861468
787.50000000     0.000008300253568
789.06250000     0.000009005941788
790.62500000     0.000009771627340
792.18750000     0.000010602411111
793.75000000     0.000011503827650
795.31250000     0.000012481882032
796.87500000     0.000013543089858
798.43750000     0.000014694520657
800.00000000     0.000015943844971
801.56250000     0.000017299385449
803.12500000     0.000018770172289
804.68750000     0.000020366003365
806.25000000     0.000022097509504
807.81250000     0.000023976225282
809.37500000     0.000026014665845
810.93750000     0.000028226410259
812.50000000     0.000030626191946
814.06250000     0.000033229996799
815.62500000     0.000036055169642
817.18750000     0.000039120529724
818.75000000     0.000042446496042
820.31250000     0.000046055223301
821.87500000     0.000049970749417
823.43750000     0.000054219155572
825.00000000     0.000058828739854
826.56250000     0.000063830205630
828.12500000     0.000069256865952
829.68750000     0.000075144865286
831.25000000     0.000081533420094
832.81250000     0.000088465079833
834.37500000     0.000095986010117
835.93750000     0.000104146299901
837.50000000     0.000113000294765
839.06250000     0.000122606958452
840.62500000     0.000133030265100
842.18750000     0.000144339624741
843.75000000     0.000156610344899
845.31250000     0.000169924131320
846.87500000     0.000184369631166
848.43750000     0.000200043022244
850.00000000     0.000217048652172
851.56250000     0.000235499731694
853.12500000     0.000255519086696
854.68750000     0.000277239973928
856.25000000     0.000300806965712
857.81250000     0.000326376909538
859.37500000     0.000354119968784
860.93750000     0.000384220751414
862.50000000     0.000416879534018
864.06250000     0.000452313589217
865.62500000     0.000490758625078
867.18750000     0.000532470345922
868.75000000     0.000577726144652
870.31250000     0.000626826937615
871.87500000     0.000680099153828
873.43750000     0.000737896891438
875.00000000     0.000800604255287
876.56250000     0.000868637890585
878.12500000     0.000942449728893
879.68750000     0.001022529963935
881.25000000     0.001109410276120
882.81250000     0.001203667326160
884.37500000     0.001305926539791
885.93750000     0.001416866207272
887.50000000     0.001537221923218
889.06250000     0.001667791394220
890.62500000     0.001809439643867
892.18750000     0.001963104646875
893.75000000     0.002129803426547
895.31250000     0.002310638652087
896.87500000     0.002506805775094
898.43750000     0.002719600747177
900.00000000     0.002950428363676
901.56250000     0.003200811281372
903.12500000     0.003472399761315
904.68750000     0.003766982191141
906.25000000     0.004086496444579
907.81250000     0.004433042139270
909.37500000     0.004808893857534
910.93750000     0.005216515398071
912.50000000     0.005658575130067
914.06250000     0.006137962524382
915.62500000     0.006657805939646
917.18750000     0.007221491743788
918.75000000     0.007832684854006
920.31250000     0.008495350779896
921.87500000     0.009213779255716
923.43750000     0.009992609547822
925.00000000     0.010836857522492
926.56250000     0.011751944556852
928.12500000     0.012743728371584
929.68750000     0.013818535857683
931.25000000     0.014983197960685
932.81250000     0.016245086673725
934.37500000     0.017612154174937
935.93750000     0.019092974124504
937.50000000     0.020696785111103
939.06250000     0.022433536205765
940.62500000     0.024313934542269
942.18750000     0.026349494795734
943.75000000     0.028552590374025
945.31250000     0.030936506068236
946.87500000     0.033515491827327
948.43750000     0.036304817226302
950.00000000     0.039320826085014
951.56250000     0.042580990563994
953.12500000     0.046103963912424
954.68750000     0.049909630869321
956.25000000     0.054019154520384
957.81250000     0.058455018187508
959.37500000     0.063241060674393
960.93750000     0.068402502908531
962.50000000     0.073965963706754
964.06250000     0.079959462048937
965.62500000     0.086412402873796
967.18750000     0.093355543015723
968.75000000     0.100820933487286
970.31250000     0.108841833886871
971.87500000     0.117452594285907
973.43750000     0.126688499540843
975.00000000     0.136585570600717
976.56250000     0.147180317067354
978.12500000     0.158509435042076
979.68750000     0.170609444197698
981.25000000     0.183516258090704
982.81250000     0.197264682025543
984.37500000     0.211887833356454
985.93750000     0.227416480021637
987.50000000     0.243878294411962
989.06250000     0.261297021442545
990.62500000     0.279691561976046
992.18750000     0.299074975586162
993.75000000     0.319453410075222
995.31250000     0.340824969172424
996.87500000     0.363178534405438
998.43750000     0.386492562181023
1000.00000000     0.410733882500679
1001.56250000     0.435856531287200
1003.12500000     0.461800653756144
1004.68750000     0.488491521318810
1006.25000000     0.515838708780323
1007.81250000     0.543735481684177
1009.37500000     0.572058445117832
1010.93750000     0.600667504703845
1012.50000000     0.629406187472164
1014.06250000     0.658102364539977
1015.62500000     0.686569408840607
1017.18750000     0.714607809533676
1018.75000000     0.742007250384034
1020.31250000     0.768549142723086
1021.87500000     0.794009585227350
1023.43750000     0.818162703489334
1025.00000000     0.840784303198154
1026.56250000     0.861655752774834
1028.12500000     0.880567995628654
1029.68750000     0.897325579868739
1031.25000000     0.911750585233079
1032.81250000     0.923686323886367
1034.37500000     0.933000694018470
1035.93750000     0.939589072967671
1037.50000000     0.943376649694759
1039.06250000     0.944320114328791
1040.62500000     0.942408644393149
1042.18750000     0.937664152166577
1043.75000000     0.930140784230844
1045.31250000     0.919923691295420
1046.87500000     0.907127112535552
1048.43750000     0.891891842650437
1050.00000000     0.874382170486278
1051.56250000     0.854782394413763
1053.12500000     0.833293030992108
1054.68750000     0.810126839380312
1056.25000000     0.785504784377475
1057.81250000     0.759652056116978
1059.37500000     0.732794254830946
1060.93750000     0.705153835522615
1062.50000000     0.676946890804699
1064.06250000     0.648380331662499
1065.62500000     0.619649506590312
1067.18750000     0.590936280485734
1068.75000000     0.562407576803061
1070.31250000     0.534214370524445
1071.87500000     0.506491106056415
1073.43750000     0.479355503531822
1075.00000000     0.452908709311914
1076.56250000     0.427235741670691
1078.12500000     0.402406180481419
1079.68750000     0.378475049878039
1081.25000000     0.355483844927800
1082.81250000     0.333461656891013
1084.37500000     0.312426356228557
1085.93750000     0.292385797746906
1087.50000000     0.273339017791734
1089.06250000     0.255277398921882
1090.62500000     0.238185782785977
1092.18750000     0.222043516816782
1093.75000000     0.206825424743003
1095.31250000     0.192502694733439
1096.87500000     0.179043682213419
1098.43750000     0.166414627039326
1100.00000000     0.154580286817217
1101.56250000     0.143504489755502
1103.12500000     0.133150611606929
1104.68750000     0.123481982043708
1106.25000000     0.114462226282722
1107.81250000     0.106055547993916
1109.37500000     0.098226959537731
1110.93750000     0.090942465434288
1112.50000000     0.084169204709365
1114.06250000     0.077875557424643
1115.62500000     0.072031220311057
1117.18750000     0.066607256007454
1118.75000000     0.061576119980201
1120.31250000     0.056911668776797
1121.87500000     0.052589152858079
1123.43750000     0.048585196866297
1125.00000000     0.044877769824996
1126.56250000     0.041446147433909
1128.12500000     0.038270868319120
1129.68750000     0.035333685825787
1131.25000000     0.032617516696804
1132.81250000     0.030106387764663
1134.37500000     0.027785381593709
1135.93750000     0.025640581843879
1137.50000000     0.023659018983025
1139.06250000     0.021828616850574
1140.62500000     0.020138140469023
1142.18750000     0.018577145408978
1143.75000000     0.017135928937027
1145.31250000     0.015805483111230
1146.87500000     0.014577449935447
1148.43750000     0.013444078639329
1150.00000000     0.012398185114387
1151.56250000     0.011433113507108
1153.12500000     0.010542699946396
1154.68750000     0.009721238363980
1156.25000000     0.008963448351945
1157.81250000     0.008264444990665
1159.37500000     0.007619710572398
1160.93750000     0.007025068140273
1162.50000000     0.006476656758959
1164.06250000     0.005970908431332
1165.62500000     0.005504526575038
1167.18750000     0.005074465973300
1168.75000000     0.004677914115753
1170.31250000     0.004312273847115
1171.87500000     0.003975147244005
1173.43750000     0.003664320643152
1175.00000000     0.003377750747386
1176.56250000     0.003113551739112
1178.12500000     0.002869983334384
1179.68750000     0.002645439714194
1181.25000000     0.002438439272976
1182.81250000     0.002247615127768
1184.37500000     0.002071706334790
1185.93750000     0.001909549763424
1187.50000000     0.001760072580683
1189.06250000     0.001622285302251
1190.62500000     0.001495275369068
1192.18750000     0.001378201211080
1193.75000000     0.001270286762426
1195.31250000     0.001170816394728
1196.87500000     0.001079130237492
1198.43750000     0.000994619856740
1200.00000000     0.000916724265104
1201.56250000     0.000844926238463
1203.12500000     0.000778748916015
1204.68750000     0.000717752662376
1206.25000000     0.000661532171797
1207.81250000     0.000609713796132
1209.37500000     0.000561953079461
1210.93750000     0.000517932483620
1212.50000000     0.000477359289980
1214.06250000     0.000439963664000
1215.62500000     0.000405496870022
1217.18750000     0.000373729624758
1218.75000000     0.000344450578779
1220.31250000     0.000317464916114
1221.87500000     0.000292593062872
1223.43750000     0.000269669496418
1225.00000000     0.000248541647318
1226.56250000     0.000229068886904
1228.12500000     0.000211121593757
1229.68750000     0.000194580293050
1231.25000000     0.000179334863017
1232.81250000     0.000165283803391
1234.37500000     0.000152333560969
1235.93750000     0.000140397907836
1237.50000000     0.000129397368188
1239.06250000     0.000119258689928
1240.62500000     0.000109914357579
1242.18750000     0.000101302143262
1243.75000000     0.000093364692797
1245.31250000     0.000086049144162
1246.87500000     0.000079306775800
1248.43750000     0.000073092682439
1250.00000000     0.000067365476275
1251.56250000     0.000062087011531
1253.12500000     0.000057222130579
1254.68750000     0.000052738429927
1256.25000000     0.000048606044524
1257.81250000     0.000044797448952
1259.37500000     0.000041287274171
1260.93750000     0.000038052138629
1262.50000000     0.000035070492572
1264.06250000     0.000032322474574
1265.62500000     0.000029789779270
1267.18750000     0.000027455535473
1268.75000000     0.000025304193820
1270.31250000     0.000023321423220
1271.87500000     0.000021494015421
1273.43750000     0.000019809797042
1275.00000000     0.000018257548497
1276.56250000     0.000016826929271
1278.12500000     0.000015508409052
1279.68750000     0.000014293204248
1281.25000000     0.000013173219494
1282.81250000     0.000012140993723
1284.37500000     0.000011189650469
1285.93750000     0.000010312852069
1287.50000000     0.000009504757442
1289.06250000     0.000008759983186
1290.62500000     0.000008073567717
1292.18750000     0.000007440938214
1293.75000000     0.000006857880168
1295.31250000     0.000006320509296
1296.87500000     0.000005825245676
1298.43750000     0.000005368789891
1300.00000000     0.000004948101059
1301.56250000     0.000004560376571
1303.12500000     0.000004203033417
1304.68750000     0.000003873690986
1306.25000000     0.000003570155205
1307.81250000     0.000003290403922
1309.37500000     0.000003032573436
1310.93750000     0.000002794946077
1312.50000000     0.000002575938771
1314.06250000     0.000002374092488
1315.62500000     0.000002188062526
1317.18750000     0.000002016609544
1318.75000000     0.000001858591325
1320.31250000     0.000001712955141
1321.87500000     0.000001578730759
1323.43750000     0.000001455023975
1325.00000000     0.000001341010646
1326.56250000     0.000001235931210
1328.12500000     0.000001139085624
1329.68750000     0.000001049828699
1331.25000000     0.000000967565800
1332.81250000     0.000000891748886
1334.37500000     0.000000821872863
1335.93750000     0.000000757472210
1337.50000000     0.000000698117889
1339.06250000     0.000000643414476
1340.62500000     0.000000592997535
1342.18750000     0.000000546531183
1343.75000000     0.000000503705861
1345.31250000     0.000000464236265
1346.87500000     0.000000427859440
1348.43750000     0.000000394333047
1350.00000000     0.000000363433728
1351.56250000     0.000000334955631
1353.12500000     0.000000308709034
1354.68750000     0.000000284519077
1356.25000000     0.000000262224608
1357.81250000     0.000000241677099
1359.37500000     0.000000222739659
1360.93750000     0.000000205286127
1362.50000000     0.000000189200227
1364.06250000     0.000000174374793
1365.62500000     0.000000160711056
1367.18750000     0.000000148117989
1368.75000000     0.000000136511694
1370.31250000     0.000000125814850
1371.87500000     0.000000115956195
1373.43750000     0.000000106870049
1375.00000000     0.000000098495878
1376.56250000     0.000000090777894
1378.12500000     0.000000083664681
1379.68750000     0.000000077108846
1381.25000000     0.000000071066717
1382.81250000     0.000000065498039
1384.37500000     0.000000060365715
1385.93750000     0.000000055635553
1387.50000000     0.000000051276037
1389.06250000     0.000000047258127
1390.62500000     0.000000043555053
1392.18750000     0.000000040142147
1393.75000000     0.000000036996670
1395.31250000     0.000000034097669
1396.87500000     0.000000031425829
1398.43750000     0.000000028963349
1400.00000000     0.000000026693827
1401.56250000     0.000000024602140
1403.12500000     0.000000022674355
1404.68750000     0.000000020897627
1406.25000000     0.000000019260122
1407.81250000     0.000000017750928
1409.37500000     0.000000016359993
1410.93750000     0.000000015078049
1412.50000000     0.000000013896556
1414.06250000     0.000000012807645
1415.62500000     0.000000011804057
1417.18750000     0.000000010879109
1418.75000000     0.000000010026640
1420.31250000     0.000000009240968
1421.87500000     0.000000008516860
1423.43750000     0.000000007849493
1425.00000000     0.000000007234418
1426.56250000     0.000000006667541
1428.12500000     0.000000006145083
1429.68750000     0.000000005663564
1431.25000000     0.000000005219775
1432.81250000     0.000000004810763
1434.37500000     0.000000004433799
1435.93750000     0.000000004086372
1437.50000000     0.000000003766171
1439.06250000     0.000000003471060
1440.62500000     0.000000003199072
1442.18750000     0.000000002948399
1443.75000000     0.000000002717366
1445.31250000     0.000000002504438
1446.87500000     0.000000002308193
1448.43750000     0.000000002127327
1450.00000000     0.000000001960634
1451.56250000     0.000000001807000
1453.12500000     0.000000001665407
1454.68750000     0.000000001534909
1456.25000000     0.000000001414636
1457.81250000     0.000000001303786
1459.37500000     0.000000001201625
1460.93750000     0.000000001107468
1462.50000000     0.000000001020688
1464.06250000     0.000000000940708
1465.62500000     0.000000000866995
1467.18750000     0.000000000799059
1468.75000000     0.000000000736445
1470.31250000     0.000000000678740
1471.87500000     0.000000000625554
1473.43750000     0.000000000576538
1475.00000000     0.000000000531360
1476.56250000     0.000000000489723
1478.12500000     0.000000000451351
1479.68750000     0.000000000415982
1481.25000000     0.000000000383387
1482.81250000     0.000000000353346
1484.37500000     0.000000000325658
1485.93750000     0.000000000300139
1487.50000000     0.000000000276621
1489.06250000     0.000000000254945
1490.62500000     0.000000000234968
1492.18750000     0.000000000216556
1493.75000000     0.000000000199587
1495.31250000     0.000000000183948
1496.87500000     0.000000000169535
1498.43750000     0.000000000156250
1500.00000000     0.000000000144007
