2.00000000     3.085191518965240
1.58740105     0.585136980074451
1.25992105     0.597608793400335
1.00000000     0.599563841168934
0.79370053     0.210622329717524
0.62996052     0.099453385619743
0.50000000     0.097981425375766
0.39685026     0.044590261800239
0.31498026     0.032544916430440
0.25000000     0.021369953777133
0.19842513     0.008668864933011
0.15749013     0.005160727046399
0.12500000     0.002898158632591
0.09921257     0.001309233812817
0.07874507     0.000684087675678
0.06250000     0.000388876171825
0.04960628     0.000202378811813
0.03937253     0.000126452458934
0.03125000     0.000077797200143
0.02480314     0.000049144102906
0.01968627     0.000033083419713
0.01562500     0.000023906886284
0.01240157     0.000017784111822
0.00984313     0.000013453036616
0.00781250     0.000010444886382
0.00620079     0.000008148502049
0.00492157     0.000006402991163
0.00390625     0.000005060868418
0.00310039     0.000003997166460
0.00246078     0.000003172130187
0.00195312     0.000002520717685
0.00155020     0.000001999981867
0.00123039     0.000001588373536
0.00097656     0.000001261116736
0.00077510     0.000001000572899
