2.00000000     0.095556181494190
1.58740105     0.060859393056926
1.25992105     0.065821562108682
1.00000000     0.049492406562926
0.79370053     0.018402687867736
0.62996052     0.007449176374164
0.50000000     0.004807882415380
0.39685026     0.001147458377088
0.31498026     0.000933813127559
0.25000000     0.000413763978718
0.19842513     0.000303083127967
0.15749013     0.000164338976029
0.12500000     0.000100791049804
0.09921257     0.000048350120720
0.07874507     0.000023679865106
0.06250000     0.000013179278409
0.04960628     0.000006451195737
0.03937253     0.000004033686234
0.03125000     0.000002268466839
0.02480314     0.000001271643029
0.01968627     0.000000746603808
0.01562500     0.000000498792133
0.01240157     0.000000361806828
0.00984313     0.000000257504968
0.00781250     0.000000192979589
0.00620079     0.000000148772396
0.00492157     0.000000115651262
0.00390625     0.000000090508369
0.00310039     0.000000071418426
0.00246078     0.000000056401403
0.00195312     0.000000044716934
0.00155020     0.000000035510971
0.00123039     0.000000028192034
0.00097656     0.000000022391017
0.00077510     0.000000017793233
