20.00000000     2.460392644900000
20.02500000     2.460462019150000
20.05000000     2.460454310900000
20.07500000     2.460400353150000
20.10000000     2.460022648900000
20.12500000     2.460130564400000
20.15000000     2.460007232400000
20.17500000     2.459860775650000
20.20000000     2.459775984900000
20.22500000     2.459722027150000
20.25000000     2.459529320900000
20.27500000     2.459405988900000
20.30000000     2.459529320900000
20.32500000     2.459367447650000
20.35000000     2.459267240400000
20.37500000     2.459282656900000
20.40000000     2.459436821900000
20.42500000     2.459413697150000
20.45000000     2.459590986900000
20.47500000     2.459583278650000
20.50000000     2.459652652900000
20.52500000     2.459791401400000
20.55000000     2.459714318900000
20.57500000     2.459660361150000
20.60000000     2.459652652900000
20.62500000     2.459783693150000
20.65000000     2.459714318900000
20.67500000     2.459506196150000
20.70000000     2.459344322900000
20.72500000     2.459590986900000
20.75000000     2.459344322900000
20.77500000     2.459282656900000
20.80000000     2.459128491900000
20.82500000     2.459213282650000
20.85000000     2.459143908400000
20.87500000     2.459074534150000
20.90000000     2.459251823900000
20.92500000     2.459028284650000
20.95000000     2.459066825900000
20.97500000     2.459059117650000
21.00000000     2.459190157900000
21.02500000     2.459197866150000
21.05000000     2.459328906400000
21.07500000     2.459205574400000
21.10000000     2.459251823900000
21.12500000     2.459274948650000
21.15000000     2.459375155900000
21.17500000     2.459429113650000
21.20000000     2.459590986900000
21.22500000     2.459752860150000
21.25000000     2.459837650900000
21.27500000     2.459991815900000
21.30000000     2.459930149900000
21.32500000     2.460192230400000
21.35000000     2.460284729400000
21.37500000     2.460377228400000
21.40000000     2.460485143900000
21.42500000     2.460531393400000
21.45000000     2.460454310900000
21.47500000     2.460400353150000
21.50000000     2.460330978900000
21.52500000     2.460392644900000
21.55000000     2.460145980900000
21.57500000     2.459945566400000
21.60000000     2.460022648900000
21.62500000     2.460068898400000
21.65000000     2.459760568400000
21.67500000     2.459660361150000
21.70000000     2.459529320900000
21.72500000     2.459729735400000
21.75000000     2.459606403400000
21.77500000     2.459644944650000
21.80000000     2.459837650900000
21.82500000     2.459714318900000
21.85000000     2.459590986900000
21.87500000     2.459560153900000
21.90000000     2.459590986900000
21.92500000     2.459698902400000
21.95000000     2.459668069400000
21.97500000     2.459544737400000
22.00000000     2.459775984900000
22.02500000     2.459683485900000
22.05000000     2.459498487900000
22.07500000     2.459521612650000
22.10000000     2.459652652900000
22.12500000     2.459614111650000
22.15000000     2.459621819900000
22.17500000     2.459560153900000
22.20000000     2.459745151900000
22.22500000     2.459544737400000
22.25000000     2.459560153900000
22.27500000     2.459529320900000
22.30000000     2.459529320900000
22.32500000     2.459837650900000
22.35000000     2.459575570400000
22.37500000     2.459382864150000
22.40000000     2.459405988900000
22.42500000     2.459336614650000
22.45000000     2.459113075400000
22.47500000     2.459097658900000
22.50000000     2.459128491900000
22.52500000     2.459259532150000
22.55000000     2.459205574400000
22.57500000     2.459105367150000
22.60000000     2.459282656900000
22.62500000     2.459459946650000
22.65000000     2.459390572400000
22.67500000     2.459413697150000
22.70000000     2.459775984900000
22.72500000     2.459876192150000
22.75000000     2.459991815900000
22.77500000     2.460061190150000
22.80000000     2.460145980900000
22.82500000     2.460176813900000
22.85000000     2.460238479900000
22.87500000     2.460253896400000
22.90000000     2.460330978900000
22.92500000     2.460330978900000
22.95000000     2.460253896400000
22.97500000     2.460292437650000
23.00000000     2.460238479900000
23.02500000     2.460269312900000
23.05000000     2.460207646900000
23.07500000     2.460284729400000
23.10000000     2.460238479900000
23.12500000     2.460022648900000
23.15000000     2.460130564400000
23.17500000     2.460354103650000
23.20000000     2.459775984900000
23.22500000     2.459745151900000
23.25000000     2.460053481900000
23.27500000     2.459876192150000
23.30000000     2.459775984900000
23.32500000     2.459945566400000
23.35000000     2.459883900400000
23.37500000     2.459960982900000
23.40000000     2.460145980900000
23.42500000     2.460215355150000
23.45000000     2.460022648900000
23.47500000     2.460107439650000
23.50000000     2.460145980900000
23.52500000     2.459999524150000
23.55000000     2.460192230400000
23.57500000     2.460130564400000
23.60000000     2.459991815900000
23.62500000     2.460107439650000
23.65000000     2.459945566400000
23.67500000     2.459899316900000
23.70000000     2.459899316900000
23.72500000     2.459883900400000
23.75000000     2.459637236400000
23.77500000     2.459575570400000
23.80000000     2.459745151900000
23.82500000     2.459282656900000
23.85000000     2.459390572400000
23.87500000     2.459637236400000
23.90000000     2.459498487900000
23.92500000     2.459675777650000
23.95000000     2.459791401400000
23.97500000     2.460022648900000
24.00000000     2.460238479900000
24.02500000     2.460230771650000
24.05000000     2.460531393400000
24.07500000     2.460554518150000
24.10000000     2.460670141900000
24.12500000     2.460955347150000
24.15000000     2.461117220400000
24.17500000     2.461232844150000
24.20000000     2.461225135900000
24.22500000     2.461572007150000
24.25000000     2.461810962900000
24.27500000     2.461772421650000
24.30000000     2.461872628900000
24.32500000     2.462026793900000
24.35000000     2.462119292900000
24.37500000     2.462489288900000
24.40000000     2.462612620900000
24.42500000     2.462689703400000
24.45000000     2.463059699400000
24.47500000     2.463221572650000
24.50000000     2.463352612900000
24.52500000     2.463676359400000
24.55000000     2.463892190400000
24.57500000     2.464362393650000
24.60000000     2.464616765900000
24.62500000     2.464770930900000
24.65000000     2.465079260900000
24.67500000     2.465526339400000
24.70000000     2.465942584900000
24.72500000     2.466220081900000
24.75000000     2.466805908900000
24.77500000     2.467484234900000
24.80000000     2.468193393900000
24.82500000     2.468779220900000
24.85000000     2.469365047900000
24.87500000     2.470205247150000
24.90000000     2.470814198900000
24.92500000     2.471800854900000
24.95000000     2.472602512900000
24.97500000     2.473566044150000
25.00000000     2.474483325900000
25.02500000     2.475570189150000
25.05000000     2.476718718400000
25.07500000     2.477682249650000
25.10000000     2.479015776900000
25.12500000     2.480218263900000
25.15000000     2.481513249900000
25.17500000     2.482946984400000
25.20000000     2.484473217900000
25.22500000     2.485721954400000
25.25000000     2.487587350900000
25.27500000     2.489683994900000
25.30000000     2.491348976900000
25.32500000     2.493329997150000
25.35000000     2.495619347400000
25.37500000     2.498301818400000
25.40000000     2.500691375900000
25.42500000     2.503373846900000
25.45000000     2.506657561400000
25.47500000     2.509640654150000
25.50000000     2.512962909900000
25.52500000     2.516901825650000
25.55000000     2.520886990900000
25.57500000     2.524733407650000
25.60000000     2.528996069900000
25.62500000     2.533574770400000
25.65000000     2.538631382400000
25.67500000     2.543595495400000
25.70000000     2.548760022900000
25.72500000     2.554479544400000
25.75000000     2.560646144400000
25.77500000     2.566789619650000
25.80000000     2.573179758900000
25.82500000     2.580302181900000
25.85000000     2.587424604900000
25.87500000     2.595148271400000
25.90000000     2.603211100900000
25.92500000     2.612175795650000
25.95000000     2.621140490400000
25.97500000     2.630428931650000
26.00000000     2.641043191900000
26.02500000     2.651555703250000
26.05000000     2.662564625900000
26.07500000     2.673832545750000
26.10000000     2.685821957800000
26.12500000     2.698717860050000
26.15000000     2.712110173600000
26.17500000     2.725911795230000
26.20000000     2.740729364200000
26.22500000     2.754631963900000
26.25000000     2.769723175750000
26.27500000     2.785186696080000
26.30000000     2.800998629300000
26.32500000     2.818587314150000
26.35000000     2.836495120550000
26.37500000     2.857011398750000
26.40000000     2.877402803300000
26.42500000     2.899978725900000
26.45000000     2.921289416350000
26.47500000     2.944163825530000
26.50000000     2.967807317600000
26.52500000     2.992417601550000
26.55000000     3.016582965300000
26.57500000     3.045216030760000
26.60000000     3.073750430610000
26.62500000     3.103054884630000
26.65000000     3.131389640810000
26.67500000     3.162591865980000
26.70000000     3.193545885510000
26.72500000     3.223046899900000
26.75000000     3.250360312950000
26.77500000     3.275717372150000
26.80000000     3.304939347910000
26.82500000     3.339148561410000
26.85000000     3.372463617910000
26.87500000     3.405524302160000
26.90000000     3.443811179910000
26.92500000     3.479639125910000
26.95000000     3.508853393410000
26.97500000     3.538368282660000
27.00000000     3.564954036900000
27.02500000     3.588101911650000
27.05000000     3.610093548900000
27.07500000     3.629055843900000
27.10000000     3.648943128900000
27.12500000     3.665438783900000
27.15000000     3.678188229400000
27.17500000     3.689133944400000
27.20000000     3.694822632900000
27.22500000     3.690297890150000
27.25000000     3.685063988400000
27.27500000     3.680385080650000
27.30000000     3.665531282900000
27.32500000     3.646337740400000
27.35000000     3.627236696900000
27.37500000     3.603395079640000
27.40000000     3.571737296890000
27.42500000     3.544773838390000
27.45000000     3.515513321390000
27.47500000     3.482437220640000
27.50000000     3.450501940890000
27.52500000     3.417217717390000
27.55000000     3.379740205890000
27.57500000     3.345546408890000
27.60000000     3.314620909890000
27.62500000     3.280773984140000
27.65000000     3.242935726540000
27.67500000     3.205435090290000
27.70000000     3.170359469490000
27.72500000     3.138985350340000
27.75000000     3.108378972890000
27.77500000     3.075797741790000
27.80000000     3.043962669290000
27.82500000     3.014050805170000
27.85000000     2.986299871850000
27.87500000     2.961676098470000
27.90000000     2.938764789990000
27.92500000     2.913433167970000
27.95000000     2.888249852700000
27.97500000     2.865004854000000
28.00000000     2.842601596200000
28.02500000     2.822012089620000
28.05000000     2.801273043000000
28.07500000     2.780422997570000
28.10000000     2.761085310800000
28.12500000     2.742667218250000
28.15000000     2.725738359600000
28.17500000     2.709144809820000
28.20000000     2.694264033200000
28.22500000     2.680001458220000
28.25000000     2.665990172200000
28.27500000     2.652348882170000
28.30000000     2.640099702100000
28.32500000     2.627854376150000
28.35000000     2.616916369400000
28.37500000     2.605978362650000
28.40000000     2.596366174900000
28.42500000     2.587401480150000
28.45000000     2.578899280400000
28.47500000     2.570882700400000
28.50000000     2.562789037900000
28.52500000     2.554995997150000
28.55000000     2.547711700900000
28.57500000     2.540843650150000
28.60000000     2.534299345900000
28.62500000     2.528086496400000
28.65000000     2.522104894400000
28.67500000     2.516955783400000
28.70000000     2.512068752900000
28.72500000     2.508245460900000
28.75000000     2.504961746400000
28.77500000     2.502163651650000
28.80000000     2.500043882900000
28.82500000     2.497584951150000
28.85000000     2.495233934900000
28.87500000     2.492882918650000
28.90000000     2.491163978900000
28.92500000     2.489036501900000
28.95000000     2.487741515900000
28.97500000     2.486400280400000
29.00000000     2.485459873900000
29.02500000     2.484033847650000
29.05000000     2.482931567900000
29.07500000     2.482407406900000
29.10000000     2.481821579900000
29.12500000     2.481305127150000
29.15000000     2.480233680400000
29.17500000     2.478468491150000
29.20000000     2.476518303900000
29.22500000     2.474629782650000
29.25000000     2.472756677900000
29.27500000     2.471207319650000
29.30000000     2.470228371900000
29.32500000     2.469365047900000
29.35000000     2.469149216900000
29.37500000     2.469696502650000
29.40000000     2.470228371900000
29.42500000     2.470128164650000
29.45000000     2.469072134400000
29.47500000     2.467553609150000
29.50000000     2.466189248900000
29.52500000     2.464932804150000
29.55000000     2.463938439900000
29.57500000     2.462643453900000
29.60000000     2.461440966900000
29.62500000     2.459914733400000
29.65000000     2.458080169900000
29.67500000     2.456453729150000
29.70000000     2.455181867900000
29.72500000     2.453740425150000
29.75000000     2.452422314400000
29.77500000     2.451612948150000
29.80000000     2.450063589900000
29.82500000     2.448398607900000
29.85000000     2.447057372400000
29.87500000     2.445669887400000
29.90000000     2.444390317900000
29.92500000     2.443311162900000
29.95000000     2.442124092400000
29.97500000     2.440775148650000
30.00000000     2.439241206900000
30.02500000     2.437776639400000
30.05000000     2.436419987400000
30.07500000     2.435456456150000
30.10000000     2.434677922900000
30.12500000     2.434068971150000
30.15000000     2.433567934900000
30.17500000     2.432905025400000
30.20000000     2.432149616900000
30.22500000     2.431286292900000
30.25000000     2.430854630900000
30.27500000     2.430908588650000
30.30000000     2.430700465900000
30.32500000     2.430345886400000
30.35000000     2.430284220400000
30.37500000     2.430569425650000
30.40000000     2.430885463900000
30.42500000     2.431532956900000
30.45000000     2.432257532400000
30.47500000     2.433005232650000
30.50000000     2.434277093900000
30.52500000     2.435225208650000
30.55000000     2.436404570900000
30.57500000     2.437815180650000
30.60000000     2.439487870900000
30.62500000     2.441229935400000
30.65000000     2.443341995900000
30.67500000     2.445893426650000
30.70000000     2.448213609900000
30.72500000     2.450988579900000
30.75000000     2.453778966400000
30.77500000     2.456199356900000
30.80000000     2.458881827900000
30.82500000     2.462188667150000
30.85000000     2.465541755900000
30.87500000     2.468917969400000
30.90000000     2.472263349900000
30.92500000     2.475832269650000
30.95000000     2.479555354400000
30.97500000     2.483301563900000
31.00000000     2.487155688900000
31.02500000     2.491179395400000
31.05000000     2.495156852400000
31.07500000     2.499411806400000
31.10000000     2.503836341900000
31.12500000     2.507937130900000
31.15000000     2.511976253900000
31.17500000     2.515992252150000
31.20000000     2.519900334900000
31.22500000     2.524008832150000
31.25000000     2.528225244900000
31.27500000     2.532302909150000
31.30000000     2.536180158900000
31.32500000     2.539718245650000
31.35000000     2.543379664400000
31.37500000     2.546994833650000
31.40000000     2.550486670900000
31.42500000     2.553839759650000
31.45000000     2.556822852400000
31.47500000     2.559690321400000
31.50000000     2.562264876900000
31.52500000     2.564746933400000
31.55000000     2.567198156900000
31.57500000     2.569094386400000
31.60000000     2.570805617900000
31.62500000     2.572146853400000
31.65000000     2.573457255900000
31.67500000     2.574351412900000
31.70000000     2.574659742900000
31.72500000     2.574605785150000
31.75000000     2.574567243900000
31.77500000     2.574158706650000
31.80000000     2.573333923900000
31.82500000     2.572354976150000
31.85000000     2.571021448900000
31.87500000     2.569364175150000
31.90000000     2.567506486900000
31.92500000     2.565178595400000
31.95000000     2.562634872900000
31.97500000     2.559906152400000
32.00000000     2.556899934900000
32.02500000     2.553662469900000
32.05000000     2.550147507900000
32.07500000     2.546378173650000
32.10000000     2.542500923900000
32.12500000     2.538269094650000
32.15000000     2.534052681900000
32.17500000     2.529998142400000
32.20000000     2.525727771900000
32.22500000     2.522089477900000
32.25000000     2.518389517900000
32.27500000     2.514296437150000
32.30000000     2.510187939900000
32.32500000     2.506225899400000
32.35000000     2.501893862900000
32.37500000     2.497631200650000
32.40000000     2.493599785900000
32.42500000     2.488728171900000
32.45000000     2.484118638400000
32.47500000     2.479347231650000
32.50000000     2.474544991900000
32.52500000     2.469102967400000
32.55000000     2.462566371400000
32.57500000     2.462180958900000
32.60000000     2.461564298900000
32.62500000     2.459876192150000
32.65000000     2.457478926400000
32.67500000     2.456122274400000
32.70000000     2.454380209900000
32.72500000     2.453023557900000
32.75000000     2.451898153400000
32.77500000     2.451165869650000
32.80000000     2.450156088900000
32.82500000     2.449655052650000
32.85000000     2.449339014400000
32.87500000     2.449346722650000
32.90000000     2.449601094900000
32.92500000     2.450248587900000
32.95000000     2.450772748900000
32.97500000     2.451759404900000
33.00000000     2.452653561900000
33.02500000     2.454164378900000
33.05000000     2.455891026900000
33.07500000     2.457455801650000
33.10000000     2.459436821900000
33.12500000     2.461294510150000
33.15000000     2.462520121900000
33.17500000     2.466127582900000
33.20000000     2.469180049900000
33.22500000     2.473226881150000
33.25000000     2.476934549400000
33.27500000     2.480989088900000
33.30000000     2.485799036900000
33.32500000     2.488928586400000
33.35000000     2.491919387400000
33.37500000     2.493938948900000
33.40000000     2.493784783900000
33.42500000     2.504399044150000
33.45000000     2.511621674400000
33.47500000     2.517086823650000
33.50000000     2.521688648900000
33.52500000     2.527115256900000
33.55000000     2.532279784400000
33.57500000     2.536796818900000
33.60000000     2.541267603900000
33.62500000     2.545507141400000
33.65000000     2.549453765400000
33.67500000     2.552914769650000
33.70000000     2.556036610900000
33.72500000     2.558302836400000
33.75000000     2.560815725900000
33.77500000     2.563189866900000
33.80000000     2.564546518900000
33.82500000     2.566296291650000
33.85000000     2.568184812900000
33.87500000     2.569402716400000
33.90000000     2.570250623900000
33.92500000     2.570797909650000
33.95000000     2.571113947900000
33.97500000     2.570944366400000
34.00000000     2.570497287900000
34.02500000     2.569726462900000
34.05000000     2.568277311900000
34.07500000     2.566805036150000
34.10000000     2.564978180900000
34.12500000     2.562858412150000
34.15000000     2.560152816400000
34.17500000     2.557655343400000
34.20000000     2.554371628900000
34.22500000     2.551026248400000
34.25000000     2.547588368900000
34.27500000     2.544057990400000
34.30000000     2.540465945900000
34.32500000     2.536542446650000
34.35000000     2.532634363900000
34.37500000     2.528518158400000
34.40000000     2.524525284900000
34.42500000     2.520563244400000
34.45000000     2.516339123400000
34.47500000     2.512300000400000
34.50000000     2.508152961900000
34.52500000     2.504129255400000
34.55000000     2.499750969400000
34.57500000     2.495465182400000
34.60000000     2.491626473900000
34.62500000     2.487263604400000
34.65000000     2.483548227900000
34.67500000     2.479809726650000
34.70000000     2.475963309900000
34.72500000     2.473003341900000
34.75000000     2.470105039900000
34.77500000     2.467669232900000
34.80000000     2.465603421900000
34.82500000     2.463768858400000
34.85000000     2.462597204400000
34.87500000     2.461194302900000
34.90000000     2.460546809900000
34.92500000     2.460307854150000
34.95000000     2.460315562400000
34.97500000     2.460762640900000
35.00000000     2.461718463900000
35.02500000     2.462658870400000
35.05000000     2.463830524400000
35.07500000     2.465349049650000
35.10000000     2.466990906900000
35.12500000     2.468563389900000
35.15000000     2.470444202900000
35.17500000     2.472440639650000
35.20000000     2.474421659900000
35.22500000     2.476402680150000
35.25000000     2.478861611900000
35.27500000     2.481667414900000
35.30000000     2.484504050900000
35.32500000     2.487625892150000
35.35000000     2.490963564400000
35.37500000     2.494717482150000
35.40000000     2.499211391900000
35.42500000     2.503343013900000
35.45000000     2.507536301900000
35.47500000     2.512122710650000
35.50000000     2.517032865900000
35.52500000     2.521449693150000
35.55000000     2.525881936900000
35.57500000     2.530452929150000
35.60000000     2.534854339900000
35.62500000     2.538854921650000
35.65000000     2.542608839400000
35.67500000     2.545900262150000
35.70000000     2.548852521900000
35.72500000     2.551881864150000
35.75000000     2.554633709400000
35.77500000     2.556691812150000
35.80000000     2.558873246900000
35.82500000     2.560515104150000
35.85000000     2.561786965400000
35.87500000     2.563174450400000
35.90000000     2.564238188900000
35.92500000     2.564546518900000
35.95000000     2.564608184900000
35.97500000     2.564461728150000
36.00000000     2.564084023900000
36.02500000     2.563027993650000
36.05000000     2.562110711900000
36.07500000     2.561077806400000
36.10000000     2.559520739900000
36.12500000     2.557655343400000
36.15000000     2.555558699400000
36.17500000     2.553092059400000
36.20000000     2.550640835900000
36.22500000     2.548112529900000
36.25000000     2.545553390900000
36.27500000     2.542878628150000
36.30000000     2.540650943900000
36.32500000     2.537999305900000
36.35000000     2.535286001900000
36.37500000     2.532711446400000
36.40000000     2.529982725900000
36.42500000     2.526907134150000
36.45000000     2.523769876400000
36.47500000     2.520933240400000
36.50000000     2.518019521900000
36.52500000     2.515252260150000
36.55000000     2.512608330400000
36.57500000     2.510265022400000
36.60000000     2.508029629900000
36.62500000     2.506457146900000
36.65000000     2.505146744400000
36.67500000     2.503905716150000
36.70000000     2.502695520900000
36.72500000     2.501755114400000
36.75000000     2.500768458400000
36.77500000     2.499550554900000
36.80000000     2.498903061900000
36.82500000     2.498509941150000
36.85000000     2.498533065900000
36.87500000     2.498926186650000
36.90000000     2.499612220900000
36.92500000     2.500359921150000
36.95000000     2.501739697900000
36.97500000     2.503489470650000
37.00000000     2.505223826900000
37.02500000     2.507227971900000
37.05000000     2.509232116900000
37.07500000     2.511536883650000
37.10000000     2.514288728900000
37.12500000     2.517055990650000
37.15000000     2.519499505900000
37.17500000     2.522012395400000
37.20000000     2.524833614900000
37.22500000     2.527940039650000
37.25000000     2.530923132400000
37.27500000     2.534253096400000
37.30000000     2.538091804900000
37.32500000     2.541614475150000
37.35000000     2.545044646400000
37.37500000     2.548821688900000
37.40000000     2.552521648900000
37.42500000     2.556144526400000
37.45000000     2.559520739900000
37.47500000     2.562642581150000
37.50000000     2.565440675900000
37.52500000     2.568470018150000
37.55000000     2.571237279900000
37.57500000     2.573750169400000
37.60000000     2.576108893900000
37.62500000     2.578483034900000
37.65000000     2.580641344900000
37.67500000     2.582822779650000
37.70000000     2.584803799900000
37.72500000     2.586021703400000
37.75000000     2.586931276900000
37.77500000     2.588072097900000
37.80000000     2.588719590900000
37.82500000     2.588596258900000
37.85000000     2.588241679400000
37.87500000     2.587563353400000
37.90000000     2.586746278900000
37.92500000     2.585613166150000
37.95000000     2.584372137900000
37.97500000     2.582506741400000
38.00000000     2.580888008900000
38.02500000     2.579269276400000
38.05000000     2.577496378900000
38.07500000     2.575469109150000
38.10000000     2.573426422900000
38.12500000     2.571260404650000
38.15000000     2.569125219400000
38.17500000     2.567036283650000
38.20000000     2.564639017900000
38.22500000     2.561971963400000
38.25000000     2.559304908900000
38.27500000     2.556822852400000
38.30000000     2.554556626900000
38.32500000     2.552136236400000
38.35000000     2.550024175900000
38.37500000     2.548050863900000
38.40000000     2.546509213900000
38.42500000     2.545206519650000
38.45000000     2.544042573900000
38.47500000     2.542809253900000
38.50000000     2.541853430900000
38.52500000     2.541098022400000
38.55000000     2.540465945900000
38.57500000     2.540157615900000
38.60000000     2.540065116900000
38.62500000     2.540481362400000
38.65000000     2.541005523400000
38.67500000     2.542315925900000
38.70000000     2.544042573900000
38.72500000     2.545607348650000
38.75000000     2.547711700900000
38.77500000     2.550001051150000
38.80000000     2.552274984900000
38.82500000     2.554965164150000
38.85000000     2.557763258900000
38.87500000     2.560306981400000
38.90000000     2.562789037900000
38.92500000     2.565479217150000
38.95000000     2.568092313900000
38.97500000     2.570959782900000
39.00000000     2.574320579900000
39.02500000     2.577365338650000
39.05000000     2.580240515900000
39.07500000     2.583346940650000
39.10000000     2.586592113900000
39.12500000     2.589721663400000
39.15000000     2.592943711900000
39.17500000     2.595703265400000
39.20000000     2.598185321900000
39.22500000     2.600235716400000
39.25000000     2.601962364400000
39.27500000     2.603272766900000
39.30000000     2.603920259900000
39.32500000     2.604251714650000
39.35000000     2.604336505400000
39.37500000     2.603912551650000
39.40000000     2.603457764900000
39.42500000     2.602856521400000
39.45000000     2.601792782900000
39.47500000     2.600613420650000
39.50000000     2.599387808900000
39.52500000     2.597684285650000
39.55000000     2.595764931400000
39.57500000     2.593729953400000
39.60000000     2.591093731900000
39.62500000     2.588326470150000
39.65000000     2.585543791900000
39.67500000     2.582599240400000
39.70000000     2.579130527900000
39.72500000     2.575792855650000
39.75000000     2.572686430900000
39.77500000     2.569441257650000
39.80000000     2.566488997900000
39.82500000     2.563783402150000
39.85000000     2.560892808400000
39.87500000     2.558418460150000
39.90000000     2.556406606900000
39.92500000     2.554764749650000
39.95000000     2.553199974900000
39.97500000     2.552005196150000
40.00000000     2.551041664900000
40.02500000     2.550093550150000
40.05000000     2.549808344900000
40.07500000     2.549546264400000
40.10000000     2.549500014900000
40.12500000     2.549823761400000
40.15000000     2.550070425400000
40.17500000     2.550363338900000
40.20000000     2.551195829900000
40.22500000     2.552429149900000
40.25000000     2.553708719400000
40.27500000     2.555335160150000
40.30000000     2.557239097900000
40.32500000     2.559682613150000
40.35000000     2.562018212900000
40.37500000     2.564677559150000
40.40000000     2.567568152900000
40.42500000     2.569980835150000
40.45000000     2.572439766900000
40.47500000     2.574968072900000
40.50000000     2.577311380900000
40.52500000     2.579369483650000
40.55000000     2.581674250400000
40.57500000     2.583516522150000
40.60000000     2.585050463900000
40.62500000     2.586545864400000
40.65000000     2.587856266900000
40.67500000     2.588819798150000
40.70000000     2.589397916900000
40.72500000     2.589683122150000
40.75000000     2.589567498400000
40.77500000     2.589405625150000
40.80000000     2.589274584900000
40.82500000     2.588480635150000
40.85000000     2.587270439900000
40.87500000     2.585921496150000
40.90000000     2.584495469900000
40.92500000     2.582298618650000
40.95000000     2.580302181900000
40.97500000     2.578143871900000
41.00000000     2.575800563900000
41.02500000     2.573094968150000
41.05000000     2.570651452900000
41.07500000     2.568092313900000
41.10000000     2.565286510900000
41.12500000     2.563166742150000
41.15000000     2.560861975400000
41.17500000     2.558950329400000
41.20000000     2.556992433900000
41.22500000     2.555813071650000
41.25000000     2.554556626900000
41.27500000     2.553323306900000
41.30000000     2.552367483900000
41.32500000     2.551619783650000
41.35000000     2.550887499900000
41.37500000     2.550525212150000
41.40000000     2.550455837900000
41.42500000     2.550525212150000
41.45000000     2.550856666900000
41.47500000     2.551373119650000
41.50000000     2.552213318900000
41.52500000     2.553600803900000
41.55000000     2.555234952900000
41.57500000     2.556753478150000
41.60000000     2.558688248900000
41.62500000     2.560715518650000
41.65000000     2.562665705900000
41.67500000     2.564893390150000
41.70000000     2.567228989900000
41.72500000     2.569271676150000
41.75000000     2.571268112900000
41.77500000     2.573310799150000
41.80000000     2.575060571900000
41.82500000     2.577033883900000
41.85000000     2.578791364900000
41.87500000     2.580641344900000
41.90000000     2.582028829900000
41.92500000     2.583285274650000
41.95000000     2.584402970900000
41.97500000     2.585127546400000
42.00000000     2.585574624900000
42.02500000     2.585790455900000
42.05000000     2.585543791900000
42.07500000     2.584927131900000
42.10000000     2.584094640900000
42.12500000     2.583393190150000
42.15000000     2.582337159900000
42.17500000     2.581327379150000
42.20000000     2.580271348900000
42.22500000     2.579130527900000
42.25000000     2.578190121400000
42.27500000     2.577272839650000
42.30000000     2.576417223900000
42.32500000     2.575530775150000
42.35000000     2.574490161400000
42.37500000     2.573565171400000
42.40000000     2.572470599900000
42.42500000     2.571360611900000
42.45000000     2.570543537400000
42.47500000     2.569772712400000
42.50000000     2.569263967900000
42.52500000     2.568863138900000
42.55000000     2.568647307900000
42.57500000     2.568408352150000
42.60000000     2.568616474900000
42.62500000     2.569294800900000
42.65000000     2.569865211400000
42.67500000     2.570574370400000
42.70000000     2.571329778900000
42.72500000     2.571977271900000
42.75000000     2.572886845400000
42.77500000     2.573888917900000
42.80000000     2.575029738900000
42.82500000     2.575954728900000
42.85000000     2.577218881900000
42.87500000     2.578529284400000
42.90000000     2.579685521900000
42.92500000     2.580926550150000
42.95000000     2.582321743400000
42.97500000     2.583439439650000
43.00000000     2.584341304900000
43.02500000     2.585744206400000
43.05000000     2.587054608900000
43.07500000     2.588249387650000
43.10000000     2.589305417900000
43.12500000     2.590076242900000
43.15000000     2.590569570900000
43.17500000     2.590854776150000
43.20000000     2.591155397900000
43.22500000     2.591062898900000
43.25000000     2.591001232900000
43.27500000     2.590800818400000
43.30000000     2.590199574900000
43.32500000     2.589336250900000
43.35000000     2.588472926900000
43.37500000     2.587285856400000
43.40000000     2.586037119900000
43.42500000     2.584618801900000
43.45000000     2.582876737400000
43.47500000     2.581111548150000
43.50000000     2.579716354900000
43.52500000     2.578359702900000
43.55000000     2.576818052900000
43.57500000     2.575600149400000
43.60000000     2.574413078900000
43.62500000     2.573418714650000
43.65000000     2.572563098900000
43.67500000     2.571892481150000
43.70000000     2.571391444900000
43.72500000     2.570859575650000
43.75000000     2.570697702400000
43.77500000     2.570397080650000
43.80000000     2.570250623900000
43.82500000     2.570451038400000
43.85000000     2.570620619900000
43.87500000     2.570975199400000
43.90000000     2.571329778900000
43.92500000     2.571938730650000
43.95000000     2.572223935900000
43.97500000     2.572786638150000
44.00000000     2.573488088900000
44.02500000     2.574166414900000
44.05000000     2.574968072900000
44.07500000     2.575931604150000
44.10000000     2.577003050900000
44.12500000     2.577858666650000
44.15000000     2.578960946400000
44.17500000     2.580063226150000
44.20000000     2.581319670900000
44.22500000     2.582391117650000
44.25000000     2.583585896400000
44.27500000     2.584503178150000
44.30000000     2.585543791900000
44.32500000     2.586723154150000
44.35000000     2.587517103900000
44.37500000     2.588357303150000
44.40000000     2.589058753900000
44.42500000     2.589898953150000
44.45000000     2.590230407900000
44.47500000     2.590793110150000
44.50000000     2.591247896900000
44.52500000     2.591355812400000
44.55000000     2.591540810400000
44.57500000     2.591517685650000
44.60000000     2.591062898900000
44.62500000     2.590623528650000
44.65000000     2.590523321400000
44.67500000     2.590330615150000
44.70000000     2.590014576900000
44.72500000     2.589143544650000
44.75000000     2.588287928900000
44.77500000     2.587293564650000
44.80000000     2.586283783900000
44.82500000     2.585220045400000
44.85000000     2.584665051400000
44.87500000     2.584156306900000
44.90000000     2.583817143900000
44.92500000     2.583208192150000
44.95000000     2.582876737400000
44.97500000     2.582892153900000
45.00000000     2.582799654900000
45.02500000     2.582529866150000
45.05000000     2.582583823900000
45.07500000     2.582637781650000
45.10000000     2.582922986900000
45.12500000     2.583246733400000
45.15000000     2.583925059400000
45.17500000     2.584117765650000
45.20000000     2.584711300900000
45.22500000     2.585366502150000
45.25000000     2.586067952900000
45.27500000     2.586584405650000
45.30000000     2.587239606900000
45.32500000     2.587571061650000
45.35000000     2.587810017400000
45.37500000     2.588141472150000
45.40000000     2.588657924900000
45.42500000     2.588858339400000
45.45000000     2.588765840400000
45.47500000     2.588835214650000
45.50000000     2.588627091900000
45.52500000     2.588280220650000
45.55000000     2.588025848400000
45.57500000     2.587285856400000
45.60000000     2.586345449900000
45.62500000     2.585497542400000
45.65000000     2.584449220400000
45.67500000     2.583424023150000
45.70000000     2.582614656900000
45.72500000     2.581635709150000
45.75000000     2.580456346900000
45.77500000     2.579415733150000
45.80000000     2.578544700900000
45.82500000     2.577858666650000
45.85000000     2.576972217900000
45.87500000     2.576502014650000
45.90000000     2.575615565900000
45.92500000     2.574659742900000
45.95000000     2.573719336400000
45.97500000     2.572987052650000
46.00000000     2.572347267900000
46.02500000     2.572008104900000
46.05000000     2.572069770900000
46.07500000     2.572038937900000
46.10000000     2.571946438900000
46.12500000     2.572223935900000
46.15000000     2.572378100900000
46.17500000     2.572832887650000
46.20000000     2.573272257900000
46.22500000     2.573518921900000
46.25000000     2.573719336400000
46.27500000     2.573850376650000
46.30000000     2.574166414900000
46.32500000     2.574050791150000
46.35000000     2.574274330400000
46.37500000     2.574220372650000
46.40000000     2.574166414900000
46.42500000     2.574174123150000
46.45000000     2.574089332400000
46.47500000     2.573865793150000
46.50000000     2.573611420900000
46.52500000     2.573341632150000
46.55000000     2.573056426900000
46.57500000     2.572378100900000
46.60000000     2.571730607900000
46.62500000     2.570636036400000
46.65000000     2.569156052400000
46.67500000     2.567583569400000
46.70000000     2.566488997900000
46.72500000     2.564831724150000
46.75000000     2.563344031900000
46.77500000     2.561833214900000
46.80000000     2.560260731900000
46.82500000     2.558742206650000
46.85000000     2.555435367400000
46.87500000     2.551018540150000
46.90000000     2.553631636900000
46.92500000     2.552375192150000
46.95000000     2.552722063400000
46.97500000     2.552097695150000
47.00000000     2.550795000900000
47.02500000     2.550355630650000
47.05000000     2.550286256400000
47.07500000     2.550494379150000
47.10000000     2.550702501900000
47.12500000     2.549708137650000
47.15000000     2.549114602400000
47.17500000     2.549561680900000
47.20000000     2.550301672900000
47.22500000     2.550540628650000
47.25000000     2.551334578400000
47.27500000     2.551943530150000
47.30000000     2.552089986900000
47.32500000     2.553038101650000
47.35000000     2.553600803900000
47.37500000     2.553585387400000
47.40000000     2.553323306900000
47.42500000     2.552953310900000
47.45000000     2.552814562400000
47.47500000     2.552860811900000
47.50000000     2.553014976900000
47.52500000     2.553238516150000
47.55000000     2.553122892400000
47.57500000     2.552961019150000
47.60000000     2.552614147900000
47.62500000     2.551866447650000
47.65000000     2.551134163900000
47.67500000     2.550471254400000
47.70000000     2.549808344900000
47.72500000     2.548829397150000
47.75000000     2.547958364900000
47.77500000     2.547017958400000
47.80000000     2.546231716900000
47.82500000     2.545599640400000
47.85000000     2.545044646400000
47.87500000     2.544027157400000
47.90000000     2.543425913900000
47.92500000     2.542500923900000
47.95000000     2.541714682400000
47.97500000     2.541020939900000
48.00000000     2.540866774900000
48.02500000     2.540781984150000
48.05000000     2.540589277900000
48.07500000     2.540650943900000
48.10000000     2.540712609900000
48.12500000     2.540751151150000
48.15000000     2.540820525400000
48.17500000     2.540774275900000
48.20000000     2.540897607900000
48.22500000     2.541105730650000
48.25000000     2.541437185400000
48.27500000     2.541629891650000
48.30000000     2.541760931900000
48.32500000     2.542154052650000
48.35000000     2.542393008400000
48.37500000     2.542377591900000
48.40000000     2.542285092900000
48.42500000     2.542107803150000
48.45000000     2.540990106900000
48.47500000     2.539456165150000
48.50000000     2.538184303900000
48.52500000     2.536665778650000
48.55000000     2.536257241400000
48.57500000     2.536496197150000
48.60000000     2.536550154900000
48.62500000     2.535694539150000
48.65000000     2.534931422400000
48.67500000     2.534468927400000
48.70000000     2.533775184900000
48.72500000     2.532850194900000
48.75000000     2.532279784400000
48.77500000     2.531801872900000
48.80000000     2.531431876900000
48.82500000     2.530900007650000
48.85000000     2.530321888900000
48.87500000     2.529466273150000
48.90000000     2.528841904900000
48.92500000     2.528071079900000
48.95000000     2.527593168400000
48.97500000     2.527485252900000
49.00000000     2.527300254900000
49.02500000     2.527007341400000
49.05000000     2.526899425900000
49.07500000     2.526930258900000
49.10000000     2.526560262900000
49.12500000     2.526937967150000
49.15000000     2.527176922900000
49.17500000     2.527531502400000
49.20000000     2.527392753900000
49.22500000     2.527963164400000
49.25000000     2.528333160400000
49.27500000     2.528564407900000
49.30000000     2.528533574900000
49.32500000     2.528695448150000
49.35000000     2.528595240900000
49.37500000     2.528495033650000
49.40000000     2.528780238900000
49.42500000     2.528217536650000
49.45000000     2.528363993400000
49.47500000     2.528302327400000
49.50000000     2.528441075900000
49.52500000     2.528348576900000
49.55000000     2.528780238900000
49.57500000     2.529050027650000
49.60000000     2.528903570900000
49.62500000     2.529142526650000
49.65000000     2.529227317400000
49.67500000     2.529265858650000
49.70000000     2.528841904900000
49.72500000     2.529319816400000
49.75000000     2.528996069900000
49.77500000     2.528880446150000
49.80000000     2.529088568900000
49.82500000     2.529273566900000
49.85000000     2.529427731900000
49.87500000     2.529605021650000
49.90000000     2.529982725900000
49.92500000     2.529944184650000
49.95000000     2.530352721900000
49.97500000     2.530183140400000
50.00000000     2.529890226900000
50.02500000     2.529473981400000
50.05000000     2.528980653400000
50.07500000     2.528279202650000
50.10000000     2.527146089900000
50.12500000     2.526251932900000
50.15000000     2.525095695400000
50.17500000     2.523962582650000
50.20000000     2.522798636900000
50.22500000     2.521943021150000
50.25000000     2.520717409400000
50.27500000     2.519815544150000
50.30000000     2.519314507900000
50.32500000     2.518512849900000
50.35000000     2.518050354900000
50.37500000     2.517610984650000
50.40000000     2.518081187900000
50.42500000     2.521287819900000
50.45000000     2.521549900400000
50.47500000     2.519430131650000
50.50000000     2.521842813900000
50.52500000     2.524486743650000
50.55000000     2.525496524400000
50.57500000     2.521626982900000
50.60000000     2.522921968900000
50.62500000     2.519676795650000
50.65000000     2.521411151900000
50.67500000     2.521896771650000
50.70000000     2.522336141900000
50.72500000     2.525195902650000
50.75000000     2.527932331400000
50.77500000     2.529026902900000
50.80000000     2.529242733900000
50.82500000     2.530352721900000
50.85000000     2.530506886900000
50.87500000     2.531054172650000
50.90000000     2.530630218900000
50.92500000     2.530661051900000
50.95000000     2.530553136400000
50.97500000     2.530514595150000
51.00000000     2.529982725900000
51.02500000     2.530067516650000
51.05000000     2.529936476400000
51.07500000     2.528972945150000
51.10000000     2.528163578900000
51.12500000     2.526722136150000
51.15000000     2.525172777900000
51.17500000     2.524224663150000
51.20000000     2.522983634900000
51.22500000     2.521480526150000
51.25000000     2.520085332900000
51.27500000     2.518551391150000
51.30000000     2.516878700900000
51.32500000     2.515722463400000
51.35000000     2.515321634400000
51.37500000     2.514920805400000
51.40000000     2.513641235900000
51.42500000     2.513224990400000
51.45000000     2.512438748900000
51.47500000     2.511351885650000
51.50000000     2.510434603900000
51.52500000     2.510087732650000
51.55000000     2.509710028400000
51.57500000     2.509494197400000
51.60000000     2.510342104900000
51.62500000     2.511112929900000
51.65000000     2.511822088900000
51.67500000     2.512115002400000
51.70000000     2.512962909900000
51.72500000     2.514103730900000
51.75000000     2.515892044900000
51.77500000     2.517980980650000
51.80000000     2.518852012900000
51.82500000     2.519545755400000
51.85000000     2.520902407400000
51.87500000     2.521357194150000
51.90000000     2.521935312900000
51.92500000     2.523006759650000
51.95000000     2.523106966900000
51.97500000     2.523669669150000
52.00000000     2.523970290900000
52.02500000     2.523731335150000
52.05000000     2.523369047400000
52.07500000     2.522844886400000
52.10000000     2.522428640900000
52.12500000     2.521264695150000
52.15000000     2.521010322900000
52.17500000     2.520524703150000
52.20000000     2.520054499900000
52.22500000     2.518443475650000
52.25000000     2.517572443400000
52.27500000     2.517071407150000
52.30000000     2.515922877900000
52.32500000     2.516632036900000
52.35000000     2.516416205900000
52.37500000     2.513217282150000
52.40000000     2.510280438900000
52.42500000     2.509532738650000
52.45000000     2.507582551400000
52.47500000     2.506326106650000
52.50000000     2.505963818900000
52.52500000     2.504846122650000
52.55000000     2.503034683900000
52.57500000     2.501361993650000
52.60000000     2.500537210900000
52.62500000     2.500221172650000
52.65000000     2.499627637400000
52.67500000     2.498363484400000
52.70000000     2.497731407900000
52.72500000     2.496829542650000
52.75000000     2.496898916900000
52.77500000     2.497153289150000
52.80000000     2.496929749900000
52.82500000     2.497785365650000
52.85000000     2.497669741900000
52.87500000     2.498224735900000
52.90000000     2.498748896900000
52.92500000     2.499720136400000
52.95000000     2.500305963400000
52.97500000     2.501331160650000
53.00000000     2.502140526900000
53.02500000     2.501886154650000
53.05000000     2.502094277400000
53.07500000     2.502672396150000
53.10000000     2.503528011900000
53.12500000     2.503504887150000
53.15000000     2.503820925400000
53.17500000     2.503882591400000
53.20000000     2.504422168900000
53.22500000     2.503188848900000
53.25000000     2.502741770400000
53.27500000     2.500976581150000
53.30000000     2.500660542900000
53.32500000     2.499473472400000
53.35000000     2.499303890900000
53.37500000     2.498764313400000
53.40000000     2.498563898900000
53.42500000     2.498008904900000
53.45000000     2.498024321400000
53.47500000     2.497854739900000
53.50000000     2.497330578900000
53.52500000     2.496397880650000
53.55000000     2.496020176400000
53.57500000     2.495549973150000
53.60000000     2.494185612900000
53.62500000     2.494077697400000
53.65000000     2.493353121900000
53.67500000     2.492559172150000
53.70000000     2.491503141900000
53.72500000     2.491295019150000
53.75000000     2.490423986900000
53.77500000     2.489807326900000
53.80000000     2.488142344900000
53.82500000     2.487741515900000
53.85000000     2.486569861900000
53.87500000     2.485560081150000
53.90000000     2.483825724900000
53.92500000     2.482600113150000
53.95000000     2.481482416900000
53.97500000     2.480249096900000
54.00000000     2.478491615900000
54.02500000     2.477697666150000
54.05000000     2.476965382400000
54.07500000     2.476163724400000
54.10000000     2.475038319900000
54.12500000     2.472710428400000
54.15000000     2.470567534900000
54.17500000     2.469789001650000
54.20000000     2.469272548900000
54.22500000     2.469180049900000
54.25000000     2.468224226900000
54.27500000     2.467638399900000
54.30000000     2.467422568900000
54.32500000     2.467422568900000
54.35000000     2.467376319400000
54.37500000     2.467330069900000
54.40000000     2.468070061900000
54.42500000     2.468694430150000
54.45000000     2.468871719900000
54.47500000     2.469511504650000
54.50000000     2.469858375900000
54.52500000     2.469904625400000
54.55000000     2.470937530900000
54.57500000     2.472548555150000
54.60000000     2.473496669900000
54.62500000     2.474498742400000
54.65000000     2.475300400400000
54.67500000     2.476448929650000
54.70000000     2.478306617900000
54.72500000     2.479524521400000
54.75000000     2.480511177400000
54.77500000     2.482099076900000
54.80000000     2.483209064900000
54.82500000     2.482476781150000
54.85000000     2.483255314400000
54.87500000     2.483131982400000
54.90000000     2.481821579900000
54.92500000     2.480595968150000
54.95000000     2.479293273900000
54.97500000     2.478707446900000
55.00000000     2.477967454900000
55.02500000     2.476741843150000
55.05000000     2.475408315900000
55.07500000     2.474144162900000
55.10000000     2.473404170900000
55.12500000     2.472733553150000
55.15000000     2.471862520900000
55.17500000     2.470898989650000
55.20000000     2.470012540900000
55.22500000     2.469287965400000
55.25000000     2.468409224900000
55.27500000     2.467576733900000
55.30000000     2.466744242900000
55.32500000     2.466497578900000
55.35000000     2.466512995400000
55.37500000     2.466389663400000
55.40000000     2.465541755900000
55.42500000     2.465788419900000
55.45000000     2.466112166400000
55.47500000     2.466597786150000
55.50000000     2.466929240900000
55.52500000     2.468332142400000
55.55000000     2.469056717900000
55.57500000     2.469688794400000
55.60000000     2.470259204900000
55.62500000     2.470906697900000
55.65000000     2.471585023900000
55.67500000     2.472124601400000
55.70000000     2.473188339900000
55.72500000     2.473666251400000
55.75000000     2.474344577400000
55.77500000     2.475184776650000
55.80000000     2.476086641900000
55.82500000     2.476949965900000
55.85000000     2.477782456900000
55.87500000     2.478707446900000
55.90000000     2.479200774900000
55.92500000     2.480303054650000
55.95000000     2.481559499400000
55.97500000     2.482630946150000
56.00000000     2.483517394900000
56.02500000     2.483686976400000
56.05000000     2.483239897900000
56.07500000     2.483209064900000
56.10000000     2.483702392900000
56.12500000     2.484380718900000
56.15000000     2.485259459400000
56.17500000     2.486623819650000
56.20000000     2.487494851900000
56.22500000     2.488165469650000
56.25000000     2.488450674900000
56.27500000     2.488435258400000
56.30000000     2.488142344900000
56.32500000     2.488003596400000
56.35000000     2.487988179900000
56.37500000     2.487903389150000
56.40000000     2.487988179900000
56.42500000     2.488211719150000
56.45000000     2.488034429400000
56.47500000     2.487602767400000
56.50000000     2.487001523900000
56.52500000     2.486400280400000
56.55000000     2.485953201900000
56.57500000     2.485251751150000
56.60000000     2.484504050900000
56.62500000     2.483417187650000
56.65000000     2.481806163400000
56.67500000     2.480195139150000
56.70000000     2.479200774900000
56.72500000     2.478352867400000
56.75000000     2.477659124900000
56.77500000     2.477497251650000
56.80000000     2.477998287900000
56.82500000     2.478792237650000
56.85000000     2.479046609900000
56.87500000     2.479231607900000
56.90000000     2.479509104900000
56.92500000     2.479717227650000
56.95000000     2.479570770900000
56.97500000     2.479354939900000
57.00000000     2.479046609900000
57.02500000     2.478938694400000
57.05000000     2.479015776900000
57.07500000     2.479624728650000
57.10000000     2.481081587900000
57.12500000     2.482322616150000
57.15000000     2.482314907900000
57.17500000     2.481798455150000
57.20000000     2.481482416900000
57.22500000     2.481960328400000
57.25000000     2.482700320400000
57.27500000     2.483139690650000
57.30000000     2.483764058900000
57.32500000     2.484689048900000
57.35000000     2.485012795400000
57.37500000     2.484665924150000
57.40000000     2.484473217900000
57.42500000     2.484172596150000
57.45000000     2.484010722900000
57.47500000     2.484380718900000
57.50000000     2.484812380900000
57.52500000     2.485398207900000
57.55000000     2.485999451400000
57.57500000     2.486924441400000
57.60000000     2.487988179900000
57.62500000     2.488535465650000
57.65000000     2.488805254400000
57.67500000     2.488612548150000
57.70000000     2.488234843900000
57.72500000     2.487356103400000
57.75000000     2.486770276400000
57.77500000     2.486230698900000
57.80000000     2.485367374900000
57.82500000     2.484442384900000
57.85000000     2.483702392900000
57.87500000     2.482638654400000
57.90000000     2.481174086900000
57.92500000     2.479686394650000
57.95000000     2.478352867400000
57.97500000     2.477620583650000
58.00000000     2.477165796900000
58.02500000     2.476526012150000
58.05000000     2.476102058400000
58.07500000     2.475886227400000
58.10000000     2.475716645900000
58.12500000     2.475539356150000
58.15000000     2.475747478900000
58.17500000     2.475701229400000
58.20000000     2.475377482900000
58.22500000     2.475207901400000
58.25000000     2.475146235400000
58.27500000     2.475616438650000
58.30000000     2.476425804900000
58.32500000     2.476341014150000
58.35000000     2.476472054400000
58.37500000     2.476672468900000
58.40000000     2.476364138900000
58.42500000     2.476379555400000
58.45000000     2.476379555400000
58.47500000     2.476402680150000
58.50000000     2.476179140900000
58.52500000     2.475601022150000
58.55000000     2.475839977900000
58.57500000     2.476240806900000
58.60000000     2.476579969900000
58.62500000     2.476942257650000
58.65000000     2.477859539400000
58.67500000     2.478730571650000
58.70000000     2.479848267900000
58.72500000     2.481228044650000
58.75000000     2.482993233900000
58.77500000     2.484874046900000
58.80000000     2.486909024900000
58.82500000     2.489337123650000
58.85000000     2.491287310900000
58.87500000     2.493052500150000
58.90000000     2.495048936900000
58.92500000     2.496606003400000
58.95000000     2.497993488400000
58.97500000     2.499265349650000
59.00000000     2.500537210900000
59.02500000     2.501361993650000
59.05000000     2.502356357900000
59.07500000     2.502957601400000
59.10000000     2.503127182900000
59.12500000     2.503327597400000
59.15000000     2.503296764400000
59.17500000     2.502803436400000
59.20000000     2.502140526900000
59.22500000     2.501500742150000
59.25000000     2.501138454400000
59.27500000     2.500822416150000
59.30000000     2.500907206900000
59.32500000     2.501007414150000
59.35000000     2.501092204900000
59.37500000     2.501061371900000
59.40000000     2.501493033900000
59.42500000     2.501554699900000
59.45000000     2.501770530900000
59.47500000     2.502471981650000
59.50000000     2.503127182900000
59.52500000     2.503566553150000
59.55000000     2.503651343900000
59.57500000     2.503782384150000
59.60000000     2.504021339900000
59.62500000     2.504429877150000
59.65000000     2.505270076400000
59.67500000     2.506549645900000
59.70000000     2.507752132900000
59.72500000     2.509324615900000
59.75000000     2.511082096900000
59.77500000     2.512816453150000
59.80000000     2.514905388900000
59.82500000     2.516739952400000
59.85000000     2.518852012900000
59.87500000     2.520779075400000
59.90000000     2.523137799900000
59.92500000     2.525650689400000
59.95000000     2.528687739900000
59.97500000     2.531817289400000
60.00000000     2.534700174900000
60.02500000     2.537405770650000
60.05000000     2.540712609900000
60.07500000     2.544065698650000
60.10000000     2.547557535900000
60.12500000     2.550802709150000
60.15000000     2.554032465900000
60.17500000     2.557308472150000
60.20000000     2.560908224900000
60.22500000     2.563960691900000
60.25000000     2.566751078400000
60.27500000     2.569934585650000
60.30000000     2.573333923900000
60.32500000     2.576525139400000
60.35000000     2.579855103400000
60.37500000     2.583531938650000
60.40000000     2.587116274900000
60.42500000     2.590623528650000
60.45000000     2.594223281400000
60.47500000     2.598193030150000
60.50000000     2.601977780900000
60.52500000     2.605230662400000
60.55000000     2.608252296400000
60.57500000     2.611204556150000
60.60000000     2.614249314900000
60.62500000     2.617209282900000
60.65000000     2.620385081900000
60.67500000     2.622936512650000
60.70000000     2.626150852900000
60.72500000     2.629442275650000
60.75000000     2.632733698400000
60.77500000     2.635932622150000
60.80000000     2.639800622000000
60.82500000     2.643128273520000
60.85000000     2.646876795500000
60.87500000     2.651295935220000
60.90000000     2.654745377100000
60.92500000     2.658591793850000
60.95000000     2.662538417850000
60.97500000     2.666038734170000
61.00000000     2.669190637600000
61.02500000     2.672753390750000
61.05000000     2.676018605450000
61.07500000     2.679281507670000
61.10000000     2.682547493200000
61.12500000     2.685202985320000
61.15000000     2.687858477450000
61.17500000     2.690178660700000
61.20000000     2.692774799300000
61.22500000     2.695478853400000
61.25000000     2.697589372250000
61.27500000     2.699438581420000
61.30000000     2.700717380100000
61.32500000     2.701523663050000
61.35000000     2.702727691700000
61.37500000     2.704079718750000
61.40000000     2.705086416200000
61.42500000     2.706463880470000
61.45000000     2.707642471900000
61.47500000     2.708002447170000
61.50000000     2.709107039400000
61.52500000     2.709255808620000
61.55000000     2.709925655550000
61.57500000     2.709887885130000
61.60000000     2.710596273300000
61.62500000     2.710371192400000
61.65000000     2.710149194800000
61.67500000     2.709330578650000
61.70000000     2.708857292100000
61.72500000     2.709056935780000
61.75000000     2.707890677550000
61.77500000     2.707318725400000
61.80000000     2.706526317300000
61.82500000     2.705780158700000
61.85000000     2.704862876950000
61.87500000     2.703309664580000
61.90000000     2.701611537100000
61.92500000     2.699923430350000
61.95000000     2.698159782750000
61.97500000     2.695801829080000
62.00000000     2.693665873000000
62.02500000     2.690897840430000
62.05000000     2.688900632850000
62.07500000     2.686716114800000
62.10000000     2.685624626600000
62.12500000     2.682818823600000
62.15000000     2.680486307150000
62.17500000     2.677818481830000
62.20000000     2.674703578000000
62.22500000     2.671029055230000
62.25000000     2.667106326800000
62.27500000     2.663743217330000
62.30000000     2.660455648700000
62.32500000     2.657127997180000
62.35000000     2.653579889700000
62.37500000     2.649358852000000
62.40000000     2.644518071000000
62.42500000     2.640096618800000
62.45000000     2.635971163400000
62.47500000     2.631924332150000
62.50000000     2.628370828900000
62.52500000     2.625387736150000
62.55000000     2.622050063900000
62.57500000     2.618643017400000
62.60000000     2.614865974900000
62.62500000     2.611512886150000
62.65000000     2.608051881900000
62.67500000     2.604868374650000
62.70000000     2.601268621900000
62.72500000     2.597707410400000
62.75000000     2.594932440400000
62.77500000     2.591879973400000
62.80000000     2.589521248900000
62.82500000     2.586437948900000
62.85000000     2.584803799900000
62.87500000     2.582383409400000
62.90000000     2.580518012900000
62.92500000     2.578768240150000
62.95000000     2.577357630400000
62.97500000     2.576224517650000
63.00000000     2.575769730900000
63.02500000     2.575415151400000
63.05000000     2.575245569900000
63.07500000     2.575099113150000
63.10000000     2.575214736900000
63.12500000     2.575677231900000
63.15000000     2.575862229900000
63.17500000     2.575908479400000
63.20000000     2.576108893900000
63.22500000     2.576424932150000
63.25000000     2.576987634400000
63.27500000     2.577134091150000
63.30000000     2.577958873900000
63.32500000     2.578860739150000
63.35000000     2.580625928400000
63.37500000     2.582529866150000
63.40000000     2.584248805900000
63.42500000     2.586869610900000
63.45000000     2.588781256900000
63.47500000     2.591224772150000
63.50000000     2.594238697900000
63.52500000     2.597383663900000
63.55000000     2.600281965900000
63.57500000     2.603665887650000
63.60000000     2.606972726900000
63.62500000     2.610294982650000
63.65000000     2.613940984900000
63.67500000     2.618003232650000
63.70000000     2.621587568900000
63.72500000     2.625410860900000
63.75000000     2.629557899400000
63.77500000     2.633057444900000
63.80000000     2.635832414900000
63.82500000     2.638689863170000
63.85000000     2.641935807250000
63.87500000     2.645782994820000
63.90000000     2.649781264100000
63.92500000     2.653714013250000
63.95000000     2.657102559950000
63.97500000     2.660528106250000
64.00000000     2.663283034800000
64.02500000     2.666088837800000
64.05000000     2.668644893500000
64.07500000     2.671203261670000
64.10000000     2.673112595200000
64.12500000     2.674974908400000
64.15000000     2.676986761650000
64.17500000     2.678512995150000
64.20000000     2.680660513600000
64.22500000     2.682000207450000
64.25000000     2.683042362850000
64.27500000     2.683675210170000
64.30000000     2.683836312600000
64.32500000     2.684321161520000
64.35000000     2.684184725500000
64.37500000     2.683786979800000
64.40000000     2.682994571700000
64.42500000     2.681217820080000
64.45000000     2.680162560650000
64.47500000     2.678475995550000
64.50000000     2.677136301700000
64.52500000     2.674951012830000
64.55000000     2.673411675300000
64.57500000     2.671463029700000
64.60000000     2.669588383300000
64.62500000     2.667367636480000
64.65000000     2.664673603100000
64.67500000     2.662166880200000
64.70000000     2.659114413200000
64.72500000     2.656643919080000
64.75000000     2.653504348850000
64.77500000     2.650401778230000
64.80000000     2.647249874800000
64.82500000     2.644244428130000
64.85000000     2.640471239750000
64.87500000     2.636987110750000
64.90000000     2.633211609900000
64.92500000     2.630182267650000
64.95000000     2.626844595400000
64.97500000     2.623807544900000
65.00000000     2.620878409900000
65.02500000     2.616870119900000
65.05000000     2.613463073400000
65.07500000     2.610264149650000
65.10000000     2.607250223900000
65.12500000     2.604190048650000
65.15000000     2.601977780900000
65.17500000     2.599834887400000
65.20000000     2.597568661900000
65.22500000     2.596034720150000
65.25000000     2.593622037900000
65.27500000     2.591417478400000
65.30000000     2.588812089900000
65.32500000     2.588326470150000
65.35000000     2.586807944900000
65.37500000     2.585705665150000
65.40000000     2.584711300900000
65.42500000     2.584202556400000
65.45000000     2.583277566400000
65.47500000     2.582283202150000
65.50000000     2.581412169900000
65.52500000     2.581836123650000
65.55000000     2.582260077400000
65.57500000     2.582984652900000
65.60000000     2.584063807900000
65.62500000     2.585852121900000
65.65000000     2.587424604900000
65.67500000     2.589297709650000
65.70000000     2.591186230900000
65.72500000     2.593652870900000
65.75000000     2.596289092400000
65.77500000     2.598832814900000
65.80000000     2.601823615900000
65.82500000     2.604960873650000
65.85000000     2.608529793400000
65.87500000     2.612653707150000
65.90000000     2.616777620900000
65.92500000     2.620662578900000
65.95000000     2.624809617400000
65.97500000     2.629742897400000
66.00000000     2.634876591900000
66.02500000     2.639776726420000
66.05000000     2.645262687940000
66.07500000     2.651009959140000
66.10000000     2.656829687890000
66.12500000     2.662513751440000
66.15000000     2.668447562290000
66.17500000     2.674342061070000
66.20000000     2.680759179190000
66.22500000     2.686604345170000
66.25000000     2.692748591240000
66.27500000     2.698705526840000
66.30000000     2.704688670490000
66.32500000     2.710372734040000
66.35000000     2.716305003240000
66.37500000     2.722015274840000
66.40000000     2.727375591890000
66.42500000     2.732327371700000
66.45000000     2.737155819500000
66.47500000     2.741537959620000
66.50000000     2.744999734700000
66.52500000     2.748264949400000
66.55000000     2.750609799050000
66.57500000     2.752545340620000
66.60000000     2.754283551000000
66.62500000     2.755425142820000
66.65000000     2.755897658550000
66.67500000     2.756293862600000
66.70000000     2.756466527400000
66.72500000     2.756120426980000
66.75000000     2.755697244050000
66.77500000     2.754867065530000
66.80000000     2.754184885400000
66.82500000     2.753091855550000
66.85000000     2.751701287250000
66.87500000     2.749566102000000
66.90000000     2.747383125600000
66.92500000     2.744962735100000
66.95000000     2.742964756700000
66.97500000     2.741040777500000
67.00000000     2.739141464700000
67.02500000     2.737863436850000
67.05000000     2.736634741800000
67.07500000     2.734809428200000
67.10000000     2.732786783400000
67.12500000     2.730330164130000
67.15000000     2.728320623350000
67.17500000     2.726570079780000
67.20000000     2.724992201000000
67.22500000     2.723254761450000
67.25000000     2.721765527550000
67.27500000     2.720350292850000
67.30000000     2.719235679900000
67.32500000     2.718887267000000
67.35000000     2.719209471850000
67.37500000     2.719977984370000
67.40000000     2.720672497700000
67.42500000     2.721642195550000
67.45000000     2.722684350950000
67.47500000     2.723317198270000
67.50000000     2.724347791300000
67.52500000     2.726159230050000
67.55000000     2.727847336800000
67.57500000     2.729981751220000
67.60000000     2.732688117800000
67.62500000     2.735256506700000
67.65000000     2.737578231600000
67.67500000     2.739749645620000
67.70000000     2.741922601300000
67.72500000     2.744068578100000
67.75000000     2.746613842250000
67.77500000     2.749827411670000
67.80000000     2.752942315500000
67.82500000     2.756640733850000
67.85000000     2.760215820200000
67.87500000     2.763640595670000
67.90000000     2.767140912000000
67.92500000     2.770181816620000
67.95000000     2.773421594100000
67.97500000     2.776027753420000
68.00000000     2.779005450400000
68.02500000     2.782767847220000
68.05000000     2.786354495950000
68.07500000     2.790424451950000
68.10000000     2.794795029700000
68.12500000     2.799201065390000
68.15000000     2.804052637950000
68.17500000     2.808161906020000
68.20000000     2.812665836500000
68.22500000     2.816688001350000
68.25000000     2.820337086900000
68.27500000     2.823909860770000
68.30000000     2.826121357700000
68.32500000     2.828452332500000
68.35000000     2.830761724200000
68.37500000     2.833108115500000
68.40000000     2.835204759500000
68.42500000     2.836569119750000
68.45000000     2.837487943150000
68.47500000     2.837923459270000
68.50000000     2.838679638600000
68.52500000     2.838878511450000
68.55000000     2.839300923550000
68.57500000     2.839015718300000
68.60000000     2.839126717100000
68.62500000     2.838109998930000
68.65000000     2.836396454950000
68.67500000     2.834014605700000
68.70000000     2.830986805100000
68.72500000     2.827262949530000
68.75000000     2.822942475400000
68.77500000     2.818474002880000
68.80000000     2.813411995110000
68.82500000     2.807751827130000
68.85000000     2.800998629310000
68.87500000     2.793875435480000
68.90000000     2.786951114510000
68.92500000     2.780224124730000
68.95000000     2.773472468560000
68.97500000     2.766309191830000
69.00000000     2.759944489810000
69.02500000     2.752321801380000
69.05000000     2.744626655410000
69.07500000     2.737044820710000
69.10000000     2.729361237110000
69.12500000     2.721356219480000
69.15000000     2.713698073110000
69.17500000     2.706301236410000
69.20000000     2.698731734910000
69.22500000     2.691408897410000
69.25000000     2.684607137610000
69.27500000     2.678066687480000
69.30000000     2.672418852710000
69.32500000     2.667217325610000
69.35000000     2.662191546610000
69.37500000     2.657091768410000
69.40000000     2.652661066300000
69.42500000     2.648601131030000
69.45000000     2.644368530950000
69.47500000     2.639839934080000
69.50000000     2.635524084900000
69.52500000     2.631307672150000
69.55000000     2.627538337900000
69.57500000     2.624162124400000
69.60000000     2.621248405900000
69.62500000     2.618789474150000
69.65000000     2.616823870400000
69.67500000     2.615390135900000
69.70000000     2.614249314900000
69.72500000     2.613039119650000
69.75000000     2.612861829900000
69.77500000     2.612800163900000
69.80000000     2.612892662900000
69.82500000     2.613917860150000
69.85000000     2.614865974900000
69.87500000     2.616091586650000
69.90000000     2.617270948900000
69.92500000     2.619105512400000
69.95000000     2.620955492400000
69.97500000     2.623799836650000
70.00000000     2.626952510900000
70.02500000     2.629843104650000
70.05000000     2.633149943900000
70.07500000     2.637196775150000
70.10000000     2.641786267190000
70.12500000     2.646342613770000
70.15000000     2.650451881850000
70.17500000     2.654746147920000
70.20000000     2.658417587400000
70.22500000     2.661918674550000
70.25000000     2.665493760900000
70.27500000     2.668770537970000
70.30000000     2.671971774200000
70.32500000     2.674590266720000
70.35000000     2.676962095250000
70.37500000     2.679405610500000
70.40000000     2.682001749100000
70.42500000     2.683699876570000
70.45000000     2.684880009650000
70.47500000     2.685722521370000
70.50000000     2.686367701900000
70.52500000     2.686207370300000
70.55000000     2.685698625800000
70.57500000     2.684854572430000
70.60000000     2.683836312600000
70.62500000     2.682545951550000
70.65000000     2.681130716850000
70.67500000     2.679232174880000
70.70000000     2.676689223200000
70.72500000     2.673287572480000
70.75000000     2.669688590550000
70.77500000     2.665791299350000
70.80000000     2.662092881000000
70.82500000     2.658740563080000
70.85000000     2.655415994850000
70.87500000     2.652052114550000
70.90000000     2.648788441500000
70.92500000     2.645423790380000
70.95000000     2.642433760200000
70.97500000     2.639628728030000
71.00000000     2.637374064900000
71.02500000     2.635007632150000
71.05000000     2.632918696400000
71.07500000     2.630644762650000
71.10000000     2.628524993900000
71.12500000     2.626728971650000
71.15000000     2.625780856900000
71.17500000     2.625087114400000
71.20000000     2.624424204900000
71.22500000     2.624177540900000
71.25000000     2.623545464400000
71.27500000     2.623375882900000
71.30000000     2.623622546900000
71.32500000     2.624401080150000
71.35000000     2.625487943400000
71.37500000     2.626528557150000
71.40000000     2.628339995900000
71.42500000     2.630367265650000
71.45000000     2.632964945900000
71.47500000     2.635539501400000
71.50000000     2.638175722900000
71.52500000     2.641439395950000
71.55000000     2.644766276650000
71.57500000     2.648130156950000
71.60000000     2.651319830800000
71.62500000     2.654447067820000
71.65000000     2.657748511300000
71.67500000     2.661570261650000
71.70000000     2.665866840190000
71.72500000     2.670507206690000
71.75000000     2.675471319690000
71.77500000     2.680921052440000
71.80000000     2.686420117990000
71.82500000     2.691992411920000
71.85000000     2.697390499390000
71.87500000     2.702825586470000
71.90000000     2.708114216790000
71.92500000     2.713189328590000
71.95000000     2.718091775590000
71.97500000     2.723107533870000
72.00000000     2.727625339190000
72.02500000     2.732527015370000
72.05000000     2.737007821090000
72.07500000     2.741190317550000
72.10000000     2.744901069100000
72.12500000     2.747669101670000
72.15000000     2.749838974050000
72.17500000     2.751527851620000
72.20000000     2.753241395600000
72.22500000     2.753947471300000
72.25000000     2.753861138900000
72.27500000     2.753030189550000
72.30000000     2.751551747200000
72.32500000     2.748933254680000
72.35000000     2.745619478000000
72.37500000     2.741561084380000
72.40000000     2.736610075410000
72.42500000     2.730392600960000
72.45000000     2.724175126510000
72.47500000     2.717955339580000
72.50000000     2.710944686210000
72.52500000     2.704476693630000
72.55000000     2.697415165810000
72.57500000     2.690390637580000
72.60000000     2.683540315810000
72.62500000     2.676378580730000
72.65000000     2.669539050510000
72.67500000     2.662738832360000
72.70000000     2.655738199710000
72.72500000     2.648725233860000
72.75000000     2.642011348110000
72.77500000     2.635380711460000
72.80000000     2.628339995910000
72.82500000     2.621487361660000
72.85000000     2.614603894410000
72.87500000     2.607974799410000
72.90000000     2.601576951910000
72.92500000     2.595479726160000
72.95000000     2.589937494410000
72.97500000     2.585320252660000
73.00000000     2.581412169900000
73.02500000     2.578151580150000
73.05000000     2.575492233900000
73.07500000     2.573272257900000
73.10000000     2.571144780900000
73.12500000     2.569664796900000
73.15000000     2.569156052400000
73.17500000     2.570034792900000
73.20000000     2.571576442900000
73.22500000     2.573472672400000
73.25000000     2.575831396900000
73.27500000     2.578351994650000
73.30000000     2.581134672900000
73.32500000     2.584140890400000
73.35000000     2.587347522400000
73.37500000     2.590531029650000
73.40000000     2.593745369900000
73.42500000     2.597591786650000
73.45000000     2.601792782890000
73.47500000     2.606178777140000
73.50000000     2.611104348890000
73.52500000     2.615898880390000
73.55000000     2.620770494390000
73.57500000     2.625433985640000
73.60000000     2.630282474890000
73.62500000     2.635568021920000
73.65000000     2.640720987040000
73.67500000     2.645871639690000
73.70000000     2.650573672190000
73.72500000     2.654373839450000
73.75000000     2.657674512100000
73.77500000     2.660454877870000
73.80000000     2.662589292300000
73.82500000     2.664586499870000
73.85000000     2.665939297750000
73.87500000     2.666064171400000
73.90000000     2.665071348800000
73.92500000     2.663569781700000
73.95000000     2.661223390400000
73.97500000     2.658282693030000
74.00000000     2.654942708300000
74.02500000     2.650290008610000
74.05000000     2.645213355160000
74.07500000     2.639988703310000
74.10000000     2.634845758910000
74.12500000     2.629966436660000
74.15000000     2.624871283410000
74.17500000     2.619452383660000
74.20000000     2.614341813910000
74.22500000     2.609632073160000
74.25000000     2.605292328410000
74.27500000     2.600975708410000
74.30000000     2.596952001900000
74.32500000     2.593290583150000
74.35000000     2.589875828400000
74.37500000     2.587062317150000
74.40000000     2.584557135900000
74.42500000     2.582275493900000
74.45000000     2.579546773400000
74.47500000     2.577534920150000
74.50000000     2.576663887900000
74.52500000     2.576548264150000
74.55000000     2.576925968400000
74.57500000     2.578344286400000
74.60000000     2.580240515900000
74.62500000     2.582445075400000
74.65000000     2.585266294900000
74.67500000     2.588596258900000
74.70000000     2.592604548890000
74.72500000     2.596828669890000
74.75000000     2.601684867390000
74.77500000     2.606610439140000
74.80000000     2.611659342890000
74.82500000     2.617255532390000
74.85000000     2.623375882890000
74.87500000     2.629519358140000
74.90000000     2.635894080890000
74.92500000     2.642247991370000
74.95000000     2.649110646340000
74.97500000     2.655751303720000
75.00000000     2.663036370790000
75.02500000     2.671325822840000
75.05000000     2.679121946890000
75.07500000     2.685648522170000
75.10000000     2.691831309490000
75.12500000     2.698048013120000
75.15000000     2.703472308640000
75.17500000     2.710087528790000
75.20000000     2.716056797590000
75.22500000     2.720625477370000
75.25000000     2.722460811700000
75.27500000     2.723775839150000
75.30000000     2.724942868200000
75.32500000     2.724360895330000
75.35000000     2.722113940450000
75.37500000     2.718639061350000
75.40000000     2.715113307800000
75.42500000     2.710347296830000
75.45000000     2.703595640660000
75.47500000     2.696173366730000
75.50000000     2.688603094410000
75.52500000     2.680063895060000
75.55000000     2.671276490060000
75.57500000     2.662005777790000
75.60000000     2.652907730310000
75.62500000     2.643559935540000
75.65000000     2.633766603910000
75.67500000     2.624678577160000
75.70000000     2.615914296910000
75.72500000     2.606903352660000
75.75000000     2.597984907410000
75.77500000     2.589343959160000
75.80000000     2.581165505910000
75.82500000     2.573511213660000
75.85000000     2.566936076410000
75.87500000     2.559644071910000
75.90000000     2.551442493910000
75.92500000     2.544844231910000
75.95000000     2.538800963910000
75.97500000     2.533682685910000
76.00000000     2.529551063910000
76.02500000     2.525889645150000
76.05000000     2.523446129900000
76.07500000     2.521233862150000
76.10000000     2.520455328900000
76.12500000     2.520833033150000
76.15000000     2.521796564400000
76.17500000     2.523199465900000
76.20000000     2.525419441900000
76.22500000     2.528379409900000
76.25000000     2.531570625400000
76.27500000     2.535363084390000
76.30000000     2.539818452890000
76.32500000     2.544327779140000
76.35000000     2.549546264390000
76.37500000     2.555134745640000
76.40000000     2.560569061890000
76.42500000     2.566327124640000
76.45000000     2.572362684390000
76.47500000     2.578467618390000
76.50000000     2.584310471890000
76.52500000     2.590453947140000
76.55000000     2.596659088390000
76.57500000     2.602494233640000
76.60000000     2.607990215890000
76.62500000     2.612568916390000
76.65000000     2.617193866390000
76.67500000     2.620986325400000
76.70000000     2.624424204900000
76.72500000     2.626150852900000
76.75000000     2.626721263400000
76.77500000     2.626667305650000
76.80000000     2.625688357900000
76.82500000     2.623784420150000
76.85000000     2.621017158400000
76.87500000     2.617856775900000
76.90000000     2.613940984910000
76.92500000     2.610133109410000
76.95000000     2.605646907910000
76.97500000     2.601021957910000
77.00000000     2.596150343910000
77.02500000     2.591386645410000
77.05000000     2.586484198410000
77.07500000     2.581581751410000
77.10000000     2.576694720910000
77.12500000     2.572231644160000
77.15000000     2.568076897410000
77.17500000     2.564199647660000
77.20000000     2.560969890900000
77.22500000     2.558333669400000
77.25000000     2.556329524400000
77.27500000     2.554903498150000
77.30000000     2.554371628900000
77.32500000     2.553724135900000
77.35000000     2.553939966900000
77.37500000     2.554618292900000
77.40000000     2.555697447900000
77.42500000     2.556915351400000
77.45000000     2.558734498400000
77.47500000     2.561039265150000
77.50000000     2.563744860900000
77.52500000     2.567059408400000
77.55000000     2.570373955900000
77.57500000     2.573942875650000
77.60000000     2.577989706890000
77.62500000     2.581766749390000
77.65000000     2.585944620890000
77.67500000     2.590029993390000
77.70000000     2.594115365890000
77.72500000     2.598115947640000
77.75000000     2.602316943890000
77.77500000     2.606633563890000
77.80000000     2.610950183890000
77.82500000     2.615567425640000
77.85000000     2.620092168390000
77.87500000     2.624339414140000
77.90000000     2.628679158890000
77.92500000     2.632941821140000
77.95000000     2.636356575900000
77.97500000     2.639271836050000
78.00000000     2.641838683300000
78.02500000     2.643388041550000
78.05000000     2.644319198150000
78.07500000     2.644542737400000
78.10000000     2.644271407000000
78.12500000     2.642955608730000
78.15000000     2.640895193500000
78.17500000     2.638157223100000
78.20000000     2.634691593900000
78.22500000     2.630467472910000
78.25000000     2.625796273410000
78.27500000     2.620755077910000
78.30000000     2.614835141910000
78.32500000     2.608483543910000
78.35000000     2.601607784910000
78.37500000     2.594570152660000
78.40000000     2.587609602910000
78.42500000     2.580456346910000
78.45000000     2.573395589910000
78.47500000     2.566357957660000
78.50000000     2.559983234910000
78.52500000     2.553593095660000
78.55000000     2.547819616410000
78.57500000     2.542670505410000
78.60000000     2.537629309910000
78.62500000     2.533343522910000
78.65000000     2.529597313410000
78.67500000     2.526521721650000
78.70000000     2.523476962900000
78.72500000     2.521156779650000
78.75000000     2.519653670900000
78.77500000     2.518150562150000
78.80000000     2.517464527900000
78.82500000     2.517094531900000
78.85000000     2.517479944400000
78.87500000     2.517980980650000
78.90000000     2.519160342900000
78.92500000     2.521079697150000
78.95000000     2.523245715400000
78.97500000     2.525758604900000
79.00000000     2.528502741900000
79.02500000     2.531316253150000
79.05000000     2.534160597400000
79.07500000     2.537421187150000
79.10000000     2.540712609900000
79.12500000     2.543957783140000
79.15000000     2.547603785390000
79.17500000     2.551157288650000
79.20000000     2.554525793900000
79.22500000     2.557717009400000
79.25000000     2.560784892900000
79.27500000     2.563297782400000
79.30000000     2.565625673900000
79.32500000     2.567236698150000
79.35000000     2.568215645900000
79.37500000     2.568963346150000
79.40000000     2.569418132900000
79.42500000     2.569163760650000
79.45000000     2.568570225400000
79.47500000     2.568069189150000
79.50000000     2.566982325900000
79.52500000     2.565710464650000
79.55000000     2.564561935400000
79.57500000     2.563112784400000
79.60000000     2.561771548900000
79.62500000     2.560037192650000
79.65000000     2.558503250900000
79.67500000     2.556761186400000
79.70000000     2.555358284900000
79.72500000     2.554171214400000
79.75000000     2.552999560400000
79.77500000     2.551851031150000
79.80000000     2.551195829900000
79.82500000     2.550124383150000
79.85000000     2.549345849900000
79.87500000     2.549237934400000
79.90000000     2.549500014900000
79.92500000     2.550001051150000
79.95000000     2.551057081400000
79.97500000     2.552644980900000
