20.00000000     2.460025255570000
20.02500000     2.460022862370000
20.05000000     2.460020378570000
20.07500000     2.460017804470000
20.10000000     2.460015140500000
20.12500000     2.460012387210000
20.15000000     2.460009545280000
20.17500000     2.460006615520000
20.20000000     2.460003598870000
20.22500000     2.460000496400000
20.25000000     2.459997309300000
20.27500000     2.459994038920000
20.30000000     2.459990686710000
20.32500000     2.459987254270000
20.35000000     2.459983743320000
20.37500000     2.459980155730000
20.40000000     2.459976493480000
20.42500000     2.459972758680000
20.45000000     2.459968953580000
20.47500000     2.459965080540000
20.50000000     2.459961142060000
20.52500000     2.459957140750000
20.55000000     2.459953079330000
20.57500000     2.459948960650000
20.60000000     2.459944787650000
20.62500000     2.459940563410000
20.65000000     2.459936291080000
20.67500000     2.459931973940000
20.70000000     2.459927615330000
20.72500000     2.459923218710000
20.75000000     2.459918787620000
20.77500000     2.459914325660000
20.80000000     2.459909836540000
20.82500000     2.459905323990000
20.85000000     2.459900791850000
20.87500000     2.459896244000000
20.90000000     2.459891684360000
20.92500000     2.459887116900000
20.95000000     2.459882545640000
20.97500000     2.459877974620000
21.00000000     2.459873407910000
21.02500000     2.459868849600000
21.05000000     2.459864303780000
21.07500000     2.459859774560000
21.10000000     2.459855266030000
21.12500000     2.459850782290000
21.15000000     2.459846327410000
21.17500000     2.459841905430000
21.20000000     2.459837520370000
21.22500000     2.459833176210000
21.25000000     2.459828876880000
21.27500000     2.459824626260000
21.30000000     2.459820428140000
21.32500000     2.459816286290000
21.35000000     2.459812204340000
21.37500000     2.459808185890000
21.40000000     2.459804234400000
21.42500000     2.459800353250000
21.45000000     2.459796545700000
21.47500000     2.459792814870000
21.50000000     2.459789163780000
21.52500000     2.459785595270000
21.55000000     2.459782112080000
21.57500000     2.459778716730000
21.60000000     2.459775411620000
21.62500000     2.459772198940000
21.65000000     2.459769080710000
21.67500000     2.459766058740000
21.70000000     2.459763134650000
21.72500000     2.459760309830000
21.75000000     2.459757585450000
21.77500000     2.459754962460000
21.80000000     2.459752441570000
21.82500000     2.459750023220000
21.85000000     2.459747707640000
21.87500000     2.459745494780000
21.90000000     2.459743384330000
21.92500000     2.459741375720000
21.95000000     2.459739468110000
21.97500000     2.459737660390000
22.00000000     2.459735951190000
22.02500000     2.459734338840000
22.05000000     2.459732821410000
22.07500000     2.459731396730000
22.10000000     2.459730062300000
22.12500000     2.459728815410000
22.15000000     2.459727653060000
22.17500000     2.459726571990000
22.20000000     2.459725568680000
22.22500000     2.459724639390000
22.25000000     2.459723780120000
22.27500000     2.459722986620000
22.30000000     2.459722254450000
22.32500000     2.459721578920000
22.35000000     2.459720955150000
22.37500000     2.459720378040000
22.40000000     2.459719842330000
22.42500000     2.459719342570000
22.45000000     2.459718873130000
22.47500000     2.459718428240000
22.50000000     2.459718002000000
22.52500000     2.459717588370000
22.55000000     2.459717181190000
22.57500000     2.459716774240000
22.60000000     2.459716361180000
22.62500000     2.459715935650000
22.65000000     2.459715491210000
22.67500000     2.459715021440000
22.70000000     2.459714519880000
22.72500000     2.459713980100000
22.75000000     2.459713395730000
22.77500000     2.459712760450000
22.80000000     2.459712068010000
22.82500000     2.459711312300000
22.85000000     2.459710487330000
22.87500000     2.459709587270000
22.90000000     2.459708606460000
22.92500000     2.459707539450000
22.95000000     2.459706381030000
22.97500000     2.459705126230000
23.00000000     2.459703770340000
23.02500000     2.459702308960000
23.05000000     2.459700737980000
23.07500000     2.459699053640000
23.10000000     2.459697252500000
23.12500000     2.459695331500000
23.15000000     2.459693287940000
23.17500000     2.459691119510000
23.20000000     2.459688824300000
23.22500000     2.459686400790000
23.25000000     2.459683847870000
23.27500000     2.459681164870000
23.30000000     2.459678351510000
23.32500000     2.459675407960000
23.35000000     2.459672334800000
23.37500000     2.459669133050000
23.40000000     2.459665804140000
23.42500000     2.459662349940000
23.45000000     2.459658772750000
23.47500000     2.459655075270000
23.50000000     2.459651260630000
23.52500000     2.459647332400000
23.55000000     2.459643294530000
23.57500000     2.459639151380000
23.60000000     2.459634907730000
23.62500000     2.459630568740000
23.65000000     2.459626139970000
23.67500000     2.459621627330000
23.70000000     2.459617037140000
23.72500000     2.459612376040000
23.75000000     2.459607651060000
23.77500000     2.459602869530000
23.80000000     2.459598039110000
23.82500000     2.459593167770000
23.85000000     2.459588263770000
23.87500000     2.459583335640000
23.90000000     2.459578392150000
23.92500000     2.459573442320000
23.95000000     2.459568495370000
23.97500000     2.459563560710000
24.00000000     2.459558647920000
24.02500000     2.459553766710000
24.05000000     2.459548926920000
24.07500000     2.459544138490000
24.10000000     2.459539411420000
24.12500000     2.459534755750000
24.15000000     2.459530181580000
24.17500000     2.459525698960000
24.20000000     2.459521317950000
24.22500000     2.459517048560000
24.25000000     2.459512900720000
24.27500000     2.459508884270000
24.30000000     2.459505008940000
24.32500000     2.459501284330000
24.35000000     2.459497719870000
24.37500000     2.459494324800000
24.40000000     2.459491108180000
24.42500000     2.459488078820000
24.45000000     2.459485245300000
24.47500000     2.459482615900000
24.50000000     2.459480198610000
24.52500000     2.459478001090000
24.55000000     2.459476030690000
24.57500000     2.459474294490000
24.60000000     2.459472799240000
24.62500000     2.459471549470000
24.65000000     2.459470542520000
24.67500000     2.459469780440000
24.70000000     2.459469320620000
24.72500000     2.459469209860000
24.75000000     2.459469356030000
24.77500000     2.459469706080000
24.80000000     2.459470307820000
24.82500000     2.459471190970000
24.85000000     2.459472362580000
24.87500000     2.459473814280000
24.90000000     2.459475543010000
24.92500000     2.459477548450000
24.95000000     2.459479828900000
24.97500000     2.459482381940000
25.00000000     2.459485204440000
25.02500000     2.459488292510000
25.05000000     2.459491641540000
25.07500000     2.459495246190000
25.10000000     2.459499100360000
25.12500000     2.459503197230000
25.15000000     2.459507529250000
25.17500000     2.459512088140000
25.20000000     2.459516864920000
25.22500000     2.459521849900000
25.25000000     2.459527032720000
25.27500000     2.459532402370000
25.30000000     2.459537947160000
25.32500000     2.459543654840000
25.35000000     2.459549512540000
25.37500000     2.459555506850000
25.40000000     2.459561623870000
25.42500000     2.459567849190000
25.45000000     2.459574168020000
25.47500000     2.459580565170000
25.50000000     2.459587025120000
25.52500000     2.459593532100000
25.55000000     2.459600070130000
25.57500000     2.459606623080000
25.60000000     2.459613174720000
25.62500000     2.459619708840000
25.65000000     2.459626209230000
25.67500000     2.459632659830000
25.70000000     2.459639044740000
25.72500000     2.459645348320000
25.75000000     2.459651555230000
25.77500000     2.459657650530000
25.80000000     2.459663619690000
25.82500000     2.459669448710000
25.85000000     2.459675124120000
25.87500000     2.459680633080000
25.90000000     2.459685963410000
25.92500000     2.459691103660000
25.95000000     2.459696043120000
25.97500000     2.459700771900000
26.00000000     2.459705280950000
26.02500000     2.459709562110000
26.05000000     2.459713608120000
26.07500000     2.459717412680000
26.10000000     2.459720970470000
26.12500000     2.459724277150000
26.15000000     2.459727329390000
26.17500000     2.459730124910000
26.20000000     2.459732662450000
26.22500000     2.459734941810000
26.25000000     2.459736963830000
26.27500000     2.459738730310000
26.30000000     2.459740243970000
26.32500000     2.459741509020000
26.35000000     2.459742534340000
26.37500000     2.459743332850000
26.40000000     2.459743893550000
26.42500000     2.459744175610000
26.45000000     2.459744199010000
26.47500000     2.459744058500000
26.50000000     2.459743767750000
26.52500000     2.459743289040000
26.55000000     2.459742630350000
26.57500000     2.459741806210000
26.60000000     2.459740834230000
26.62500000     2.459739726360000
26.65000000     2.459738495840000
26.67500000     2.459737156130000
26.70000000     2.459735720900000
26.72500000     2.459734203980000
26.75000000     2.459732619340000
26.77500000     2.459730980960000
26.80000000     2.459729302820000
26.82500000     2.459727598850000
26.85000000     2.459725882880000
26.87500000     2.459724168580000
26.90000000     2.459722469450000
26.92500000     2.459720798740000
26.95000000     2.459719169460000
26.97500000     2.459717594310000
27.00000000     2.459716085660000
27.02500000     2.459714655540000
27.05000000     2.459713315570000
27.07500000     2.459712076930000
27.10000000     2.459710950400000
27.12500000     2.459709946370000
27.15000000     2.459709074660000
27.17500000     2.459708342770000
27.20000000     2.459707753190000
27.22500000     2.459707316790000
27.25000000     2.459707081390000
27.27500000     2.459707066880000
27.30000000     2.459707205090000
27.32500000     2.459707482020000
27.35000000     2.459707939760000
27.37500000     2.459708591390000
27.40000000     2.459709443150000
27.42500000     2.459710491050000
27.45000000     2.459711735230000
27.47500000     2.459713175940000
27.50000000     2.459714812350000
27.52500000     2.459716642590000
27.55000000     2.459718663810000
27.57500000     2.459720872150000
27.60000000     2.459723262690000
27.62500000     2.459725829480000
27.65000000     2.459728565530000
27.67500000     2.459731462780000
27.70000000     2.459734512120000
27.72500000     2.459737703410000
27.75000000     2.459741025500000
27.77500000     2.459744466210000
27.80000000     2.459748012440000
27.82500000     2.459751650120000
27.85000000     2.459755364320000
27.87500000     2.459759139300000
27.90000000     2.459762958520000
27.92500000     2.459766804780000
27.95000000     2.459770660240000
27.97500000     2.459774506520000
28.00000000     2.459778324780000
28.02500000     2.459782095830000
28.05000000     2.459785800200000
28.07500000     2.459789418220000
28.10000000     2.459792930160000
28.12500000     2.459796316280000
28.15000000     2.459799556970000
28.17500000     2.459802632770000
28.20000000     2.459805524560000
28.22500000     2.459808213570000
28.25000000     2.459810681470000
28.27500000     2.459812910440000
28.30000000     2.459814883030000
28.32500000     2.459816582770000
28.35000000     2.459817998370000
28.37500000     2.459819127420000
28.40000000     2.459819941420000
28.42500000     2.459820343850000
28.45000000     2.459820321870000
28.47500000     2.459820011150000
28.50000000     2.459819418840000
28.52500000     2.459818460370000
28.55000000     2.459817114980000
28.57500000     2.459815374350000
28.60000000     2.459813244610000
28.62500000     2.459810722590000
28.65000000     2.459807806360000
28.67500000     2.459804495280000
28.70000000     2.459800790320000
28.72500000     2.459796693880000
28.75000000     2.459792209850000
28.77500000     2.459787343560000
28.80000000     2.459782101780000
28.82500000     2.459776492720000
28.85000000     2.459770525910000
28.87500000     2.459764212240000
28.90000000     2.459757563830000
28.92500000     2.459750593990000
28.95000000     2.459743317120000
28.97500000     2.459735748670000
29.00000000     2.459727905000000
29.02500000     2.459719803320000
29.05000000     2.459711461570000
29.07500000     2.459702898370000
29.10000000     2.459694132890000
29.12500000     2.459685184800000
29.15000000     2.459676074160000
29.17500000     2.459666821370000
29.20000000     2.459657447100000
29.22500000     2.459647972230000
29.25000000     2.459638417820000
29.27500000     2.459628805020000
29.30000000     2.459619155120000
29.32500000     2.459609489420000
29.35000000     2.459599829290000
29.37500000     2.459590196130000
29.40000000     2.459580611320000
29.42500000     2.459571096220000
29.45000000     2.459561672160000
29.47500000     2.459552360410000
29.50000000     2.459543182140000
29.52500000     2.459534158410000
29.55000000     2.459525310110000
29.57500000     2.459516657920000
29.60000000     2.459508222250000
29.62500000     2.459500023200000
29.65000000     2.459492080490000
29.67500000     2.459484413360000
29.70000000     2.459477040550000
29.72500000     2.459469980180000
29.75000000     2.459463249700000
29.77500000     2.459456865800000
29.80000000     2.459450844330000
29.82500000     2.459445200260000
29.85000000     2.459439947590000
29.87500000     2.459435099270000
29.90000000     2.459430667170000
29.92500000     2.459426662030000
29.95000000     2.459423093470000
29.97500000     2.459419970130000
30.00000000     2.459417299360000
30.02500000     2.459415083090000
30.05000000     2.459413310230000
30.07500000     2.459411985930000
30.10000000     2.459411212040000
30.12500000     2.459411046730000
30.15000000     2.459411306830000
30.17500000     2.459411912430000
30.20000000     2.459412949820000
30.22500000     2.459414452600000
30.25000000     2.459416421070000
30.27500000     2.459418830510000
30.30000000     2.459421669300000
30.32500000     2.459424926440000
30.35000000     2.459428589150000
30.37500000     2.459432642880000
30.40000000     2.459437071510000
30.42500000     2.459441857310000
30.45000000     2.459446980950000
30.47500000     2.459452421490000
30.50000000     2.459458156460000
30.52500000     2.459464161870000
30.55000000     2.459470412270000
30.57500000     2.459476880830000
30.60000000     2.459483539440000
30.62500000     2.459490358800000
30.65000000     2.459497308530000
30.67500000     2.459504357360000
30.70000000     2.459511473200000
30.72500000     2.459518623340000
30.75000000     2.459525774620000
30.77500000     2.459532893590000
30.80000000     2.459539946660000
30.82500000     2.459546900320000
30.85000000     2.459553721300000
30.87500000     2.459560376710000
30.90000000     2.459566834260000
30.92500000     2.459573062410000
30.95000000     2.459579030490000
30.97500000     2.459584708890000
31.00000000     2.459590069210000
31.02500000     2.459595084320000
31.05000000     2.459599728580000
31.07500000     2.459603977900000
31.10000000     2.459607809770000
31.12500000     2.459611203230000
31.15000000     2.459614139000000
31.17500000     2.459616603110000
31.20000000     2.459618596700000
31.22500000     2.459620113990000
31.25000000     2.459621043480000
31.27500000     2.459621288820000
31.30000000     2.459621023300000
31.32500000     2.459620361380000
31.35000000     2.459619218720000
31.37500000     2.459617533060000
31.40000000     2.459615296100000
31.42500000     2.459612529420000
31.45000000     2.459609245450000
31.47500000     2.459605451520000
31.50000000     2.459601158250000
31.52500000     2.459596378120000
31.55000000     2.459591125330000
31.57500000     2.459585415690000
31.60000000     2.459579266510000
31.62500000     2.459572696440000
31.65000000     2.459565725330000
31.67500000     2.459558374090000
31.70000000     2.459550664540000
31.72500000     2.459542619250000
31.75000000     2.459534261400000
31.77500000     2.459525614660000
31.80000000     2.459516703040000
31.82500000     2.459507550780000
31.85000000     2.459498182250000
31.87500000     2.459488621860000
31.90000000     2.459478893940000
31.92500000     2.459469022740000
31.95000000     2.459459032300000
31.97500000     2.459448946460000
32.00000000     2.459438788800000
32.02500000     2.459428582580000
32.05000000     2.459418350780000
32.07500000     2.459408116040000
32.10000000     2.459397900630000
32.12500000     2.459387726470000
32.15000000     2.459377615070000
32.17500000     2.459367587550000
32.20000000     2.459357664580000
32.22500000     2.459347866360000
32.25000000     2.459338212620000
32.27500000     2.459328722500000
32.30000000     2.459319414620000
32.32500000     2.459310306950000
32.35000000     2.459301416790000
32.37500000     2.459292760740000
32.40000000     2.459284354650000
32.42500000     2.459276213560000
32.45000000     2.459268351670000
32.47500000     2.459260782340000
32.50000000     2.459253518000000
32.52500000     2.459246570180000
32.55000000     2.459239949450000
32.57500000     2.459233665460000
32.60000000     2.459227726890000
32.62500000     2.459222141450000
32.65000000     2.459216915910000
32.67500000     2.459212056100000
32.70000000     2.459207566880000
32.72500000     2.459203452190000
32.75000000     2.459199715010000
32.77500000     2.459196357390000
32.80000000     2.459193380480000
32.82500000     2.459190784630000
32.85000000     2.459188569330000
32.87500000     2.459186730750000
32.90000000     2.459185255530000
32.92500000     2.459184134940000
32.95000000     2.459183428760000
32.97500000     2.459183192560000
33.00000000     2.459183313760000
33.02500000     2.459183692330000
33.05000000     2.459184364370000
33.07500000     2.459185372700000
33.10000000     2.459186708740000
33.12500000     2.459188348840000
33.15000000     2.459190276040000
33.17500000     2.459192476450000
33.20000000     2.459194934630000
33.22500000     2.459197634230000
33.25000000     2.459200558210000
33.27500000     2.459203688910000
33.30000000     2.459207008140000
33.32500000     2.459210497370000
33.35000000     2.459214137790000
33.37500000     2.459217910500000
33.40000000     2.459221796620000
33.42500000     2.459225777410000
33.45000000     2.459229834450000
33.47500000     2.459233949660000
33.50000000     2.459238105530000
33.52500000     2.459242285100000
33.55000000     2.459246472130000
33.57500000     2.459250651100000
33.60000000     2.459254807330000
33.62500000     2.459258926970000
33.65000000     2.459262997070000
33.67500000     2.459267005590000
33.70000000     2.459270941380000
33.72500000     2.459274794230000
33.75000000     2.459278554860000
33.77500000     2.459282214880000
33.80000000     2.459285766840000
33.82500000     2.459289204190000
33.85000000     2.459292521260000
33.87500000     2.459295713340000
33.90000000     2.459298776570000
33.92500000     2.459301708030000
33.95000000     2.459304505720000
33.97500000     2.459307168560000
34.00000000     2.459309696400000
34.02500000     2.459312090050000
34.05000000     2.459314351250000
34.07500000     2.459316482680000
34.10000000     2.459318487990000
34.12500000     2.459320371720000
34.15000000     2.459322139310000
34.17500000     2.459323797060000
34.20000000     2.459325352080000
34.22500000     2.459326812230000
34.25000000     2.459328186040000
34.27500000     2.459329482620000
34.30000000     2.459330711600000
34.32500000     2.459331882970000
34.35000000     2.459333007020000
34.37500000     2.459334094200000
34.40000000     2.459335154880000
34.42500000     2.459336195520000
34.45000000     2.459337159260000
34.47500000     2.459337038320000
34.50000000     2.459322638900000
34.52500000     2.459073783120000
34.55000000     2.455066581260000
34.57500000     3.721970434080000
34.60000000     4.719392134750000
34.62500000     3.882650486520000
34.65000000     2.912558539960000
34.67500000     2.615265914290000
34.70000000     2.563919117080000
34.72500000     2.586253315430000
34.75000000     2.661778235800000
34.77500000     2.794712516540000
34.80000000     2.916774988870000
34.82500000     2.940237445990000
34.85000000     2.917163520080000
34.87500000     2.893214108100000
34.90000000     2.877718570630000
34.92500000     2.866533033220000
34.95000000     2.856719995160000
34.97500000     2.847438719560000
35.00000000     2.838709291200000
35.02500000     2.830753748360000
35.05000000     2.823654856910000
35.07500000     2.817361631540000
35.10000000     2.811811995990000
35.12500000     2.806936692800000
35.15000000     2.802642565760000
35.17500000     2.798834726690000
35.20000000     2.795431522240000
35.22500000     2.792357496020000
35.25000000     2.789541584410000
35.27500000     2.786936187340000
35.30000000     2.784509814460000
35.32500000     2.782220112830000
35.35000000     2.780037890940000
35.37500000     2.777964082780000
35.40000000     2.775989827320000
35.42500000     2.774109517990000
35.45000000     2.772154545910000
35.47500000     2.770164709540000
35.50000000     2.768270426950000
35.52500000     2.766552260560000
35.55000000     2.764951818000000
35.57500000     2.763365097370000
35.60000000     2.761749113560000
35.62500000     2.760118142960000
35.65000000     2.758491866530000
35.67500000     2.756875793370000
35.70000000     2.755269807670000
35.72500000     2.753674247010000
35.75000000     2.752088523960000
35.77500000     2.750510248850000
35.80000000     2.748936741610000
35.82500000     2.747366349080000
35.85000000     2.745798479230000
35.87500000     2.744233035820000
35.90000000     2.742669991060000
35.92500000     2.741109294590000
35.95000000     2.739550925760000
35.97500000     2.737994862480000
36.00000000     2.736440979240000
36.02500000     2.734889000370000
36.05000000     2.733338517290000
36.07500000     2.731789036630000
36.10000000     2.730240094840000
36.12500000     2.728691401260000
36.15000000     2.727142847250000
36.17500000     2.725594338710000
36.20000000     2.724045644460000
36.22500000     2.722496436050000
36.25000000     2.720946453740000
36.27500000     2.719395607960000
36.30000000     2.717843936630000
36.32500000     2.716291498970000
36.35000000     2.714738313110000
36.37500000     2.713184351970000
36.40000000     2.711629540880000
36.42500000     2.710073740410000
36.45000000     2.708516772960000
36.47500000     2.706958528170000
36.50000000     2.705399071650000
36.52500000     2.703838643080000
36.55000000     2.702277531870000
36.57500000     2.700715941600000
36.60000000     2.699153953320000
36.62500000     2.697591591340000
36.65000000     2.696028913640000
36.67500000     2.694466058320000
36.70000000     2.692903233590000
36.72500000     2.691340675020000
36.75000000     2.689778600480000
36.77500000     2.688217189500000
36.80000000     2.686656600350000
36.82500000     2.685097012240000
36.85000000     2.683538657640000
36.87500000     2.681981817600000
36.90000000     2.680426785220000
36.92500000     2.678873826990000
36.95000000     2.677323166440000
36.97500000     2.675774992340000
37.00000000     2.674229478710000
37.02500000     2.672686803580000
37.05000000     2.671147159190000
37.07500000     2.669610749110000
37.10000000     2.668077772920000
37.12500000     2.666548405710000
37.15000000     2.665022795770000
37.17500000     2.663501032810000
37.20000000     2.661983293000000
37.22500000     2.660469829090000
37.25000000     2.658959864850000
37.27500000     2.657454355580000
37.30000000     2.655955811270000
37.32500000     2.654460891700000
37.35000000     2.652966751310000
37.37500000     2.651478401080000
37.40000000     2.649999381920000
37.42500000     2.648524527470000
37.45000000     2.647051691830000
37.47500000     2.645585618780000
37.50000000     2.644124693490000
37.52500000     2.642669133680000
37.55000000     2.641218990130000
37.57500000     2.639774325110000
37.60000000     2.638335205820000
37.62500000     2.636901702610000
37.65000000     2.635473882670000
37.67500000     2.634051804240000
37.70000000     2.632635515740000
37.72500000     2.631225059760000
37.75000000     2.629820478620000
37.77500000     2.628421816860000
37.80000000     2.627029118070000
37.82500000     2.625642418410000
37.85000000     2.624261742500000
37.87500000     2.622887105270000
37.90000000     2.621518518780000
37.92500000     2.620155999300000
37.95000000     2.618799570060000
37.97500000     2.617449258450000
38.00000000     2.616105090390000
38.02500000     2.614767085570000
38.05000000     2.613435255940000
38.07500000     2.612109607450000
38.10000000     2.610790143370000
38.12500000     2.609476867160000
38.15000000     2.608169783750000
38.17500000     2.606868899130000
38.20000000     2.605574218990000
38.22500000     2.604285747530000
38.25000000     2.603003486890000
38.27500000     2.601727437210000
38.30000000     2.600457597070000
38.32500000     2.599193963870000
38.35000000     2.597936533930000
38.37500000     2.596685302110000
38.40000000     2.595440261260000
38.42500000     2.594201401980000
38.45000000     2.592968713090000
38.47500000     2.591742182850000
38.50000000     2.590521800540000
38.52500000     2.589307557400000
38.55000000     2.588099446380000
38.57500000     2.586897460250000
38.60000000     2.585701588810000
38.62500000     2.584511816820000
38.65000000     2.583328124010000
38.67500000     2.582150487590000
38.70000000     2.580978886060000
38.72500000     2.579813302600000
38.75000000     2.578653726120000
38.77500000     2.577500149550000
38.80000000     2.576352566480000
38.82500000     2.575210967650000
38.85000000     2.574075339210000
38.87500000     2.572945662790000
38.90000000     2.571821917060000
38.92500000     2.570704079390000
38.95000000     2.569592127010000
38.97500000     2.568486037450000
39.00000000     2.567385788810000
39.02500000     2.566291360300000
39.05000000     2.565202733330000
39.07500000     2.564119892560000
39.10000000     2.563042826070000
39.12500000     2.561971523930000
39.15000000     2.560905975050000
39.17500000     2.559846163600000
39.20000000     2.558792066510000
39.22500000     2.557743653630000
39.25000000     2.556700890990000
39.27500000     2.555663746100000
39.30000000     2.554632193190000
39.32500000     2.553606216130000
39.35000000     2.552585807650000
39.37500000     2.551570964760000
39.40000000     2.550561682270000
39.42500000     2.549557946800000
39.45000000     2.548559733820000
39.47500000     2.547567008820000
39.50000000     2.546579732330000
39.52500000     2.545597866670000
39.55000000     2.544621381990000
39.57500000     2.543650259240000
39.60000000     2.542684489170000
39.62500000     2.541724067760000
39.65000000     2.540768990030000
39.67500000     2.539819244420000
39.70000000     2.538874809690000
39.72500000     2.537935655290000
39.75000000     2.537001744840000
39.77500000     2.536073041250000
39.80000000     2.535149511780000
39.82500000     2.534231131250000
39.85000000     2.533317882600000
39.87500000     2.532409754860000
39.90000000     2.531506739290000
39.92500000     2.530608825240000
39.95000000     2.529715996950000
39.97500000     2.528828232230000
40.00000000     2.527945503310000
40.02500000     2.527067779330000
40.05000000     2.526195029650000
40.07500000     2.525327226860000
40.10000000     2.524464348670000
40.12500000     2.523606378200000
40.15000000     2.522753302780000
40.17500000     2.521905111650000
40.20000000     2.521061793410000
40.22500000     2.520223333700000
40.25000000     2.519389713920000
40.27500000     2.518560910970000
40.30000000     2.517736898120000
40.32500000     2.516917646500000
40.35000000     2.516103126910000
40.37500000     2.515293311330000
40.40000000     2.514488174000000
40.42500000     2.513687691670000
40.45000000     2.512891843410000
40.47500000     2.512100609780000
40.50000000     2.511313972000000
40.52500000     2.510531911140000
40.55000000     2.509754407630000
40.57500000     2.508981441130000
40.60000000     2.508212990770000
40.62500000     2.507449035540000
40.65000000     2.506689554710000
40.67500000     2.505934528170000
40.70000000     2.505183936530000
40.72500000     2.504437760900000
40.75000000     2.503695982610000
40.77500000     2.502958582750000
40.80000000     2.502225541910000
40.82500000     2.501496839960000
40.85000000     2.500772456240000
40.87500000     2.500052369860000
40.90000000     2.499336560260000
40.92500000     2.498625007620000
40.95000000     2.497917693250000
40.97500000     2.497214599610000
41.00000000     2.496515710010000
41.02500000     2.495821007980000
41.05000000     2.495130476390000
41.07500000     2.494444096520000
41.10000000     2.493761847300000
41.12500000     2.493083704750000
41.15000000     2.492409641950000
41.17500000     2.491739629350000
41.20000000     2.491073635530000
41.22500000     2.490411628140000
41.25000000     2.489753575000000
41.27500000     2.489099445090000
41.30000000     2.488449209330000
41.32500000     2.487802841100000
41.35000000     2.487160316510000
41.37500000     2.486521614350000
41.40000000     2.485886715930000
41.42500000     2.485255604770000
41.45000000     2.484628266250000
41.47500000     2.484004687260000
41.50000000     2.483384855780000
41.52500000     2.482768760510000
41.55000000     2.482156390430000
41.57500000     2.481547734400000
41.60000000     2.480942780720000
41.62500000     2.480341516830000
41.65000000     2.479743929090000
41.67500000     2.479150002740000
41.70000000     2.478559721970000
41.72500000     2.477973070280000
41.75000000     2.477390030800000
41.77500000     2.476810586700000
41.80000000     2.476234721560000
41.82500000     2.475662419560000
41.85000000     2.475093665420000
41.87500000     2.474528444270000
41.90000000     2.473966741150000
41.92500000     2.473408540450000
41.95000000     2.472853825320000
41.97500000     2.472302577030000
42.00000000     2.471754774570000
42.02500000     2.471210394280000
42.05000000     2.470669409950000
42.07500000     2.470131793000000
42.10000000     2.469597512960000
42.12500000     2.469066538250000
42.15000000     2.468538837010000
42.17500000     2.468014378060000
42.20000000     2.467493131910000
42.22500000     2.466975071580000
42.25000000     2.466460173400000
42.27500000     2.465948417480000
42.30000000     2.465439787880000
42.32500000     2.464934272530000
42.35000000     2.464431862670000
42.37500000     2.463932552030000
42.40000000     2.463436335780000
42.42500000     2.462943209210000
42.45000000     2.462453166400000
42.47500000     2.461966199070000
42.50000000     2.461482295500000
42.52500000     2.461001439990000
42.55000000     2.460523612630000
42.57500000     2.460048789650000
42.60000000     2.459576944140000
42.62500000     2.459108047230000
42.65000000     2.458642069390000
42.67500000     2.458178981960000
42.70000000     2.457718758400000
42.72500000     2.457261375400000
42.75000000     2.456806813560000
42.77500000     2.456355057580000
42.80000000     2.455906096020000
42.82500000     2.455459920550000
42.85000000     2.455016524930000
42.87500000     2.454575903840000
42.90000000     2.454138051540000
42.92500000     2.453702960800000
42.95000000     2.453270621970000
42.97500000     2.452841022460000
43.00000000     2.452414146530000
43.02500000     2.451989975520000
43.05000000     2.451568488350000
43.07500000     2.451149662230000
43.10000000     2.450733473560000
43.12500000     2.450319898790000
43.15000000     2.449908915200000
43.17500000     2.449500501480000
43.20000000     2.449094638210000
43.22500000     2.448691307930000
43.25000000     2.448290495180000
43.27500000     2.447892186190000
43.30000000     2.447496368560000
43.32500000     2.447103030820000
43.35000000     2.446712161970000
43.37500000     2.446323751090000
43.40000000     2.445937787030000
43.42500000     2.445554258120000
43.45000000     2.445173152090000
43.47500000     2.444794455950000
43.50000000     2.444418156030000
43.52500000     2.444044238030000
43.55000000     2.443672687040000
43.57500000     2.443303487620000
43.60000000     2.442936623850000
43.62500000     2.442572079290000
43.65000000     2.442209837050000
43.67500000     2.441849879720000
43.70000000     2.441492189390000
43.72500000     2.441136747690000
43.75000000     2.440783535830000
43.77500000     2.440432534750000
43.80000000     2.440083725340000
43.82500000     2.439737088880000
43.85000000     2.439392608000000
43.87500000     2.439050269860000
43.90000000     2.438710076790000
43.92500000     2.438372085710000
43.95000000     2.438036555710000
43.97500000     2.437704506680000
44.00000000     2.437379843980000
44.02500000     2.437077596000000
44.05000000     2.436853426550000
44.07500000     2.436951266990000
44.10000000     2.438190527150000
44.12500000     2.443757221040000
44.15000000     2.464812554850000
44.17500000     2.537294892900000
44.20000000     2.628371333290000
44.22500000     2.627873616750000
44.25000000     2.577482744660000
44.27500000     2.519381190430000
44.30000000     2.485059665240000
44.32500000     2.468980866300000
44.35000000     2.462123014820000
44.37500000     2.459235406150000
44.40000000     2.457952805440000
44.42500000     2.457301886030000
44.45000000     2.456895955660000
44.47500000     2.456583574930000
44.50000000     2.456306280270000
44.52500000     2.456042673760000
44.55000000     2.455786409210000
44.57500000     2.455537016680000
44.60000000     2.455295573460000
44.62500000     2.455062487640000
44.65000000     2.454836644020000
44.67500000     2.454615745790000
44.70000000     2.454397672650000
44.72500000     2.454182478930000
44.75000000     2.453973754560000
44.77500000     2.453779492070000
44.80000000     2.453622234390000
44.82500000     2.453506219490000
44.85000000     2.453464268330000
44.87500000     2.453512824120000
44.90000000     2.453680356770000
44.92500000     2.454019884710000
44.95000000     2.454610257640000
44.97500000     2.455582581160000
45.00000000     2.457145699950000
45.02500000     2.459600078910000
45.05000000     2.463304446800000
45.07500000     2.468509433560000
45.10000000     2.475001530470000
45.12500000     2.481659914960000
45.15000000     2.485097438430000
45.17500000     2.484631826590000
45.20000000     2.481541663860000
45.22500000     2.476474701830000
45.25000000     2.471299989170000
45.27500000     2.466977982620000
45.30000000     2.463738917790000
45.32500000     2.461388652570000
45.35000000     2.459598078070000
45.37500000     2.458068933760000
45.40000000     2.456602966060000
45.42500000     2.455112502100000
45.45000000     2.453598016410000
45.47500000     2.452112115360000
45.50000000     2.450725982290000
45.52500000     2.449507946880000
45.55000000     2.448507990800000
45.57500000     2.447759808460000
45.60000000     2.447434780100000
45.62500000     2.447423572500000
45.65000000     2.447726988720000
45.67500000     2.448423954870000
45.70000000     2.449493597720000
45.72500000     2.450842989220000
45.75000000     2.452289589080000
45.77500000     2.453534193020000
45.80000000     2.454023549600000
45.82500000     2.453802996550000
45.85000000     2.453063299550000
45.87500000     2.451793583350000
45.90000000     2.450428897470000
45.92500000     2.449745274020000
45.95000000     2.451328998040000
45.97500000     2.458789540220000
46.00000000     2.481761151060000
46.02500000     2.538828010420000
46.05000000     2.586117714780000
46.07500000     2.581534901740000
46.10000000     2.545185787850000
46.12500000     2.505559048180000
46.15000000     2.481482780680000
46.17500000     2.471953706510000
46.20000000     2.472954205010000
46.22500000     2.482632750230000
46.25000000     2.504760318980000
46.27500000     2.538936789150000
46.30000000     2.554225855550000
46.32500000     2.548599412290000
46.35000000     2.527062071900000
46.37500000     2.504655273250000
46.40000000     2.490075598670000
46.42500000     2.486597605110000
46.45000000     2.489392094790000
46.47500000     2.498609986490000
46.50000000     2.512015639790000
46.52500000     2.521656780610000
46.55000000     2.521761937490000
46.57500000     2.516279950800000
46.60000000     2.507373295070000
46.62500000     2.499900040020000
46.65000000     2.497176011280000
46.67500000     2.497486500530000
46.70000000     2.499865173920000
46.72500000     2.502727484980000
46.75000000     2.503797755580000
46.77500000     2.503293512520000
46.80000000     2.501550458460000
46.82500000     2.499304654980000
46.85000000     2.497400755950000
46.87500000     2.496326409000000
46.90000000     2.496002407660000
46.92500000     2.495918815490000
46.95000000     2.495756071990000
46.97500000     2.495388837610000
47.00000000     2.494669292940000
47.02500000     2.493691625490000
47.05000000     2.492683062210000
47.07500000     2.491824331180000
47.10000000     2.491183841900000
47.12500000     2.490705336490000
47.15000000     2.490262369190000
47.17500000     2.489743886160000
47.20000000     2.489113497480000
47.22500000     2.488409841490000
47.25000000     2.487703298530000
47.27500000     2.487048275110000
47.30000000     2.486459571730000
47.32500000     2.485917486590000
47.35000000     2.485389177360000
47.37500000     2.484849511500000
47.40000000     2.484290666620000
47.42500000     2.483719616010000
47.45000000     2.483149473330000
47.47500000     2.482591506040000
47.50000000     2.482051439970000
47.52500000     2.481530146650000
47.55000000     2.481027060450000
47.57500000     2.480544891610000
47.60000000     2.480095892280000
47.62500000     2.479711317130000
47.65000000     2.479474412810000
47.67500000     2.479561429160000
47.70000000     2.480346758830000
47.72500000     2.482762726880000
47.75000000     2.488869221630000
47.77500000     2.502951172010000
47.80000000     2.532632211800000
47.82500000     2.586171885890000
47.85000000     2.642618408720000
47.87500000     2.644140769490000
47.90000000     2.611129199900000
47.92500000     2.563978521920000
47.95000000     2.529328710990000
47.97500000     2.510202695100000
48.00000000     2.502413416730000
48.02500000     2.502815172000000
48.05000000     2.509304448170000
48.07500000     2.522646854910000
48.10000000     2.542440754020000
48.12500000     2.565434103320000
48.15000000     2.578739047470000
48.17500000     2.576728675430000
48.20000000     2.563874664300000
48.22500000     2.546915554930000
48.25000000     2.533447311940000
48.27500000     2.525624499700000
48.30000000     2.524366457390000
48.32500000     2.526321640010000
48.35000000     2.530814122840000
48.37500000     2.535871550490000
48.40000000     2.539321792560000
48.42500000     2.540077933190000
48.45000000     2.538463144380000
48.47500000     2.535685338990000
48.50000000     2.532388897380000
48.52500000     2.529885870690000
48.55000000     2.528755297830000
48.57500000     2.528879344250000
48.60000000     2.529330382910000
48.62500000     2.529599583970000
48.65000000     2.529581587920000
48.67500000     2.529282902970000
48.70000000     2.528754404700000
48.72500000     2.528015136630000
48.75000000     2.526976883740000
48.77500000     2.525709727110000
48.80000000     2.524549046090000
48.82500000     2.523368347360000
48.85000000     2.522154762840000
48.87500000     2.520967388870000
48.90000000     2.519800064920000
48.92500000     2.518588207210000
48.95000000     2.517281578250000
48.97500000     2.515888809520000
49.00000000     2.514472911780000
49.02500000     2.513111415740000
49.05000000     2.511852611360000
49.07500000     2.510707046640000
49.10000000     2.509665988680000
49.12500000     2.508723724110000
49.15000000     2.507893600550000
49.17500000     2.507207200180000
49.20000000     2.506716228160000
49.22500000     2.506482829260000
49.25000000     2.506599351500000
49.27500000     2.507236685830000
49.30000000     2.509223718030000
49.32500000     2.513912398610000
49.35000000     2.522728870770000
49.37500000     2.539425419110000
49.40000000     2.568922634280000
49.42500000     2.615465175720000
49.45000000     2.674924503990000
49.47500000     2.697730264970000
49.50000000     2.684978682560000
49.52500000     2.643560251540000
49.55000000     2.604130265470000
49.57500000     2.578762929890000
49.60000000     2.566705693210000
49.62500000     2.565687742850000
49.65000000     2.571885918970000
49.67500000     2.583085693390000
49.70000000     2.595725415460000
49.72500000     2.604422394390000
49.75000000     2.605480256490000
49.77500000     2.599720609330000
49.80000000     2.591475125930000
49.82500000     2.583562760600000
49.85000000     2.577449895390000
49.87500000     2.573944513420000
49.90000000     2.572278419300000
49.92500000     2.572857635450000
49.95000000     2.575642491570000
49.97500000     2.577623361360000
50.00000000     2.578967413840000
50.02500000     2.579711742750000
50.05000000     2.580123809480000
50.07500000     2.580251398300000
50.10000000     2.580048964140000
50.12500000     2.579568259450000
50.15000000     2.578953571300000
50.17500000     2.578280649820000
50.20000000     2.577560591150000
50.22500000     2.576743187510000
50.25000000     2.575788362190000
50.27500000     2.574668263800000
50.30000000     2.573330057460000
50.32500000     2.571870632910000
50.35000000     2.570597821270000
50.37500000     2.569377235040000
50.40000000     2.568155688550000
50.42500000     2.566950098430000
50.45000000     2.565764851540000
50.47500000     2.564596927240000
50.50000000     2.563443246330000
50.52500000     2.562299047980000
50.55000000     2.561156123440000
50.57500000     2.560004090160000
50.60000000     2.558834057010000
50.62500000     2.557640906290000
50.65000000     2.556422614860000
50.67500000     2.555178331000000
50.70000000     2.553907765590000
50.72500000     2.552612697200000
50.75000000     2.551298717820000
50.77500000     2.549975241150000
50.80000000     2.548653604180000
50.82500000     2.547344956750000
50.85000000     2.546059684590000
50.87500000     2.544808219930000
50.90000000     2.543601877750000
50.92500000     2.542453334250000
50.95000000     2.541377958180000
50.97500000     2.540395422130000
51.00000000     2.539528640760000
51.02500000     2.538801981100000
51.05000000     2.538240313180000
51.07500000     2.537865745150000
51.10000000     2.537689047570000
51.12500000     2.537797824880000
51.15000000     2.538327454300000
51.17500000     2.539397034500000
51.20000000     2.541078639770000
51.22500000     2.543343801790000
51.25000000     2.546457636110000
51.27500000     2.551144740320000
51.30000000     2.557150449180000
51.32500000     2.564632352850000
51.35000000     2.573456216470000
51.37500000     2.583011085360000
51.40000000     2.592228864660000
51.42500000     2.599775968800000
51.45000000     2.604683465090000
51.47500000     2.606480692450000
51.50000000     2.605621276870000
51.52500000     2.603464031590000
51.55000000     2.601039698160000
51.57500000     2.599372835740000
51.60000000     2.598722891320000
51.62500000     2.598257612510000
51.65000000     2.598699955350000
51.67500000     2.599881956000000
51.70000000     2.601418508450000
51.72500000     2.602868078040000
51.75000000     2.603964917590000
51.77500000     2.604638213890000
51.80000000     2.604910438980000
51.82500000     2.604878747510000
51.85000000     2.604678163070000
51.87500000     2.604355940250000
51.90000000     2.603884685930000
51.92500000     2.603256406260000
51.95000000     2.602490190390000
51.97500000     2.601593513040000
52.00000000     2.600568611770000
52.02500000     2.599443010910000
52.05000000     2.598252286060000
52.07500000     2.597033927460000
52.10000000     2.595813053990000
52.12500000     2.594619494430000
52.15000000     2.593461572050000
52.17500000     2.592340059120000
52.20000000     2.591254884690000
52.22500000     2.590204832710000
52.25000000     2.589189841020000
52.27500000     2.588207023470000
52.30000000     2.587254530290000
52.32500000     2.586331344550000
52.35000000     2.585431247950000
52.37500000     2.584547272780000
52.40000000     2.583669806150000
52.42500000     2.582798293950000
52.45000000     2.581923847140000
52.47500000     2.581008719550000
52.50000000     2.580065550440000
52.52500000     2.579126015380000
52.55000000     2.578202264380000
52.57500000     2.577260090720000
52.60000000     2.576284028580000
52.62500000     2.575276847060000
52.65000000     2.574253334110000
52.67500000     2.573215938830000
52.70000000     2.572163341700000
52.72500000     2.571100499860000
52.75000000     2.570032595930000
52.77500000     2.568962534230000
52.80000000     2.567891485610000
52.82500000     2.566821282900000
52.85000000     2.565756456700000
52.87500000     2.564704591710000
52.90000000     2.563675076640000
52.92500000     2.562677107920000
52.95000000     2.561718395550000
52.97500000     2.560805994210000
53.00000000     2.559948390360000
53.02500000     2.559156809130000
53.05000000     2.558445120050000
53.07500000     2.557830275660000
53.10000000     2.557332389500000
53.12500000     2.556977330640000
53.15000000     2.556799093960000
53.17500000     2.556824862780000
53.20000000     2.557112536750000
53.22500000     2.557744748900000
53.25000000     2.558775666360000
53.27500000     2.560356960560000
53.30000000     2.562762639010000
53.32500000     2.565817726350000
53.35000000     2.569782508730000
53.37500000     2.574828636420000
53.40000000     2.581041236650000
53.42500000     2.588287029720000
53.45000000     2.596180352400000
53.47500000     2.604090912810000
53.50000000     2.611198906560000
53.52500000     2.616699214190000
53.55000000     2.620081009970000
53.57500000     2.621243262480000
53.60000000     2.620609523810000
53.62500000     2.618798773570000
53.65000000     2.616485491630000
53.67500000     2.614202262370000
53.70000000     2.612243148170000
53.72500000     2.610696918430000
53.75000000     2.609573073100000
53.77500000     2.608737560040000
53.80000000     2.607926099730000
53.82500000     2.606976116750000
53.85000000     2.605919751660000
53.87500000     2.604809380880000
53.90000000     2.603642188420000
53.92500000     2.602440083440000
53.95000000     2.601242792880000
53.97500000     2.600086856110000
54.00000000     2.598984853270000
54.02500000     2.597936454630000
54.05000000     2.596935412550000
54.07500000     2.595973966020000
54.10000000     2.595047533400000
54.12500000     2.594160373740000
54.15000000     2.593343759670000
54.17500000     2.592538898100000
54.20000000     2.591733578820000
54.22500000     2.590965092100000
54.25000000     2.590223752200000
54.27500000     2.589501522540000
54.30000000     2.588798513810000
54.32500000     2.588114448060000
54.35000000     2.587448526250000
54.37500000     2.586799975930000
54.40000000     2.586168054060000
54.42500000     2.585552653580000
54.45000000     2.584954980870000
54.47500000     2.584377077010000
54.50000000     2.583819695340000
54.52500000     2.583281740970000
54.55000000     2.582762916930000
54.57500000     2.582265256920000
54.60000000     2.581791404480000
54.62500000     2.581343408710000
54.65000000     2.580922748490000
54.67500000     2.580529478640000
54.70000000     2.580162521810000
54.72500000     2.579822334810000
54.75000000     2.579512666360000
54.77500000     2.579239434160000
54.80000000     2.579008734010000
54.82500000     2.578826065780000
54.85000000     2.578695882940000
54.87500000     2.578620723060000
54.90000000     2.578602078190000
54.92500000     2.578641831260000
54.95000000     2.578745316270000
54.97500000     2.578920943170000
55.00000000     2.579178316980000
55.02500000     2.579527638090000
55.05000000     2.579978053650000
55.07500000     2.580537940490000
55.10000000     2.581216467970000
55.12500000     2.582024871770000
55.15000000     2.582976703210000
55.17500000     2.584086268010000
55.20000000     2.585366721280000
55.22500000     2.586829844760000
55.25000000     2.588486299580000
55.27500000     2.590345762820000
55.30000000     2.592415853260000
55.32500000     2.594695948810000
55.35000000     2.597170379540000
55.37500000     2.599810031530000
55.40000000     2.602578267590000
55.42500000     2.605430429040000
55.45000000     2.608308269170000
55.47500000     2.611137851350000
55.50000000     2.613837296240000
55.52500000     2.616338823260000
55.55000000     2.618604737760000
55.57500000     2.620611002030000
55.60000000     2.622324170230000
55.62500000     2.623718657450000
55.65000000     2.624811743830000
55.67500000     2.625647505500000
55.70000000     2.626241984670000
55.72500000     2.626587332330000
55.75000000     2.626739547920000
55.77500000     2.626758522180000
55.80000000     2.626671262310000
55.82500000     2.626503001980000
55.85000000     2.626247499070000
55.87500000     2.625903768000000
55.90000000     2.625484694030000
55.92500000     2.624997912240000
55.95000000     2.624449000460000
55.97500000     2.623843058220000
56.00000000     2.623183719360000
56.02500000     2.622477400010000
56.05000000     2.621730922620000
56.07500000     2.620952114250000
56.10000000     2.620144705880000
56.12500000     2.619306744310000
56.15000000     2.618418614160000
56.17500000     2.617473357350000
56.20000000     2.616531376650000
56.22500000     2.615578695400000
56.25000000     2.614593202180000
56.27500000     2.613584939010000
56.30000000     2.612561737430000
56.32500000     2.611520506940000
56.35000000     2.610457855640000
56.37500000     2.609374525720000
56.40000000     2.608274224120000
56.42500000     2.607161339940000
56.45000000     2.606039144560000
56.47500000     2.604909091030000
56.50000000     2.603771613650000
56.52500000     2.602627849300000
56.55000000     2.601480489030000
56.57500000     2.600332851700000
56.60000000     2.599187236180000
56.62500000     2.598044468290000
56.65000000     2.596905100310000
56.67500000     2.595770763230000
56.70000000     2.594644163930000
56.72500000     2.593527904440000
56.75000000     2.592423520990000
56.77500000     2.591331581750000
56.80000000     2.590252474880000
56.82500000     2.589187042550000
56.85000000     2.588136716350000
56.87500000     2.587103363030000
56.90000000     2.586089070660000
56.92500000     2.585095895540000
56.95000000     2.584125565330000
56.97500000     2.583179324270000
57.00000000     2.582258066480000
57.02500000     2.581362658380000
57.05000000     2.580494130000000
57.07500000     2.579653571740000
57.10000000     2.578841890900000
57.12500000     2.578059726010000
57.15000000     2.577307634060000
57.17500000     2.576586372460000
57.20000000     2.575897051690000
57.22500000     2.575241091970000
57.25000000     2.574620069280000
57.27500000     2.574035540900000
57.30000000     2.573488875630000
57.32500000     2.572981126160000
57.35000000     2.572513003490000
57.37500000     2.572084970090000
57.40000000     2.571697392990000
57.42500000     2.571350667560000
57.45000000     2.571045312120000
57.47500000     2.570781792770000
57.50000000     2.570560290450000
57.52500000     2.570381449070000
57.55000000     2.570246682670000
57.57500000     2.570157958680000
57.60000000     2.570112107970000
57.62500000     2.570099851280000
57.65000000     2.570125256760000
57.67500000     2.570197057930000
57.70000000     2.570307641850000
57.72500000     2.570450257590000
57.75000000     2.570621585690000
57.77500000     2.570818146830000
57.80000000     2.571035734260000
57.82500000     2.571269172470000
57.85000000     2.571513397180000
57.87500000     2.571763347300000
57.90000000     2.572013451040000
57.92500000     2.572257161800000
57.95000000     2.572488520930000
57.97500000     2.572702920220000
58.00000000     2.572895452500000
58.02500000     2.573062061720000
58.05000000     2.573198232620000
58.07500000     2.573299298470000
58.10000000     2.573361377180000
58.12500000     2.573381677460000
58.15000000     2.573359632250000
58.17500000     2.573295687000000
58.20000000     2.573190469670000
58.22500000     2.573044587640000
58.25000000     2.572858287880000
58.27500000     2.572631801680000
58.30000000     2.572365529370000
58.32500000     2.572059703320000
58.35000000     2.571715421970000
58.37500000     2.571335475930000
58.40000000     2.570923270730000
58.42500000     2.570481771640000
58.45000000     2.570013417040000
58.47500000     2.569520127890000
58.50000000     2.569003310510000
58.52500000     2.568464185250000
58.55000000     2.567904197630000
58.57500000     2.567325103590000
58.60000000     2.566728727660000
58.62500000     2.566116708140000
58.65000000     2.565490448140000
58.67500000     2.564851216030000
58.70000000     2.564200209300000
58.72500000     2.563538501790000
58.75000000     2.562867014040000
58.77500000     2.562186674180000
58.80000000     2.561498625880000
58.82500000     2.560804104000000
58.85000000     2.560103948780000
58.87500000     2.559398358080000
58.90000000     2.558687367000000
58.92500000     2.557971584130000
58.95000000     2.557252299240000
58.97500000     2.556530926990000
59.00000000     2.555808538350000
59.02500000     2.555085842480000
59.05000000     2.554363292610000
59.07500000     2.553641061500000
59.10000000     2.552919054280000
59.12500000     2.552197135480000
59.15000000     2.551475451350000
59.17500000     2.550754593910000
59.20000000     2.550035496800000
59.22500000     2.549319187690000
59.25000000     2.548606593040000
59.27500000     2.547898431120000
59.30000000     2.547195104890000
59.32500000     2.546496614560000
59.35000000     2.545802624920000
59.37500000     2.545112706510000
59.40000000     2.544426602500000
59.42500000     2.543744389210000
59.45000000     2.543066497370000
59.47500000     2.542393590240000
59.50000000     2.541726329700000
59.52500000     2.541065161560000
59.55000000     2.540410273060000
59.57500000     2.539761730130000
59.60000000     2.539119644310000
59.62500000     2.538484232750000
59.65000000     2.537855773540000
59.67500000     2.537234545480000
59.70000000     2.536620809070000
59.72500000     2.536014817650000
59.75000000     2.535416831320000
59.77500000     2.534827129480000
59.80000000     2.534246024130000
59.82500000     2.533673857340000
59.85000000     2.533110962700000
59.87500000     2.532557605070000
59.90000000     2.532013953070000
59.92500000     2.531480131610000
59.95000000     2.530956338090000
59.97500000     2.530442939890000
60.00000000     2.529940467590000
60.02500000     2.529449492810000
60.05000000     2.528970469820000
60.07500000     2.528503650690000
60.10000000     2.528049142630000
60.12500000     2.527607075610000
60.15000000     2.527177739210000
60.17500000     2.526761596730000
60.20000000     2.526359269780000
60.22500000     2.525971545030000
60.25000000     2.525599234160000
60.27500000     2.525242877840000
60.30000000     2.524902670200000
60.32500000     2.524578806760000
60.35000000     2.524271886330000
60.37500000     2.523982945210000
60.40000000     2.523713189610000
60.42500000     2.523463744280000
60.45000000     2.523235548950000
60.47500000     2.523029340950000
60.50000000     2.522845634270000
60.52500000     2.522684597260000
60.55000000     2.522545801420000
60.57500000     2.522428266920000
60.60000000     2.522332071990000
60.62500000     2.522263716070000
60.65000000     2.522235527680000
60.67500000     2.522240898890000
60.70000000     2.522267601630000
60.72500000     2.522320921330000
60.75000000     2.522413761350000
60.77500000     2.522531464810000
60.80000000     2.522681738050000
60.82500000     2.522866319200000
60.85000000     2.523083879870000
60.87500000     2.523334146500000
60.90000000     2.523616657490000
60.92500000     2.523930513140000
60.95000000     2.524274349930000
60.97500000     2.524645976010000
61.00000000     2.525042252890000
61.02500000     2.525459407020000
61.05000000     2.525893384950000
61.07500000     2.526339843240000
61.10000000     2.526793875450000
61.12500000     2.527249951770000
61.15000000     2.527702259560000
61.17500000     2.528145123760000
61.20000000     2.528573170130000
61.22500000     2.528981286100000
61.25000000     2.529364628880000
61.27500000     2.529718767110000
61.30000000     2.530039863030000
61.32500000     2.530324806090000
61.35000000     2.530571276580000
61.37500000     2.530777755660000
61.40000000     2.530943528710000
61.42500000     2.531068715460000
61.45000000     2.531154249980000
61.47500000     2.531201690290000
61.50000000     2.531212247070000
61.52500000     2.531188340320000
61.55000000     2.531131085590000
61.57500000     2.531042105580000
61.60000000     2.530923434850000
61.62500000     2.530777340990000
61.65000000     2.530605946290000
61.67500000     2.530411015710000
61.70000000     2.530194091210000
61.72500000     2.529956658160000
61.75000000     2.529700303740000
61.77500000     2.529426708900000
61.80000000     2.529137448220000
61.82500000     2.528833835500000
61.85000000     2.528516991660000
61.87500000     2.528188028920000
61.90000000     2.527848178340000
61.92500000     2.527498778880000
61.95000000     2.527141083460000
61.97500000     2.526775982130000
62.00000000     2.526403975060000
62.02500000     2.526025564880000
62.05000000     2.525641662600000
62.07500000     2.525253422700000
62.10000000     2.524861746750000
62.12500000     2.524467266730000
62.15000000     2.524070632530000
62.17500000     2.523672415680000
62.20000000     2.523273011130000
62.22500000     2.522872852000000
62.25000000     2.522472356950000
62.27500000     2.522071756420000
62.30000000     2.521671426510000
62.32500000     2.521272234050000
62.35000000     2.520875205600000
62.37500000     2.520481010120000
62.40000000     2.520089965560000
62.42500000     2.519702397730000
62.45000000     2.519318818050000
62.47500000     2.518939791600000
62.50000000     2.518565720410000
62.52500000     2.518196766770000
62.55000000     2.517832986160000
62.57500000     2.517474568550000
62.60000000     2.517121988340000
62.62500000     2.516775934280000
62.65000000     2.516437061770000
62.67500000     2.516105861030000
62.70000000     2.515782960000000
62.72500000     2.515469114030000
62.75000000     2.515164407320000
62.77500000     2.514868393660000
62.80000000     2.514581807470000
62.82500000     2.514307289560000
62.85000000     2.514047049560000
62.87500000     2.513800106330000
62.90000000     2.513565197700000
62.92500000     2.513340494310000
62.95000000     2.513127538500000
62.97500000     2.512934062280000
63.00000000     2.512760178560000
63.02500000     2.512600402210000
63.05000000     2.512458521120000
63.07500000     2.512336096430000
63.10000000     2.512234441420000
63.12500000     2.512155211760000
63.15000000     2.512099768610000
63.17500000     2.512069550240000
63.20000000     2.512066168160000
63.22500000     2.512089394740000
63.25000000     2.512141633600000
63.27500000     2.512224943970000
63.30000000     2.512341410560000
63.32500000     2.512493189310000
63.35000000     2.512682367680000
63.37500000     2.512910764650000
63.40000000     2.513179885410000
63.42500000     2.513491093440000
63.45000000     2.513845738810000
63.47500000     2.514244965150000
63.50000000     2.514689302120000
63.52500000     2.515178458710000
63.55000000     2.515711475810000
63.57500000     2.516286846360000
63.60000000     2.516902179500000
63.62500000     2.517553601060000
63.65000000     2.518235485320000
63.67500000     2.518940731500000
63.70000000     2.519661212590000
63.72500000     2.520388023520000
63.75000000     2.521111592320000
63.77500000     2.521821907050000
63.80000000     2.522508904870000
63.82500000     2.523162896030000
63.85000000     2.523774973950000
63.87500000     2.524337460880000
63.90000000     2.524844353620000
63.92500000     2.525291604520000
63.95000000     2.525677121030000
63.97500000     2.526000555330000
64.00000000     2.526263047110000
64.02500000     2.526466972760000
64.05000000     2.526615613890000
64.07500000     2.526712808180000
64.10000000     2.526761776570000
64.12500000     2.526766402100000
64.15000000     2.526731524770000
64.17500000     2.526660233870000
64.20000000     2.526555973990000
64.22500000     2.526421529510000
64.25000000     2.526259237150000
64.27500000     2.526071263870000
64.30000000     2.525859670060000
64.32500000     2.525626447360000
64.35000000     2.525373530540000
64.37500000     2.525102638210000
64.40000000     2.524815829390000
64.42500000     2.524513641550000
64.45000000     2.524199808400000
64.47500000     2.523877282880000
64.50000000     2.523544392120000
64.52500000     2.523198552530000
64.55000000     2.522842919940000
64.57500000     2.522482431410000
64.60000000     2.522117435500000
64.62500000     2.521745916060000
64.65000000     2.521368065260000
64.67500000     2.520985951740000
64.70000000     2.520601092570000
64.72500000     2.520213990930000
64.75000000     2.519825047780000
64.77500000     2.519434980790000
64.80000000     2.519044548890000
64.82500000     2.518654261310000
64.85000000     2.518264392670000
64.87500000     2.517875182790000
64.90000000     2.517487001750000
64.92500000     2.517100369500000
64.95000000     2.516715879380000
64.97500000     2.516334148050000
65.00000000     2.515955827660000
65.02500000     2.515581592020000
65.05000000     2.515212036110000
65.07500000     2.514847578080000
65.10000000     2.514488498600000
65.12500000     2.514135096700000
65.15000000     2.513787784430000
65.17500000     2.513447011490000
65.20000000     2.513113131990000
65.22500000     2.512786413600000
65.25000000     2.512467219410000
65.27500000     2.512156170660000
65.30000000     2.511854093580000
65.32500000     2.511561777120000
65.35000000     2.511279774100000
65.37500000     2.511008140750000
65.40000000     2.510748592260000
65.42500000     2.510499335670000
65.45000000     2.510263322340000
65.47500000     2.510041059310000
65.50000000     2.509833317480000
65.52500000     2.509640778580000
65.55000000     2.509463940190000
65.57500000     2.509303267990000
65.60000000     2.509159362720000
65.62500000     2.509033013960000
65.65000000     2.508925172960000
65.67500000     2.508836918220000
65.70000000     2.508769438680000
65.72500000     2.508723938590000
65.75000000     2.508702112820000
65.77500000     2.508705064040000
65.80000000     2.508733051790000
65.82500000     2.508787405550000
65.85000000     2.508868722030000
65.87500000     2.508977434700000
65.90000000     2.509113839500000
65.92500000     2.509278250670000
65.95000000     2.509471103560000
65.97500000     2.509692885220000
66.00000000     2.509943857740000
66.02500000     2.510223532850000
66.05000000     2.510530188940000
66.07500000     2.510861007140000
66.10000000     2.511212829550000
66.12500000     2.511582697310000
66.15000000     2.511967539640000
66.17500000     2.512363457380000
66.20000000     2.512765488310000
66.22500000     2.513168066990000
66.25000000     2.513565624310000
66.27500000     2.513952801260000
66.30000000     2.514324313130000
66.32500000     2.514674857410000
66.35000000     2.514999327150000
66.37500000     2.515293235150000
66.40000000     2.515553053470000
66.42500000     2.515776274060000
66.45000000     2.515961253750000
66.47500000     2.516107061450000
66.50000000     2.516213463930000
66.52500000     2.516281120170000
66.55000000     2.516310392630000
66.57500000     2.516304339780000
66.60000000     2.516265605870000
66.62500000     2.516195988460000
66.65000000     2.516097273450000
66.67500000     2.515971136900000
66.70000000     2.515819522740000
66.72500000     2.515644683850000
66.75000000     2.515450234280000
66.77500000     2.515233257660000
66.80000000     2.515000387710000
66.82500000     2.514754709410000
66.85000000     2.514493671320000
66.87500000     2.514219019000000
66.90000000     2.513929909640000
66.92500000     2.513628939440000
66.95000000     2.513320408990000
66.97500000     2.513005952990000
67.00000000     2.512684666980000
67.02500000     2.512356285110000
67.05000000     2.512022130140000
67.07500000     2.511683658350000
67.10000000     2.511341651450000
67.12500000     2.510996717040000
67.15000000     2.510649654760000
67.17500000     2.510301179440000
67.20000000     2.509951738580000
67.22500000     2.509601833060000
67.25000000     2.509252393170000
67.27500000     2.508904696230000
67.30000000     2.508559907410000
67.32500000     2.508218722000000
67.35000000     2.507881411020000
67.37500000     2.507548160080000
67.40000000     2.507219396710000
67.42500000     2.506895903690000
67.45000000     2.506578708960000
67.47500000     2.506268861770000
67.50000000     2.505967234230000
67.52500000     2.505674459700000
67.55000000     2.505391043870000
67.57500000     2.505117585500000
67.60000000     2.504854978630000
67.62500000     2.504604481940000
67.65000000     2.504367629940000
67.67500000     2.504145298890000
67.70000000     2.503942188950000
67.72500000     2.503754536570000
67.75000000     2.503587031170000
67.77500000     2.503440827440000
67.80000000     2.503317670310000
67.82500000     2.503219817180000
67.85000000     2.503150112500000
67.87500000     2.503112433490000
67.90000000     2.503110744750000
67.92500000     2.503147692970000
67.95000000     2.503228662860000
67.97500000     2.503358866120000
68.00000000     2.503545280210000
68.02500000     2.503795656630000
68.05000000     2.504117454080000
68.07500000     2.504518570140000
68.10000000     2.505008849660000
68.12500000     2.505600425820000
68.15000000     2.506306393460000
68.17500000     2.507139058640000
68.20000000     2.508109139120000
68.22500000     2.509225665250000
68.25000000     2.510494993060000
68.27500000     2.511918111950000
68.30000000     2.513487278190000
68.32500000     2.515183521430000
68.35000000     2.516975441560000
68.37500000     2.518818911240000
68.40000000     2.520658021480000
68.42500000     2.522428574300000
68.45000000     2.524064800930000
68.47500000     2.525508079220000
68.50000000     2.526715271020000
68.52500000     2.527664704730000
68.55000000     2.528358580500000
68.57500000     2.528820902820000
68.60000000     2.529091074440000
68.62500000     2.529212611670000
68.65000000     2.529229983770000
68.67500000     2.529179863990000
68.70000000     2.529088149650000
68.72500000     2.528972303110000
68.75000000     2.528842054620000
68.77500000     2.528700782540000
68.80000000     2.528547403270000
68.82500000     2.528379803560000
68.85000000     2.528197098820000
68.87500000     2.527996279650000
68.90000000     2.527779022570000
68.92500000     2.527551222460000
68.95000000     2.527310428580000
68.97500000     2.527060879690000
69.00000000     2.526810088380000
69.02500000     2.526557049430000
69.05000000     2.526304892300000
69.07500000     2.526057581120000
69.10000000     2.525817539320000
69.12500000     2.525585967440000
69.15000000     2.525363785580000
69.17500000     2.525153519300000
69.20000000     2.524956715940000
69.22500000     2.524777798120000
69.25000000     2.524619086820000
69.27500000     2.524481375940000
69.30000000     2.524365875490000
69.32500000     2.524274990470000
69.35000000     2.524212596560000
69.37500000     2.524182200960000
69.40000000     2.524186976630000
69.42500000     2.524228167030000
69.45000000     2.524310677980000
69.47500000     2.524437840390000
69.50000000     2.524613612280000
69.52500000     2.524845175680000
69.55000000     2.525139415800000
69.57500000     2.525501037200000
69.60000000     2.525934425050000
69.62500000     2.526445206950000
69.65000000     2.527039584290000
69.67500000     2.527722813710000
69.70000000     2.528498614040000
69.72500000     2.529369305340000
69.75000000     2.530335355890000
69.77500000     2.531394090480000
69.80000000     2.532538426520000
69.82500000     2.533756255450000
69.85000000     2.535030499820000
69.87500000     2.536339678780000
69.90000000     2.537658663580000
69.92500000     2.538959344190000
69.95000000     2.540211585060000
69.97500000     2.541385301780000
70.00000000     2.542453576340000
70.02500000     2.543395386000000
70.05000000     2.544196866080000
70.07500000     2.544851674130000
70.10000000     2.545361346470000
70.12500000     2.545735145880000
70.15000000     2.545988346970000
70.17500000     2.546139231210000
70.20000000     2.546205914310000
70.22500000     2.546203551740000
70.25000000     2.546148409630000
70.27500000     2.546051763000000
70.30000000     2.545921797190000
70.32500000     2.545768400180000
70.35000000     2.545599162850000
70.37500000     2.545420183410000
70.40000000     2.545232251870000
70.42500000     2.545035647950000
70.45000000     2.544832844900000
70.47500000     2.544631208680000
70.50000000     2.544439428270000
70.52500000     2.544262059390000
70.55000000     2.544101390510000
70.57500000     2.543961347790000
70.60000000     2.543866055240000
70.62500000     2.543834660090000
70.65000000     2.543870909710000
70.67500000     2.544015360130000
70.70000000     2.544312821490000
70.72500000     2.544830668100000
70.75000000     2.545682402510000
70.77500000     2.547059887570000
70.80000000     2.549281969870000
70.82500000     2.552870185070000
70.85000000     2.558666396170000
70.87500000     2.567967552390000
70.90000000     2.582590660550000
70.92500000     2.604643314810000
70.95000000     2.635486566220000
70.97500000     2.673304802940000
71.00000000     2.710053397940000
71.02500000     2.731551982820000
71.05000000     2.730341478000000
71.07500000     2.713287595070000
71.10000000     2.691499128830000
71.12500000     2.673824605420000
71.15000000     2.663723677020000
71.17500000     2.662355789490000
71.20000000     2.666509237750000
71.22500000     2.673806830250000
71.25000000     2.681361203280000
71.27500000     2.687047090430000
71.30000000     2.689920650600000
71.32500000     2.690022444820000
71.35000000     2.688916146010000
71.37500000     2.687308873340000
71.40000000     2.686846861480000
71.42500000     2.687183981440000
71.45000000     2.688499419060000
71.47500000     2.690538054490000
71.50000000     2.692716490100000
71.52500000     2.694825885390000
71.55000000     2.696611250830000
71.57500000     2.697842269940000
71.60000000     2.698562967500000
71.62500000     2.699011650770000
71.65000000     2.699296775820000
71.67500000     2.699143904490000
71.70000000     2.698642806190000
71.72500000     2.697779006480000
71.75000000     2.696596823850000
71.77500000     2.695282663040000
71.80000000     2.694064436840000
71.82500000     2.693088852830000
71.85000000     2.692367250090000
71.87500000     2.692471442910000
71.90000000     2.693225720650000
71.92500000     2.694155887060000
71.95000000     2.695296884400000
71.97500000     2.696376767590000
72.00000000     2.697241445490000
72.02500000     2.697753595960000
72.05000000     2.697808149420000
72.07500000     2.697380523310000
72.10000000     2.696567362230000
72.12500000     2.695492162190000
72.15000000     2.694140151030000
72.17500000     2.692266682870000
72.20000000     2.690448829140000
72.22500000     2.688440690080000
72.25000000     2.686317639660000
72.27500000     2.684110152860000
72.30000000     2.681830655400000
72.32500000     2.679497343210000
72.35000000     2.677125729340000
72.37500000     2.674729751760000
72.40000000     2.672321146680000
72.42500000     2.669911398660000
72.45000000     2.667513775970000
72.47500000     2.665143320190000
72.50000000     2.662814374070000
72.52500000     2.660537825730000
72.55000000     2.658321161870000
72.57500000     2.656170762450000
72.60000000     2.654093938110000
72.62500000     2.652098391140000
72.65000000     2.650190092190000
72.67500000     2.648372058530000
72.70000000     2.646645213120000
72.72500000     2.645009570920000
72.75000000     2.643464909290000
72.77500000     2.642010632280000
72.80000000     2.640645795420000
72.82500000     2.639370042860000
72.85000000     2.638182031370000
72.87500000     2.637074238020000
72.90000000     2.636036418570000
72.92500000     2.635058538540000
72.95000000     2.634143089430000
72.97500000     2.633323625070000
73.00000000     2.632642261240000
73.02500000     2.631950397930000
73.05000000     2.631313269390000
73.07500000     2.630749952810000
73.10000000     2.630236417150000
73.12500000     2.629772670300000
73.15000000     2.629358795690000
73.17500000     2.628990954530000
73.20000000     2.628665776930000
73.22500000     2.628380302730000
73.25000000     2.628131803120000
73.27500000     2.627918073530000
73.30000000     2.627737331340000
73.32500000     2.627587999530000
73.35000000     2.627468611340000
73.37500000     2.627377714460000
73.40000000     2.627313777110000
73.42500000     2.627275230000000
73.45000000     2.627260653230000
73.47500000     2.627268891780000
73.50000000     2.627298987410000
73.52500000     2.627350068470000
73.55000000     2.627421141930000
73.57500000     2.627510959240000
73.60000000     2.627618192050000
73.62500000     2.627741537510000
73.65000000     2.627879779850000
73.67500000     2.628031830100000
73.70000000     2.628196401480000
73.72500000     2.628372246270000
73.75000000     2.628558188640000
73.77500000     2.628752872970000
73.80000000     2.628955509730000
73.82500000     2.629165044270000
73.85000000     2.629380491930000
73.87500000     2.629601047330000
73.90000000     2.629824555670000
73.92500000     2.630049739930000
73.95000000     2.630272501230000
73.97500000     2.630489275960000
74.00000000     2.630701234080000
74.02500000     2.630907099470000
74.05000000     2.631104943640000
74.07500000     2.631295023330000
74.10000000     2.631472256710000
74.12500000     2.631636673280000
74.15000000     2.631790595170000
74.17500000     2.631929837380000
74.20000000     2.632058510360000
74.22500000     2.632179184120000
74.25000000     2.632283465140000
74.27500000     2.632372430750000
74.30000000     2.632416945610000
74.32500000     2.632417544240000
74.35000000     2.632439031520000
74.37500000     2.632464609980000
74.40000000     2.632465587890000
74.42500000     2.632449897510000
74.45000000     2.632429442080000
74.47500000     2.632408084730000
74.50000000     2.632387433890000
74.52500000     2.632371090360000
74.55000000     2.632364369460000
74.57500000     2.632373106630000
74.60000000     2.632403238190000
74.62500000     2.632460921080000
74.65000000     2.632552875380000
74.67500000     2.632686854040000
74.70000000     2.632871860300000
74.72500000     2.633117896880000
74.75000000     2.633435522790000
74.77500000     2.633835691470000
74.80000000     2.634330000170000
74.82500000     2.634931016380000
74.85000000     2.635652434560000
74.87500000     2.636509031520000
74.90000000     2.637516475780000
74.92500000     2.638691113430000
74.95000000     2.640049967310000
74.97500000     2.641615271870000
75.00000000     2.643418027980000
75.02500000     2.645401460600000
75.05000000     2.647565466450000
75.07500000     2.650008492480000
75.10000000     2.652686881330000
75.12500000     2.655551647390000
75.15000000     2.658586731610000
75.17500000     2.661745633850000
75.20000000     2.664969802630000
75.22500000     2.668189844950000
75.25000000     2.671327750270000
75.27500000     2.674302793110000
75.30000000     2.677038418720000
75.32500000     2.679467692390000
75.35000000     2.681538760750000
75.37500000     2.683219413880000
75.40000000     2.684499906640000
75.42500000     2.685393920590000
75.45000000     2.685930550070000
75.47500000     2.686143756620000
75.50000000     2.686071199550000
75.52500000     2.685761562370000
75.55000000     2.685264581530000
75.57500000     2.684627302730000
75.60000000     2.683887426810000
75.62500000     2.683071105140000
75.65000000     2.682196380980000
75.67500000     2.681271647230000
75.70000000     2.680304005450000
75.72500000     2.679317377910000
75.75000000     2.678337299550000
75.77500000     2.677376009070000
75.80000000     2.676434070230000
75.82500000     2.675509562310000
75.85000000     2.674603034970000
75.87500000     2.673717575800000
75.90000000     2.672854855400000
75.92500000     2.672026210580000
75.95000000     2.671277461140000
75.97500000     2.670568516580000
76.00000000     2.669872459410000
76.02500000     2.669240359000000
76.05000000     2.668661913930000
76.07500000     2.668137706660000
76.10000000     2.667674188570000
76.12500000     2.667274298270000
76.15000000     2.666941590660000
76.17500000     2.666681038060000
76.20000000     2.666498694600000
76.22500000     2.666401622070000
76.25000000     2.666397689640000
76.27500000     2.666496186440000
76.30000000     2.666708328250000
76.32500000     2.667047956720000
76.35000000     2.667530967600000
76.37500000     2.668177476340000
76.40000000     2.669010268240000
76.42500000     2.670055136310000
76.45000000     2.671344340730000
76.47500000     2.672918300900000
76.50000000     2.674824494210000
76.52500000     2.677116432750000
76.55000000     2.679855833590000
76.57500000     2.683114301080000
76.60000000     2.686973587200000
76.62500000     2.691522523340000
76.65000000     2.696848071720000
76.67500000     2.703028005830000
76.70000000     2.710125341380000
76.72500000     2.718160369900000
76.75000000     2.727089034990000
76.77500000     2.736799365730000
76.80000000     2.747061956400000
76.82500000     2.757541900280000
76.85000000     2.767838760000000
76.87500000     2.777469590570000
76.90000000     2.785957267730000
76.92500000     2.792945857100000
76.95000000     2.798241729710000
76.97500000     2.801820127820000
77.00000000     2.803898148670000
77.02500000     2.804674742100000
77.05000000     2.804426622810000
77.07500000     2.803682589210000
77.10000000     2.802637765660000
77.12500000     2.801385172600000
77.15000000     2.799941043930000
77.17500000     2.798554395620000
77.20000000     2.797117720630000
77.22500000     2.795643052240000
77.25000000     2.794121124290000
77.27500000     2.792544421700000
77.30000000     2.790915559370000
77.32500000     2.789241156640000
77.35000000     2.787528753890000
77.37500000     2.785785897760000
77.40000000     2.784019734010000
77.42500000     2.782235701780000
77.45000000     2.780437823980000
77.47500000     2.778630851240000
77.50000000     2.776820215840000
77.52500000     2.775006938890000
77.55000000     2.773187397600000
77.57500000     2.771363309890000
77.60000000     2.769544318670000
77.62500000     2.767736348720000
77.65000000     2.765934307500000
77.67500000     2.764129472230000
77.70000000     2.762321087500000
77.72500000     2.760516627100000
77.75000000     2.758719843900000
77.77500000     2.756925340140000
77.80000000     2.755128486550000
77.82500000     2.753332781430000
77.85000000     2.751543320920000
77.87500000     2.749760309850000
77.90000000     2.747982501660000
77.92500000     2.746211803230000
77.95000000     2.744452353950000
77.97500000     2.742708577580000
78.00000000     2.740985117310000
78.02500000     2.739285844110000
78.05000000     2.737611567190000
78.07500000     2.735960081980000
78.10000000     2.734330313180000
78.12500000     2.732725161120000
78.15000000     2.731148221880000
78.17500000     2.729600457450000
78.20000000     2.728081402010000
78.22500000     2.726590672880000
78.25000000     2.725127565640000
78.27500000     2.723690512530000
78.30000000     2.722277324650000
78.32500000     2.720885812370000
78.35000000     2.719514149920000
78.37500000     2.718160699160000
78.40000000     2.716823685250000
78.42500000     2.715501290890000
78.45000000     2.714192056650000
78.47500000     2.712894966600000
78.50000000     2.711609021790000
78.52500000     2.710332783350000
78.55000000     2.709064394550000
78.57500000     2.707802044490000
78.60000000     2.706544418190000
78.62500000     2.705290788320000
78.65000000     2.704040794570000
78.67500000     2.702794204370000
78.70000000     2.701550822590000
78.72500000     2.700310529380000
78.75000000     2.699073358820000
78.77500000     2.697839449170000
78.80000000     2.696609001670000
78.82500000     2.695382353670000
78.85000000     2.694159889660000
78.87500000     2.692941969810000
78.90000000     2.691729117690000
78.92500000     2.690522066850000
78.95000000     2.689321550670000
78.97500000     2.688128231640000
79.00000000     2.686942814310000
79.02500000     2.685766091580000
79.05000000     2.684598905240000
79.07500000     2.683442087220000
79.10000000     2.682296426940000
79.12500000     2.681162819260000
79.15000000     2.680042413940000
79.17500000     2.678936398810000
79.20000000     2.677845761550000
79.22500000     2.676771468480000
79.25000000     2.675714681450000
79.27500000     2.674676578140000
79.30000000     2.673658066580000
79.32500000     2.672659892720000
79.35000000     2.671682902630000
79.37500000     2.670727981160000
79.40000000     2.669795970820000
79.42500000     2.668887875310000
79.45000000     2.668004960730000
79.47500000     2.667148578520000
79.50000000     2.666320021840000
79.52500000     2.665520475230000
79.55000000     2.664750914360000
79.57500000     2.664012096430000
79.60000000     2.663304803510000
79.62500000     2.662630099380000
79.65000000     2.661989247120000
79.67500000     2.661383455160000
79.70000000     2.660813851730000
79.72500000     2.660281546540000
79.75000000     2.659787558960000
79.77500000     2.659332811650000
79.80000000     2.658918153050000
79.82500000     2.658544320660000
79.85000000     2.658212042610000
79.87500000     2.657919032320000
79.90000000     2.657661036560000
79.92500000     2.657444591530000
79.95000000     2.657294973480000
79.97500000     2.657171748750000
