20.00000000     2.459502372020000
20.02500000     2.459496982150000
20.05000000     2.459491517030000
20.07500000     2.459485987170000
20.10000000     2.459480409850000
20.12500000     2.459474801890000
20.15000000     2.459469181730000
20.17500000     2.459463564290000
20.20000000     2.459457967890000
20.22500000     2.459452410060000
20.25000000     2.459446906150000
20.27500000     2.459441470080000
20.30000000     2.459436123790000
20.32500000     2.459430881140000
20.35000000     2.459425754250000
20.37500000     2.459420760890000
20.40000000     2.459415916850000
20.42500000     2.459411235110000
20.45000000     2.459406728500000
20.47500000     2.459402412330000
20.50000000     2.459398290960000
20.52500000     2.459394380080000
20.55000000     2.459390686340000
20.57500000     2.459387212790000
20.60000000     2.459383971180000
20.62500000     2.459380967960000
20.65000000     2.459378210280000
20.67500000     2.459375692600000
20.70000000     2.459373422300000
20.72500000     2.459371406230000
20.75000000     2.459369639720000
20.77500000     2.459368115580000
20.80000000     2.459366858120000
20.82500000     2.459365835480000
20.85000000     2.459365063280000
20.87500000     2.459364528170000
20.90000000     2.459364232870000
20.92500000     2.459364165560000
20.95000000     2.459364320030000
20.97500000     2.459364690870000
21.00000000     2.459365268200000
21.02500000     2.459366043480000
21.05000000     2.459367010360000
21.07500000     2.459368150220000
21.10000000     2.459369453540000
21.12500000     2.459370909220000
21.15000000     2.459372504020000
21.17500000     2.459374228740000
21.20000000     2.459376066740000
21.22500000     2.459378008650000
21.25000000     2.459380037750000
21.27500000     2.459382141650000
21.30000000     2.459384303540000
21.32500000     2.459386511110000
21.35000000     2.459388750080000
21.37500000     2.459391006510000
21.40000000     2.459393266040000
21.42500000     2.459395514920000
21.45000000     2.459397736470000
21.47500000     2.459399916560000
21.50000000     2.459402042580000
21.52500000     2.459404104120000
21.55000000     2.459406085710000
21.57500000     2.459407971900000
21.60000000     2.459409757810000
21.62500000     2.459411436130000
21.65000000     2.459412989390000
21.67500000     2.459414409930000
21.70000000     2.459415690080000
21.72500000     2.459416827120000
21.75000000     2.459417812450000
21.77500000     2.459418638630000
21.80000000     2.459419306540000
21.82500000     2.459419808380000
21.85000000     2.459420135510000
21.87500000     2.459420290340000
21.90000000     2.459420268090000
21.92500000     2.459420072200000
21.95000000     2.459419701450000
21.97500000     2.459419157710000
22.00000000     2.459418430320000
22.02500000     2.459417542400000
22.05000000     2.459416479590000
22.07500000     2.459415252100000
22.10000000     2.459413866240000
22.12500000     2.459412327460000
22.15000000     2.459410638600000
22.17500000     2.459408811390000
22.20000000     2.459406849270000
22.22500000     2.459404760680000
22.25000000     2.459402554500000
22.27500000     2.459400238360000
22.30000000     2.459397822870000
22.32500000     2.459395324400000
22.35000000     2.459392744180000
22.37500000     2.459390091120000
22.40000000     2.459387377260000
22.42500000     2.459384615600000
22.45000000     2.459381811050000
22.47500000     2.459378978780000
22.50000000     2.459376130570000
22.52500000     2.459373280420000
22.55000000     2.459370437780000
22.57500000     2.459367609510000
22.60000000     2.459364810390000
22.62500000     2.459362055170000
22.65000000     2.459359347400000
22.67500000     2.459356699770000
22.70000000     2.459354123880000
22.72500000     2.459351631320000
22.75000000     2.459349229820000
22.77500000     2.459346925450000
22.80000000     2.459344727120000
22.82500000     2.459342641100000
22.85000000     2.459340673840000
22.87500000     2.459338833350000
22.90000000     2.459337123890000
22.92500000     2.459335551870000
22.95000000     2.459334120530000
22.97500000     2.459332832370000
23.00000000     2.459331694340000
23.02500000     2.459330708180000
23.05000000     2.459329870500000
23.07500000     2.459329198550000
23.10000000     2.459328677450000
23.12500000     2.459328311010000
23.15000000     2.459328100860000
23.17500000     2.459328051800000
23.20000000     2.459328153250000
23.22500000     2.459328398970000
23.25000000     2.459328798530000
23.27500000     2.459329346800000
23.30000000     2.459330031770000
23.32500000     2.459330858010000
23.35000000     2.459331819090000
23.37500000     2.459332906800000
23.40000000     2.459334123520000
23.42500000     2.459335461020000
23.45000000     2.459336908840000
23.47500000     2.459338458590000
23.50000000     2.459340110350000
23.52500000     2.459341848690000
23.55000000     2.459343677240000
23.57500000     2.459345579270000
23.60000000     2.459347550410000
23.62500000     2.459349583840000
23.65000000     2.459351668750000
23.67500000     2.459353798020000
23.70000000     2.459355965650000
23.72500000     2.459358164720000
23.75000000     2.459360383230000
23.77500000     2.459362613340000
23.80000000     2.459364854320000
23.82500000     2.459367090370000
23.85000000     2.459369318870000
23.87500000     2.459371539760000
23.90000000     2.459373743470000
23.92500000     2.459375924590000
23.95000000     2.459378079740000
23.97500000     2.459380205000000
24.00000000     2.459382298680000
24.02500000     2.459384351040000
24.05000000     2.459386364920000
24.07500000     2.459388332930000
24.10000000     2.459390251910000
24.12500000     2.459392123720000
24.15000000     2.459393949170000
24.17500000     2.459395721910000
24.20000000     2.459397444210000
24.22500000     2.459399118300000
24.25000000     2.459400747310000
24.27500000     2.459402332370000
24.30000000     2.459403870180000
24.32500000     2.459405369610000
24.35000000     2.459406832350000
24.37500000     2.459408268370000
24.40000000     2.459409684220000
24.42500000     2.459411080240000
24.45000000     2.459412471690000
24.47500000     2.459413862020000
24.50000000     2.459415260360000
24.52500000     2.459416678000000
24.55000000     2.459418123130000
24.57500000     2.459419612740000
24.60000000     2.459421157910000
24.62500000     2.459422766430000
24.65000000     2.459424453750000
24.67500000     2.459426235990000
24.70000000     2.459428131490000
24.72500000     2.459430151870000
24.75000000     2.459432319970000
24.77500000     2.459434655550000
24.80000000     2.459437182000000
24.82500000     2.459439917990000
24.85000000     2.459442880040000
24.87500000     2.459446100270000
24.90000000     2.459449597240000
24.92500000     2.459453401030000
24.95000000     2.459457537230000
24.97500000     2.459462035190000
25.00000000     2.459466926520000
25.02500000     2.459472242150000
25.05000000     2.459478020200000
25.07500000     2.459484289890000
25.10000000     2.459491091680000
25.12500000     2.459498466440000
25.15000000     2.459506456370000
25.17500000     2.459515103540000
25.20000000     2.459524460280000
25.22500000     2.459534568160000
25.25000000     2.459545484570000
25.27500000     2.459557276160000
25.30000000     2.459569994860000
25.32500000     2.459583701640000
25.35000000     2.459598468700000
25.37500000     2.459614373930000
25.40000000     2.459631494310000
25.42500000     2.459649904000000
25.45000000     2.459669703350000
25.47500000     2.459690984440000
25.50000000     2.459713838760000
25.52500000     2.459738385620000
25.55000000     2.459764742200000
25.57500000     2.459793019690000
25.60000000     2.459823348110000
25.62500000     2.459855869960000
25.65000000     2.459890737340000
25.67500000     2.459928110810000
25.70000000     2.459968145990000
25.72500000     2.460011030500000
25.75000000     2.460056963120000
25.77500000     2.460106148000000
25.80000000     2.460158796070000
25.82500000     2.460215149710000
25.85000000     2.460275459960000
25.87500000     2.460339986880000
25.90000000     2.460409028240000
25.92500000     2.460482891850000
25.95000000     2.460561906410000
25.97500000     2.460646407460000
26.00000000     2.460736781850000
26.02500000     2.460833428670000
26.05000000     2.460936765120000
26.07500000     2.461047239010000
26.10000000     2.461165327530000
26.12500000     2.461291551870000
26.15000000     2.461426467930000
26.17500000     2.461570646510000
26.20000000     2.461724723540000
26.22500000     2.461889334730000
26.25000000     2.462065184200000
26.27500000     2.462253005410000
26.30000000     2.462453593150000
26.32500000     2.462667812460000
26.35000000     2.462896548930000
26.37500000     2.463140834040000
26.40000000     2.463401688550000
26.42500000     2.463680239400000
26.45000000     2.463977634750000
26.47500000     2.464295083690000
26.50000000     2.464633943460000
26.52500000     2.464995613970000
26.55000000     2.465381559350000
26.57500000     2.465793428140000
26.60000000     2.466232987680000
26.62500000     2.466702051260000
26.65000000     2.467202497600000
26.67500000     2.467736408800000
26.70000000     2.468306006050000
26.72500000     2.468913579500000
26.75000000     2.469561490560000
26.77500000     2.470252287150000
26.80000000     2.470988726110000
26.82500000     2.471773976220000
26.85000000     2.472611302130000
26.87500000     2.473504084980000
26.90000000     2.474456016630000
26.92500000     2.475471046440000
26.95000000     2.476553014520000
26.97500000     2.477706156510000
27.00000000     2.478934984030000
27.02500000     2.480244237380000
27.05000000     2.481639022090000
27.07500000     2.483124678450000
27.10000000     2.484707018050000
27.12500000     2.486392197590000
27.15000000     2.488186546090000
27.17500000     2.490096869100000
27.20000000     2.492130252390000
27.22500000     2.494293886160000
27.25000000     2.496595463290000
27.27500000     2.499043645350000
27.30000000     2.501647021550000
27.32500000     2.504414449470000
27.35000000     2.507355610090000
27.37500000     2.510480745230000
27.40000000     2.513800108990000
27.42500000     2.517324882110000
27.45000000     2.521067105210000
27.47500000     2.525038856750000
27.50000000     2.529253024950000
27.52500000     2.533723113940000
27.55000000     2.538462884680000
27.57500000     2.543486841000000
27.60000000     2.548810708450000
27.62500000     2.554450331420000
27.65000000     2.560421606360000
27.67500000     2.566741120280000
27.70000000     2.573426357320000
27.72500000     2.580495640070000
27.75000000     2.587967654990000
27.77500000     2.595861179030000
27.80000000     2.604195211650000
27.82500000     2.612989408480000
27.85000000     2.622263595100000
27.87500000     2.632038265390000
27.90000000     2.642333557170000
27.92500000     2.653169429720000
27.95000000     2.664565433350000
27.97500000     2.676541025650000
28.00000000     2.689115219650000
28.02500000     2.702306403890000
28.05000000     2.716131949800000
28.07500000     2.730608124000000
28.10000000     2.745749741240000
28.12500000     2.761570211720000
28.15000000     2.778080900810000
28.17500000     2.795291153810000
28.20000000     2.813207417100000
28.22500000     2.831833534490000
28.25000000     2.851169797680000
28.27500000     2.871212923030000
28.30000000     2.891955523240000
28.32500000     2.913385783240000
28.35000000     2.935487082740000
28.37500000     2.958237391920000
28.40000000     2.981609182390000
28.42500000     3.005568899590000
28.45000000     3.030076594800000
28.47500000     3.055085694160000
28.50000000     3.080542686240000
28.52500000     3.106386979830000
28.55000000     3.132550840030000
28.57500000     3.158959312530000
28.60000000     3.185530235050000
28.62500000     3.212174423270000
28.65000000     3.238795881240000
28.67500000     3.265292250760000
28.70000000     3.291555271470000
28.72500000     3.317471401530000
28.75000000     3.342922568090000
28.77500000     3.367786939980000
28.80000000     3.391940009790000
28.82500000     3.415255629220000
28.85000000     3.437607137020000
28.87500000     3.458868630170000
28.90000000     3.478916211730000
28.92500000     3.497629432650000
28.95000000     3.514892700920000
28.97500000     3.530596555920000
29.00000000     3.544638698030000
29.02500000     3.556924850920000
29.05000000     3.567369969360000
29.07500000     3.575900908020000
29.10000000     3.582460954750000
29.12500000     3.587012153890000
29.15000000     3.589526360760000
29.17500000     3.589988441440000
29.20000000     3.588268462970000
29.22500000     3.584416162230000
29.25000000     3.578415663940000
29.27500000     3.570366018120000
29.30000000     3.560437385450000
29.32500000     3.548798217580000
29.35000000     3.535543146940000
29.37500000     3.520719288660000
29.40000000     3.504406935570000
29.42500000     3.486705803990000
29.45000000     3.467716406770000
29.47500000     3.447549005150000
29.50000000     3.426266480200000
29.52500000     3.403888865120000
29.55000000     3.380443046440000
29.57500000     3.355997351790000
29.60000000     3.330664510280000
29.62500000     3.304585678300000
29.65000000     3.277911432540000
29.67500000     3.250788199690000
29.70000000     3.223351551750000
29.72500000     3.195724316580000
29.75000000     3.168017140920000
29.77500000     3.140329728590000
29.80000000     3.112751869110000
29.82500000     3.085364210850000
29.85000000     3.058238830200000
29.87500000     3.031439635290000
29.90000000     3.005022778610000
29.92500000     2.979037111980000
29.95000000     2.953524637650000
29.97500000     2.928521005410000
30.00000000     2.904056003400000
30.02500000     2.880154069770000
30.05000000     2.856834778740000
30.07500000     2.834113315050000
30.10000000     2.812000952870000
30.12500000     2.790505480600000
30.15000000     2.769631643970000
30.17500000     2.749381547330000
30.20000000     2.729755025880000
30.22500000     2.710750015880000
30.25000000     2.692362891730000
30.27500000     2.674588747910000
30.30000000     2.657421685390000
30.32500000     2.640855018930000
30.35000000     2.624881536680000
30.37500000     2.609493676130000
30.40000000     2.594683672240000
30.42500000     2.580443697690000
30.45000000     2.566765976320000
30.47500000     2.553642857520000
30.50000000     2.541066901760000
30.52500000     2.529030916700000
30.55000000     2.517527941040000
30.57500000     2.506551337190000
30.60000000     2.496094722690000
30.62500000     2.486151970810000
30.65000000     2.476717189810000
30.67500000     2.467784669790000
30.70000000     2.459348851070000
30.72500000     2.451404252890000
30.75000000     2.443945443530000
30.77500000     2.436966953310000
30.80000000     2.430463236670000
30.82500000     2.424428622760000
30.85000000     2.418857232340000
30.87500000     2.413742927560000
30.90000000     2.409079259530000
30.92500000     2.404859430200000
30.95000000     2.401076251640000
30.97500000     2.397722095420000
31.00000000     2.394788881630000
31.02500000     2.392268048180000
31.05000000     2.390150533790000
31.07500000     2.388426795300000
31.10000000     2.387086802720000
31.12500000     2.386120016500000
31.15000000     2.385515449680000
31.17500000     2.385261688550000
31.20000000     2.385346918450000
31.22500000     2.385758977030000
31.25000000     2.386485407540000
31.27500000     2.387513498530000
31.30000000     2.388830309430000
31.32500000     2.390422835750000
31.35000000     2.392276301860000
31.37500000     2.394383650700000
31.40000000     2.396723258070000
31.42500000     2.399287891440000
31.45000000     2.402063331060000
31.47500000     2.405037063110000
31.50000000     2.408196875490000
31.52500000     2.411530874890000
31.55000000     2.415027523120000
31.57500000     2.418675635630000
31.60000000     2.422464405680000
31.62500000     2.426383442580000
31.65000000     2.430422762040000
31.67500000     2.434572785220000
31.70000000     2.438824288840000
31.72500000     2.443168392220000
31.75000000     2.447596510270000
31.77500000     2.452100244940000
31.80000000     2.456671332190000
31.82500000     2.461301584510000
31.85000000     2.465982857760000
31.87500000     2.470707011120000
31.90000000     2.475465898530000
31.92500000     2.480251328860000
31.95000000     2.485055044150000
31.97500000     2.489868663090000
32.00000000     2.494683640200000
32.02500000     2.499491194920000
32.05000000     2.504282290630000
32.07500000     2.509047616150000
32.10000000     2.513777556080000
32.12500000     2.518462229560000
32.15000000     2.523091501950000
32.17500000     2.527655000090000
32.20000000     2.532142174320000
32.22500000     2.536542325360000
32.25000000     2.540844690670000
32.27500000     2.545038460450000
32.30000000     2.549112884980000
32.32500000     2.553057364310000
32.35000000     2.556861500180000
32.37500000     2.560515172770000
32.40000000     2.564008672040000
32.42500000     2.567332699400000
32.45000000     2.570478502850000
32.47500000     2.573437943890000
32.50000000     2.576203528610000
32.52500000     2.578768499950000
32.55000000     2.581126883810000
32.57500000     2.583273734280000
32.60000000     2.585205159440000
32.62500000     2.586917933960000
32.65000000     2.588409864580000
32.67500000     2.589680036490000
32.70000000     2.590727688220000
32.72500000     2.591554484140000
32.75000000     2.592162096590000
32.77500000     2.592553521080000
32.80000000     2.592732719920000
32.82500000     2.592704645940000
32.85000000     2.592475187590000
32.87500000     2.592051132850000
32.90000000     2.591440113970000
32.92500000     2.590650576760000
32.95000000     2.589691701600000
32.97500000     2.588573392580000
33.00000000     2.587306165460000
33.02500000     2.585901118070000
33.05000000     2.584369862080000
33.07500000     2.582724437720000
33.10000000     2.580977272800000
33.12500000     2.579141143120000
33.15000000     2.577229016640000
33.17500000     2.575254194680000
33.20000000     2.573230082240000
33.22500000     2.571170220230000
33.25000000     2.569088206550000
33.27500000     2.566997570270000
33.30000000     2.564911811970000
33.32500000     2.562844492360000
33.35000000     2.560809070040000
33.37500000     2.558818769640000
33.40000000     2.556886614930000
33.42500000     2.555025704850000
33.45000000     2.553248866660000
33.47500000     2.551568459590000
33.50000000     2.549996648110000
33.52500000     2.548545267420000
33.55000000     2.547225865130000
33.57500000     2.546049554520000
33.60000000     2.545027057820000
33.62500000     2.544168649250000
33.65000000     2.543484101810000
33.67500000     2.542982657980000
33.70000000     2.542673073430000
33.72500000     2.542563025120000
33.75000000     2.542660007310000
33.77500000     2.542970595440000
33.80000000     2.543500536310000
33.82500000     2.544254708080000
33.85000000     2.545237113730000
33.87500000     2.546450743390000
33.90000000     2.547897546950000
33.92500000     2.549578398140000
33.95000000     2.551493042480000
33.97500000     2.553640023960000
34.00000000     2.556016663100000
34.02500000     2.558619022790000
34.05000000     2.561441864940000
34.07500000     2.564478666310000
34.10000000     2.567721614970000
34.12500000     2.571161581620000
34.15000000     2.574788117360000
34.17500000     2.578589527180000
34.20000000     2.582552882940000
34.22500000     2.586664026440000
34.25000000     2.590907568860000
34.27500000     2.595267079380000
34.30000000     2.599725089620000
34.32500000     2.604263180560000
34.35000000     2.608862084410000
34.37500000     2.613501773440000
34.40000000     2.618161590730000
34.42500000     2.622820359080000
34.45000000     2.627456474770000
34.47500000     2.632048079650000
34.50000000     2.636573166930000
34.52500000     2.641009726690000
34.55000000     2.645335876070000
34.57500000     2.649530001830000
34.60000000     2.653570937480000
34.62500000     2.657438042810000
34.65000000     2.661111380310000
34.67500000     2.664571851600000
34.70000000     2.667801271450000
34.72500000     2.670782564630000
34.75000000     2.673499833030000
34.77500000     2.675938457320000
34.80000000     2.678085216280000
34.82500000     2.679928335780000
34.85000000     2.681457667260000
34.87500000     2.682664463540000
34.90000000     2.683541775800000
34.92500000     2.684084356220000
34.95000000     2.684288632450000
34.97500000     2.684152759140000
35.00000000     2.683676614660000
35.02500000     2.682861785880000
35.05000000     2.681711542390000
35.07500000     2.680230806930000
35.10000000     2.678426109840000
35.12500000     2.676305510690000
35.15000000     2.673878560850000
35.17500000     2.671156199810000
35.20000000     2.668150645050000
35.22500000     2.664875272790000
35.25000000     2.661344592690000
35.27500000     2.657574343320000
35.30000000     2.653581151320000
35.32500000     2.649382494490000
35.35000000     2.644996619210000
35.37500000     2.640442424480000
35.40000000     2.635739407370000
35.42500000     2.630907513960000
35.45000000     2.625967062960000
35.47500000     2.620938702380000
35.50000000     2.615843301780000
35.52500000     2.610701860830000
35.55000000     2.605535445540000
35.57500000     2.600365158940000
35.60000000     2.595212027820000
35.62500000     2.590096962760000
35.65000000     2.585040696220000
35.67500000     2.580063733640000
35.70000000     2.575186291860000
35.72500000     2.570428278350000
35.75000000     2.565809220900000
35.77500000     2.561348193970000
35.80000000     2.557063799420000
35.82500000     2.552974122950000
35.85000000     2.549096644730000
35.87500000     2.545448216800000
35.90000000     2.542045016470000
35.92500000     2.538902425260000
35.95000000     2.536035029180000
35.97500000     2.533456537610000
36.00000000     2.531179740020000
36.02500000     2.529216395490000
36.05000000     2.527571137600000
36.07500000     2.526281312350000
36.10000000     2.525308953090000
36.12500000     2.524693630350000
36.15000000     2.524434335200000
36.17500000     2.524534661360000
36.20000000     2.524997566200000
36.22500000     2.525824607790000
36.25000000     2.527015761700000
36.27500000     2.528569535360000
36.30000000     2.530482895850000
36.32500000     2.532751157610000
36.35000000     2.535368049890000
36.37500000     2.538325699070000
36.40000000     2.541614661680000
36.42500000     2.545223877600000
36.45000000     2.549140736550000
36.47500000     2.553351124190000
36.50000000     2.557839456010000
36.52500000     2.562588709980000
36.55000000     2.567580507160000
36.57500000     2.572795179420000
36.60000000     2.578211849280000
36.62500000     2.583808519530000
36.65000000     2.589562172880000
36.67500000     2.595448830300000
36.70000000     2.601443692750000
36.72500000     2.607521245600000
36.75000000     2.613655385290000
36.77500000     2.619819516130000
36.80000000     2.625986721870000
36.82500000     2.632129891760000
36.85000000     2.638221821720000
36.87500000     2.644235388340000
36.90000000     2.650143652410000
36.92500000     2.655920017660000
36.95000000     2.661538378160000
36.97500000     2.666973266930000
37.00000000     2.672199955820000
37.02500000     2.677194627710000
37.05000000     2.681934500370000
37.07500000     2.686397975160000
37.10000000     2.690564754960000
37.12500000     2.694415961710000
37.15000000     2.697934226590000
37.17500000     2.701103818580000
37.20000000     2.703910775550000
37.22500000     2.706342432280000
37.25000000     2.708395526560000
37.27500000     2.710079298920000
37.30000000     2.711282407170000
37.32500000     2.712102707760000
37.35000000     2.712560447020000
37.37500000     2.712616971640000
37.40000000     2.712258562990000
37.42500000     2.711493981300000
37.45000000     2.710334988450000
37.47500000     2.708790077980000
37.50000000     2.706869332320000
37.52500000     2.704584679240000
37.55000000     2.701949850490000
37.57500000     2.698980270740000
37.60000000     2.695692999750000
37.62500000     2.692106617990000
37.65000000     2.688241104350000
37.67500000     2.684117723600000
37.70000000     2.679758905110000
37.72500000     2.675188086310000
37.75000000     2.670429605260000
37.77500000     2.665508607260000
37.80000000     2.660450874550000
37.82500000     2.655282657680000
37.85000000     2.650030600930000
37.87500000     2.644721593320000
37.90000000     2.639382649610000
37.92500000     2.634040768080000
37.95000000     2.628722811110000
37.97500000     2.623455378270000
38.00000000     2.618264686820000
38.02500000     2.613176504120000
38.05000000     2.608215980470000
38.07500000     2.603407547010000
38.10000000     2.598774840240000
38.12500000     2.594340597080000
38.15000000     2.590126557950000
38.17500000     2.586153390090000
38.20000000     2.582440578560000
38.22500000     2.579006350060000
38.25000000     2.575867622510000
38.27500000     2.573039960300000
38.30000000     2.570537475910000
38.32500000     2.568372783560000
38.35000000     2.566556948340000
38.37500000     2.565099413200000
38.40000000     2.564010326420000
38.42500000     2.563282597070000
38.45000000     2.562904914050000
38.47500000     2.562955633540000
38.50000000     2.563427902650000
38.52500000     2.564241489140000
38.55000000     2.565408387920000
38.57500000     2.566949733710000
38.60000000     2.568869448360000
38.62500000     2.571153135430000
38.65000000     2.573790383820000
38.67500000     2.576770929560000
38.70000000     2.580083125090000
38.72500000     2.583713877160000
38.75000000     2.587648747930000
38.77500000     2.591871997610000
38.80000000     2.596366641660000
38.82500000     2.601114518450000
38.85000000     2.606096392550000
38.87500000     2.611291974070000
38.90000000     2.616680042540000
38.92500000     2.622238542460000
38.95000000     2.627944651610000
38.97500000     2.633774883610000
39.00000000     2.639705188420000
39.02500000     2.645711028620000
39.05000000     2.651767457010000
39.07500000     2.657849264670000
39.10000000     2.663931090910000
39.12500000     2.669987488690000
39.15000000     2.675993067490000
39.17500000     2.681922587620000
39.20000000     2.687751074960000
39.22500000     2.693453969630000
39.25000000     2.699007232440000
39.27500000     2.704387460400000
39.30000000     2.709572018960000
39.32500000     2.714539158780000
39.35000000     2.719268168000000
39.37500000     2.723739453970000
39.40000000     2.727934679310000
39.42500000     2.731836892400000
39.45000000     2.735430589350000
39.47500000     2.738701842270000
39.50000000     2.741638402390000
39.52500000     2.744229741960000
39.55000000     2.746467423250000
39.57500000     2.748344097820000
39.60000000     2.749851416750000
39.62500000     2.750993666100000
39.65000000     2.751798219060000
39.67500000     2.752251597540000
39.70000000     2.752262419640000
39.72500000     2.751876331750000
39.75000000     2.751195224330000
39.77500000     2.750192516060000
39.80000000     2.748846218610000
39.82500000     2.747175585980000
39.85000000     2.745199311790000
39.87500000     2.742933319310000
39.90000000     2.740395059990000
39.92500000     2.737603367000000
39.95000000     2.734578303450000
39.97500000     2.731341073710000
40.00000000     2.727913870400000
40.02500000     2.724319718420000
40.05000000     2.720582381140000
40.07500000     2.716726177700000
40.10000000     2.712775840050000
40.12500000     2.708756381370000
40.15000000     2.704692931000000
40.17500000     2.700610584530000
40.20000000     2.696534321220000
40.22500000     2.692488837340000
40.25000000     2.688498386110000
40.27500000     2.684586675170000
40.30000000     2.680776760260000
40.32500000     2.677090915000000
40.35000000     2.673550507100000
40.37500000     2.670175919750000
40.40000000     2.666986460420000
40.42500000     2.664000242200000
40.45000000     2.661234121500000
40.47500000     2.658703667030000
40.50000000     2.656423050800000
40.52500000     2.654404999600000
40.55000000     2.652660799260000
40.57500000     2.651200089670000
40.60000000     2.650031077110000
40.62500000     2.649162853670000
40.65000000     2.648598365400000
40.67500000     2.648321996830000
40.70000000     2.648328716310000
40.72500000     2.648675048990000
40.75000000     2.649390169440000
40.77500000     2.650400887840000
40.80000000     2.651671863640000
40.82500000     2.653226845330000
40.85000000     2.655076613370000
40.87500000     2.657209127020000
40.90000000     2.659610122350000
40.92500000     2.662268478540000
40.95000000     2.665171650250000
40.97500000     2.668305979270000
41.00000000     2.671656693170000
41.02500000     2.675207995900000
41.05000000     2.678943163640000
41.07500000     2.682844615590000
41.10000000     2.686893978550000
41.12500000     2.691072218820000
41.15000000     2.695359698600000
41.17500000     2.699736268520000
41.20000000     2.704181371750000
41.22500000     2.708674143160000
41.25000000     2.713193509250000
41.27500000     2.717718241000000
41.30000000     2.722227134790000
41.32500000     2.726699079390000
41.35000000     2.731113148960000
41.37500000     2.735448729430000
41.40000000     2.739685633960000
41.42500000     2.743804177030000
41.45000000     2.747785294870000
41.47500000     2.751610657740000
41.50000000     2.755262751370000
41.52500000     2.758725004630000
41.55000000     2.761981858170000
41.57500000     2.765018823790000
41.60000000     2.767822608900000
41.62500000     2.770381195740000
41.65000000     2.772683930180000
41.67500000     2.774721619560000
41.70000000     2.776484310260000
41.72500000     2.777965920950000
41.75000000     2.779176989480000
41.77500000     2.780128851450000
41.80000000     2.780786095790000
41.82500000     2.781093414630000
41.85000000     2.781076069020000
41.87500000     2.780803239660000
41.90000000     2.780285706010000
41.92500000     2.779503284800000
41.95000000     2.778447820560000
41.97500000     2.777128051870000
42.00000000     2.775559785570000
42.02500000     2.773754420360000
42.05000000     2.771724220120000
42.07500000     2.769482527570000
42.10000000     2.767043671550000
42.12500000     2.764422861940000
42.15000000     2.761636075780000
42.17500000     2.758699961530000
42.20000000     2.755631742720000
42.22500000     2.752449090830000
42.25000000     2.749170041080000
42.27500000     2.745812895860000
42.30000000     2.742396083340000
42.32500000     2.738938084880000
42.35000000     2.735457295350000
42.37500000     2.731971964760000
42.40000000     2.728500071540000
42.42500000     2.725059244070000
42.45000000     2.721666709030000
42.47500000     2.718339152730000
42.50000000     2.715092693120000
42.52500000     2.711942765300000
42.55000000     2.708904077210000
42.57500000     2.705990526390000
42.60000000     2.703215171890000
42.62500000     2.700590191840000
42.65000000     2.698126789330000
42.67500000     2.695835163560000
42.70000000     2.693724514740000
42.72500000     2.691802857940000
42.75000000     2.690078191200000
42.77500000     2.688557105330000
42.80000000     2.687234025470000
42.82500000     2.686102564190000
42.85000000     2.685184690820000
42.87500000     2.684514840270000
42.90000000     2.684091024450000
42.92500000     2.683882407490000
42.95000000     2.683868323870000
42.97500000     2.684048097720000
43.00000000     2.684426264990000
43.02500000     2.685003654720000
43.05000000     2.685781632030000
43.07500000     2.686752490840000
43.10000000     2.687905924540000
43.12500000     2.689233694160000
43.15000000     2.690726919180000
43.17500000     2.692376037720000
43.20000000     2.694170858850000
43.22500000     2.696100604870000
43.25000000     2.698153976950000
43.27500000     2.700319222400000
43.30000000     2.702584184340000
43.32500000     2.704936365340000
43.35000000     2.707363023270000
43.37500000     2.709851221150000
43.40000000     2.712387853200000
43.42500000     2.714959768360000
43.45000000     2.717553786640000
43.47500000     2.720156789890000
43.50000000     2.722755807620000
43.52500000     2.725338060420000
43.55000000     2.727890966810000
43.57500000     2.730402270320000
43.60000000     2.732860078400000
43.62500000     2.735252900170000
43.65000000     2.737569717780000
43.67500000     2.739800016660000
43.70000000     2.741933857220000
43.72500000     2.743961880110000
43.75000000     2.745875383870000
43.77500000     2.747666341450000
43.80000000     2.749327420300000
43.82500000     2.750852059600000
43.85000000     2.752234532200000
43.87500000     2.753469682250000
43.90000000     2.754552391200000
43.92500000     2.755479126780000
43.95000000     2.756249665560000
43.97500000     2.756866025080000
44.00000000     2.757329387570000
44.02500000     2.757638918570000
44.05000000     2.757789279760000
44.07500000     2.757777887430000
44.10000000     2.757601407130000
44.12500000     2.757261039710000
44.15000000     2.756764106310000
44.17500000     2.756116197500000
44.20000000     2.755326700590000
44.22500000     2.754403564610000
44.25000000     2.753354319410000
44.27500000     2.752186427180000
44.30000000     2.750907572540000
44.32500000     2.749525548410000
44.35000000     2.748048288940000
44.37500000     2.746484065490000
44.40000000     2.744841407180000
44.42500000     2.743129035030000
44.45000000     2.741355268300000
44.47500000     2.739529208490000
44.50000000     2.737659799310000
44.52500000     2.735756428160000
44.55000000     2.733830157820000
44.57500000     2.731889453850000
44.60000000     2.729943250130000
44.62500000     2.728000589250000
44.65000000     2.726070652870000
44.67500000     2.724162433850000
44.70000000     2.722284655360000
44.72500000     2.720445810740000
44.75000000     2.718654146670000
44.77500000     2.716917630870000
44.80000000     2.715243907140000
44.82500000     2.713640271520000
44.85000000     2.712113671630000
44.87500000     2.710670642620000
44.90000000     2.709317275940000
44.92500000     2.708059186200000
44.95000000     2.706901517160000
44.97500000     2.705848942820000
45.00000000     2.704905622810000
45.02500000     2.704075189250000
45.05000000     2.703360811540000
45.07500000     2.702765159770000
45.10000000     2.702290185520000
45.12500000     2.701937079400000
45.15000000     2.701706694310000
45.17500000     2.701599280540000
45.20000000     2.701614616200000
45.22500000     2.701752016470000
45.25000000     2.702010296950000
45.27500000     2.702388185650000
45.30000000     2.702882996540000
45.32500000     2.703491946420000
45.35000000     2.704212504130000
45.37500000     2.705041015190000
45.40000000     2.705973925330000
45.42500000     2.707006905640000
45.45000000     2.708134341550000
45.47500000     2.709351340430000
45.50000000     2.710652765130000
45.52500000     2.712031731430000
45.55000000     2.713481537220000
45.57500000     2.714995325320000
45.60000000     2.716565998320000
45.62500000     2.718186289340000
45.65000000     2.719848731160000
45.67500000     2.721545705220000
45.70000000     2.723269459180000
45.72500000     2.725012142760000
45.75000000     2.726765796000000
45.77500000     2.728522423930000
45.80000000     2.730274029310000
45.82500000     2.732012616130000
45.85000000     2.733730186440000
45.87500000     2.735418827430000
45.90000000     2.737070693260000
45.92500000     2.738678010130000
45.95000000     2.740233154940000
45.97500000     2.741728681320000
46.00000000     2.743157319990000
46.02500000     2.744512017190000
46.05000000     2.745785984750000
46.07500000     2.746972672600000
46.10000000     2.748065814820000
46.12500000     2.749059489830000
46.15000000     2.749948128900000
46.17500000     2.750726569030000
46.20000000     2.751390068610000
46.22500000     2.751934338460000
46.25000000     2.752355207520000
46.27500000     2.752650256970000
46.30000000     2.752825006520000
46.32500000     2.752875784410000
46.35000000     2.752781887280000
46.37500000     2.752534951690000
46.40000000     2.752144087370000
46.42500000     2.751621818600000
46.45000000     2.750975985440000
46.47500000     2.750209568550000
46.50000000     2.749325235230000
46.52500000     2.748322594030000
46.55000000     2.747204659780000
46.57500000     2.745973508610000
46.60000000     2.744633178120000
46.62500000     2.743186098900000
46.65000000     2.741637234480000
46.67500000     2.739994673700000
46.70000000     2.738268549280000
46.72500000     2.736467708970000
46.75000000     2.734601127700000
46.77500000     2.732678208730000
46.80000000     2.730708708050000
46.82500000     2.728702692730000
46.85000000     2.726670443740000
46.87500000     2.724622296390000
46.90000000     2.722569076840000
46.92500000     2.720521561040000
46.95000000     2.718490424780000
46.97500000     2.716486245110000
47.00000000     2.714519474930000
47.02500000     2.712600436960000
47.05000000     2.710739256490000
47.07500000     2.708945736150000
47.10000000     2.707229311000000
47.12500000     2.705598962670000
47.15000000     2.704063225030000
47.17500000     2.702630209290000
47.20000000     2.701307407200000
47.22500000     2.700101740970000
47.25000000     2.699019860120000
47.27500000     2.698068097600000
47.30000000     2.697251567100000
47.32500000     2.696572052710000
47.35000000     2.696026809240000
47.37500000     2.695635896930000
47.40000000     2.695383142820000
47.42500000     2.695277619820000
47.45000000     2.695319860170000
47.47500000     2.695508076600000
47.50000000     2.695840584080000
47.52500000     2.696315082030000
47.55000000     2.696928164970000
47.57500000     2.697675803670000
47.60000000     2.698553057130000
47.62500000     2.699554186190000
47.65000000     2.700672706330000
47.67500000     2.701901421810000
47.70000000     2.703232447790000
47.72500000     2.704657243780000
47.75000000     2.706166672080000
47.77500000     2.707751049220000
47.80000000     2.709400179360000
47.82500000     2.711103427690000
47.85000000     2.712849763930000
47.87500000     2.714627786200000
47.90000000     2.716425821310000
47.92500000     2.718231992930000
47.95000000     2.720034242590000
47.97500000     2.721820423670000
48.00000000     2.723578368720000
48.02500000     2.725295934110000
48.05000000     2.726961032640000
48.07500000     2.728561731430000
48.10000000     2.730086337390000
48.12500000     2.731523401330000
48.15000000     2.732861826880000
48.17500000     2.734090950000000
48.20000000     2.735199907350000
48.22500000     2.736178247640000
48.25000000     2.737023300060000
48.27500000     2.737734579870000
48.30000000     2.738295480460000
48.32500000     2.738671198380000
48.35000000     2.738850463620000
48.37500000     2.738860979950000
48.40000000     2.738714351730000
48.42500000     2.738393193620000
48.45000000     2.737885566120000
48.47500000     2.737191906810000
48.50000000     2.736312752170000
48.52500000     2.735248424980000
48.55000000     2.734000325350000
48.57500000     2.732571021240000
48.60000000     2.730964055880000
48.62500000     2.729184073390000
48.65000000     2.727236806180000
48.67500000     2.725129055540000
48.70000000     2.722868676780000
48.72500000     2.720464468920000
48.75000000     2.717926218370000
48.77500000     2.715264614010000
48.80000000     2.712491180230000
48.82500000     2.709618211100000
48.85000000     2.706658705500000
48.87500000     2.703626270430000
48.90000000     2.700535084300000
48.92500000     2.697399784840000
48.95000000     2.694235382140000
48.97500000     2.691057164540000
49.00000000     2.687880606030000
49.02500000     2.684721226000000
49.05000000     2.681594565200000
49.07500000     2.678516031230000
49.10000000     2.675500860180000
49.12500000     2.672563962130000
49.15000000     2.669719874830000
49.17500000     2.666982633180000
49.20000000     2.664365691340000
49.22500000     2.661881862300000
49.25000000     2.659543220740000
49.27500000     2.657361030810000
49.30000000     2.655346088650000
49.32500000     2.653499959230000
49.35000000     2.651808766640000
49.37500000     2.650348072060000
49.40000000     2.649138566500000
49.42500000     2.648131089920000
49.45000000     2.647303723390000
49.47500000     2.646665476700000
49.50000000     2.646223395530000
49.52500000     2.645985961570000
49.55000000     2.645953334770000
49.57500000     2.646127373140000
49.60000000     2.646507784150000
49.62500000     2.647092105700000
49.65000000     2.647872857870000
49.67500000     2.648838610420000
49.70000000     2.649980503800000
49.72500000     2.651288677650000
49.75000000     2.652752259130000
49.77500000     2.654359398100000
49.80000000     2.656097318370000
49.82500000     2.657952402530000
49.85000000     2.659910235890000
49.87500000     2.661955760920000
49.90000000     2.664073315800000
49.92500000     2.666246775420000
49.95000000     2.668459670940000
49.97500000     2.670695255300000
50.00000000     2.672936652630000
50.02500000     2.675166979480000
50.05000000     2.677369470270000
50.07500000     2.679527544510000
50.10000000     2.681625000150000
50.12500000     2.683646088730000
50.15000000     2.685575642550000
50.17500000     2.687399170250000
50.20000000     2.689103310200000
50.22500000     2.690662105500000
50.25000000     2.692093971180000
50.27500000     2.693378019410000
50.30000000     2.694492396500000
50.32500000     2.695429006630000
50.35000000     2.696182222910000
50.37500000     2.696748917400000
50.40000000     2.697122630270000
50.42500000     2.697302116540000
50.45000000     2.697284352260000
50.47500000     2.697069384100000
50.50000000     2.696657701880000
50.52500000     2.696051652990000
50.55000000     2.695254637680000
50.57500000     2.694270965440000
50.60000000     2.693106397540000
50.62500000     2.691767697820000
50.65000000     2.690263269510000
50.67500000     2.688602460130000
50.70000000     2.686795373150000
50.72500000     2.684853042230000
50.75000000     2.682787257740000
50.77500000     2.680610437880000
50.80000000     2.678335631150000
50.82500000     2.675976546530000
50.85000000     2.673547337340000
50.87500000     2.671062544890000
50.90000000     2.668537007850000
50.92500000     2.665985751090000
50.95000000     2.663423955580000
50.97500000     2.660866834230000
51.00000000     2.658329511070000
51.02500000     2.655826990820000
51.05000000     2.653374064650000
51.07500000     2.650985189050000
51.10000000     2.648674432910000
51.12500000     2.646455437920000
51.15000000     2.644341286130000
51.17500000     2.642344497920000
51.20000000     2.640476930470000
51.22500000     2.638749654740000
51.25000000     2.637172983620000
51.27500000     2.635756844650000
51.30000000     2.634509141270000
51.32500000     2.633432676090000
51.35000000     2.632542292870000
51.37500000     2.631840106380000
51.40000000     2.631330660450000
51.42500000     2.631017079510000
51.45000000     2.630901329720000
51.47500000     2.630983938450000
51.50000000     2.631264792950000
51.52500000     2.631742074320000
51.55000000     2.632413014980000
51.57500000     2.633273571880000
51.60000000     2.634318382270000
51.62500000     2.635541183020000
51.65000000     2.636934653070000
51.67500000     2.638489965010000
51.70000000     2.640197070320000
51.72500000     2.642045021580000
51.75000000     2.644022070770000
51.77500000     2.646115672330000
51.80000000     2.648312528590000
51.82500000     2.650598546940000
51.85000000     2.652959095420000
51.87500000     2.655378936190000
51.90000000     2.657842450310000
51.92500000     2.660333748250000
51.95000000     2.662836688680000
51.97500000     2.665335104840000
52.00000000     2.667812866360000
52.02500000     2.670253973060000
52.05000000     2.672642681010000
52.07500000     2.674963671170000
52.10000000     2.677202083050000
52.12500000     2.679343664990000
52.15000000     2.681374866380000
52.17500000     2.683282927540000
52.20000000     2.685055907960000
52.22500000     2.686683237150000
52.25000000     2.688154467660000
52.27500000     2.689460618680000
52.30000000     2.690594115360000
52.32500000     2.691548556870000
52.35000000     2.692318497670000
52.37500000     2.692899956340000
52.40000000     2.693289990890000
52.42500000     2.693487199280000
52.45000000     2.693491379540000
52.47500000     2.693303465700000
52.50000000     2.692925812690000
52.52500000     2.692361826860000
52.55000000     2.691616094560000
52.57500000     2.690694367730000
52.60000000     2.689603523630000
52.62500000     2.688351511520000
52.65000000     2.686946978640000
52.67500000     2.685399366490000
52.70000000     2.683719229580000
52.72500000     2.681918108910000
52.75000000     2.680008270060000
52.77500000     2.678002382320000
52.80000000     2.675913512450000
52.82500000     2.673755105330000
52.85000000     2.671541027370000
52.87500000     2.669285457700000
52.90000000     2.667002800440000
52.92500000     2.664707574060000
52.95000000     2.662414336960000
52.97500000     2.660137655030000
53.00000000     2.657891942080000
53.02500000     2.655691411690000
53.05000000     2.653550016350000
53.07500000     2.651481468890000
53.10000000     2.649498974190000
53.12500000     2.647615309890000
53.15000000     2.645842682340000
53.17500000     2.644192740520000
53.20000000     2.642676397820000
53.22500000     2.641303824180000
53.25000000     2.640084429580000
53.27500000     2.639026184510000
53.30000000     2.638137557650000
53.32500000     2.637424902420000
53.35000000     2.636893744550000
53.37500000     2.636548641600000
53.40000000     2.636393015600000
53.42500000     2.636429097140000
53.45000000     2.636657948010000
53.47500000     2.637079443060000
53.50000000     2.637692217770000
53.52500000     2.638493636780000
53.55000000     2.639479925150000
53.57500000     2.640645987460000
53.60000000     2.641985533010000
53.62500000     2.643491032240000
53.65000000     2.645154089060000
53.67500000     2.646965183340000
53.70000000     2.648913420980000
53.72500000     2.650986701570000
53.75000000     2.653172159000000
53.77500000     2.655456309560000
53.80000000     2.657824910890000
53.82500000     2.660263009430000
53.85000000     2.662755084380000
53.87500000     2.665285130360000
53.90000000     2.667836785880000
53.92500000     2.670393439940000
53.95000000     2.672938381000000
53.97500000     2.675454901140000
54.00000000     2.677926369060000
54.02500000     2.680336433950000
54.05000000     2.682669106510000
54.07500000     2.684908877060000
54.10000000     2.687040770880000
54.12500000     2.689050500430000
54.15000000     2.690924548870000
54.17500000     2.692650423360000
54.20000000     2.694216536570000
54.22500000     2.695612405810000
54.25000000     2.696828950050000
54.27500000     2.697857184780000
54.30000000     2.698690436590000
54.32500000     2.699323052060000
54.35000000     2.699750724390000
54.37500000     2.699970285080000
54.40000000     2.699980133830000
54.42500000     2.699779909710000
54.45000000     2.699370523230000
54.47500000     2.698754291050000
54.50000000     2.697934719230000
54.52500000     2.696916591690000
54.55000000     2.695705906260000
54.57500000     2.694309828570000
54.60000000     2.692736617760000
54.62500000     2.690995543900000
54.65000000     2.689096619110000
54.67500000     2.687050752390000
54.70000000     2.684870046340000
54.72500000     2.682567419930000
54.75000000     2.680156135230000
54.77500000     2.677649900690000
54.80000000     2.675063052540000
54.82500000     2.672410264620000
54.85000000     2.669706643770000
54.87500000     2.666967463150000
54.90000000     2.664208139850000
54.92500000     2.661444162190000
54.95000000     2.658691057240000
54.97500000     2.655964284520000
55.00000000     2.653279137480000
55.02500000     2.650650630500000
55.05000000     2.648093479600000
55.07500000     2.645622035330000
55.10000000     2.643250209580000
55.12500000     2.640991398170000
55.15000000     2.638858371610000
55.17500000     2.636863259460000
55.20000000     2.635017444930000
55.22500000     2.633331543470000
55.25000000     2.631815374810000
55.27500000     2.630476399300000
55.30000000     2.629324539770000
55.32500000     2.628365975110000
55.35000000     2.627606512580000
55.37500000     2.627050438050000
55.40000000     2.626701462120000
55.42500000     2.626561580960000
55.45000000     2.626631907750000
55.47500000     2.626912161080000
55.50000000     2.627400685390000
55.52500000     2.628094767500000
55.55000000     2.628990197630000
55.57500000     2.630081549410000
55.60000000     2.631362068850000
55.62500000     2.632823922100000
55.65000000     2.634458203800000
55.67500000     2.636254315740000
55.70000000     2.638200608980000
55.72500000     2.640284696640000
55.75000000     2.642493254910000
55.77500000     2.644812052290000
55.80000000     2.647226020090000
55.82500000     2.649719402900000
55.85000000     2.652275828960000
55.87500000     2.654878464260000
55.90000000     2.657510078580000
55.92500000     2.660153202580000
55.95000000     2.662790238340000
55.97500000     2.665403575110000
56.00000000     2.667975679750000
56.02500000     2.670489269580000
56.05000000     2.672927378850000
56.07500000     2.675273543820000
56.10000000     2.677511924610000
56.12500000     2.679627350230000
56.15000000     2.681605437560000
56.17500000     2.683432718420000
56.20000000     2.685096678920000
56.22500000     2.686582519890000
56.25000000     2.687892311740000
56.27500000     2.689003083120000
56.30000000     2.689911382180000
56.32500000     2.690610957510000
56.35000000     2.691096088290000
56.37500000     2.691363505640000
56.40000000     2.691410585750000
56.42500000     2.691236111780000
56.45000000     2.690840663330000
56.47500000     2.690225599390000
56.50000000     2.689394037250000
56.52500000     2.688350251690000
56.55000000     2.687099802170000
56.57500000     2.685649563140000
56.60000000     2.684007301940000
56.62500000     2.682182183280000
56.65000000     2.680184702470000
56.67500000     2.678026098030000
56.70000000     2.675718405500000
56.72500000     2.673274496430000
56.75000000     2.670708096860000
56.77500000     2.668033722150000
56.80000000     2.665266513990000
56.82500000     2.662422180890000
56.85000000     2.659516848670000
56.87500000     2.656567031110000
56.90000000     2.653589550760000
56.92500000     2.650601449700000
56.95000000     2.647619874950000
56.97500000     2.644662022490000
57.00000000     2.641745031190000
57.02500000     2.638885914720000
57.05000000     2.636101465400000
57.07500000     2.633408174230000
57.10000000     2.630822145140000
57.12500000     2.628358977480000
57.15000000     2.626033613120000
57.17500000     2.623860333280000
57.20000000     2.621852691880000
57.22500000     2.620021857150000
57.25000000     2.618397197270000
57.27500000     2.616948213630000
57.30000000     2.615713782390000
57.32500000     2.614702855510000
57.35000000     2.613919802070000
57.37500000     2.613369927870000
57.40000000     2.613058146820000
57.42500000     2.612987079430000
57.45000000     2.613159219850000
57.47500000     2.613574943620000
57.50000000     2.614232998300000
57.52500000     2.615131363330000
57.55000000     2.616265749780000
57.57500000     2.617631207910000
57.60000000     2.619220690190000
57.62500000     2.621025849740000
57.65000000     2.623037143180000
57.67500000     2.625243668770000
57.70000000     2.627633224830000
57.72500000     2.630192373800000
57.75000000     2.632906596980000
57.77500000     2.635760384630000
57.80000000     2.638737280530000
57.82500000     2.641820014400000
57.85000000     2.644990633270000
57.87500000     2.648230591910000
57.90000000     2.651520852410000
57.92500000     2.654842053590000
57.95000000     2.658174628770000
57.97500000     2.661498958720000
58.00000000     2.664795480790000
58.02500000     2.668044788190000
58.05000000     2.671227790490000
58.07500000     2.674325841330000
58.10000000     2.677320861550000
58.12500000     2.680195438570000
58.15000000     2.682932975050000
58.17500000     2.685517782230000
58.20000000     2.687935138000000
58.22500000     2.690171722250000
58.25000000     2.692224791340000
58.27500000     2.694019308810000
58.30000000     2.695634818110000
58.32500000     2.697049217080000
58.35000000     2.698240440470000
58.37500000     2.699191267760000
58.40000000     2.699899342910000
58.42500000     2.700361836310000
58.45000000     2.700577807230000
58.47500000     2.700551573390000
58.50000000     2.700285734160000
58.52500000     2.699782012500000
58.55000000     2.699048065140000
58.57500000     2.698088871130000
58.60000000     2.696913567140000
58.62500000     2.695531022160000
58.65000000     2.693951986260000
58.67500000     2.692188134720000
58.70000000     2.690252303520000
58.72500000     2.688158323810000
58.75000000     2.685920932230000
58.77500000     2.683555692780000
58.80000000     2.681078888830000
58.82500000     2.678507450540000
58.85000000     2.675858792660000
58.87500000     2.673150740820000
58.90000000     2.670401439130000
58.92500000     2.667629228470000
58.95000000     2.664852517740000
58.97500000     2.662089688680000
59.00000000     2.659358993890000
59.02500000     2.656678424620000
59.05000000     2.654065626160000
59.07500000     2.651537775870000
59.10000000     2.649111461370000
59.12500000     2.646802621540000
59.15000000     2.644626431510000
59.17500000     2.642597165330000
59.20000000     2.640720871780000
59.22500000     2.639052420040000
59.25000000     2.637548560740000
59.27500000     2.636218302670000
59.30000000     2.635086234670000
59.32500000     2.634169148550000
59.35000000     2.633471695430000
59.37500000     2.632997124890000
59.40000000     2.632749955260000
59.42500000     2.632726921500000
59.45000000     2.632930793200000
59.47500000     2.633359553790000
59.50000000     2.634009378340000
59.52500000     2.634877094720000
59.55000000     2.635956173530000
59.57500000     2.637239575610000
59.60000000     2.638718494330000
59.62500000     2.640383012150000
59.65000000     2.642221895030000
59.67500000     2.644222680560000
59.70000000     2.646371799090000
59.72500000     2.648654659160000
59.75000000     2.651055769780000
59.77500000     2.653558811090000
59.80000000     2.656146757340000
59.82500000     2.658802000470000
59.85000000     2.661506469300000
59.87500000     2.664241736810000
59.90000000     2.666989176350000
59.92500000     2.669730095630000
59.95000000     2.672445875860000
59.97500000     2.675118059520000
60.00000000     2.677728505210000
60.02500000     2.680259488040000
60.05000000     2.682693889200000
60.07500000     2.685015292820000
60.10000000     2.687208045270000
60.12500000     2.689257422880000
60.15000000     2.691149705040000
60.17500000     2.692880418630000
60.20000000     2.694389356020000
60.22500000     2.695731728340000
60.25000000     2.696895485660000
60.27500000     2.697856638110000
60.30000000     2.698598699060000
60.32500000     2.699118252650000
60.35000000     2.699414241990000
60.37500000     2.699483587230000
60.40000000     2.699332284730000
60.42500000     2.698958337240000
60.45000000     2.698366409480000
60.47500000     2.697561879100000
60.50000000     2.696549631300000
60.52500000     2.695337997480000
60.55000000     2.693935537120000
60.57500000     2.692352594720000
60.60000000     2.690600442310000
60.62500000     2.688691613930000
60.65000000     2.686639672620000
60.67500000     2.684459128910000
60.70000000     2.682165414970000
60.72500000     2.679774816460000
60.75000000     2.677304281970000
60.77500000     2.674771380560000
60.80000000     2.672194160400000
60.82500000     2.669591081110000
60.85000000     2.666980859060000
60.87500000     2.664382454160000
60.90000000     2.661814828300000
60.92500000     2.659296880240000
60.95000000     2.656847393510000
60.97500000     2.654484884870000
61.00000000     2.652227453930000
61.02500000     2.650092767160000
61.05000000     2.648097919540000
61.07500000     2.646259277120000
61.10000000     2.644592462530000
61.12500000     2.643109476000000
61.15000000     2.641847111790000
61.17500000     2.640767275020000
61.20000000     2.639916119150000
61.22500000     2.639304510320000
61.25000000     2.638938821910000
61.27500000     2.638824919340000
61.30000000     2.638969363870000
61.32500000     2.639375904130000
61.35000000     2.640048591710000
61.37500000     2.640988297350000
61.40000000     2.642195628330000
61.42500000     2.643668745660000
61.45000000     2.645404744090000
61.47500000     2.647398857710000
61.50000000     2.649644929140000
61.52500000     2.652134920750000
61.55000000     2.654859562430000
61.57500000     2.657808174430000
61.60000000     2.660968643260000
61.62500000     2.664327575880000
61.65000000     2.667870296760000
61.67500000     2.671580996040000
61.70000000     2.675442834110000
61.72500000     2.679438142860000
61.75000000     2.683548345750000
61.77500000     2.687754218940000
61.80000000     2.692036073360000
61.82500000     2.696373761080000
61.85000000     2.700746944660000
61.87500000     2.705135082350000
61.90000000     2.709517747620000
61.92500000     2.713874707860000
61.95000000     2.718186139130000
61.97500000     2.722432661710000
62.00000000     2.726595629370000
62.02500000     2.730657191450000
62.05000000     2.734600519370000
62.07500000     2.738409878270000
62.10000000     2.742070802390000
62.12500000     2.745570143610000
62.15000000     2.748896198420000
62.17500000     2.752038896930000
62.20000000     2.754993459280000
62.22500000     2.757725429220000
62.25000000     2.760289425520000
62.27500000     2.762641442260000
62.30000000     2.764778330920000
62.32500000     2.766708459080000
62.35000000     2.768433190520000
62.37500000     2.769958648770000
62.40000000     2.771290854790000
62.42500000     2.772438797900000
62.45000000     2.773412200330000
62.47500000     2.774223084330000
62.50000000     2.774884695840000
62.52500000     2.775411652830000
62.55000000     2.775820053480000
62.57500000     2.776126805100000
62.60000000     2.776350196290000
62.62500000     2.776509690550000
62.65000000     2.776625367660000
62.67500000     2.776717891620000
62.70000000     2.776808380760000
62.72500000     2.776918118780000
62.75000000     2.777068556660000
62.77500000     2.777280931470000
62.80000000     2.777576200890000
62.82500000     2.777974762610000
62.85000000     2.778496380730000
62.87500000     2.779159835390000
62.90000000     2.779982803970000
62.92500000     2.780981709670000
62.95000000     2.782171483640000
62.97500000     2.783565357020000
63.00000000     2.785175203870000
63.02500000     2.787009949100000
63.05000000     2.789077068330000
63.07500000     2.791381872400000
63.10000000     2.793927425270000
63.12500000     2.796714388670000
63.15000000     2.799740947690000
63.17500000     2.803002788150000
63.20000000     2.806493133450000
63.22500000     2.810202748660000
63.25000000     2.814119988720000
63.27500000     2.818230794260000
63.30000000     2.822518838990000
63.32500000     2.826965605260000
63.35000000     2.831550448530000
63.37500000     2.836250626500000
63.40000000     2.841041400140000
63.42500000     2.845896117810000
63.45000000     2.850786348150000
63.47500000     2.855681980290000
63.50000000     2.860551551660000
63.52500000     2.865362325880000
63.55000000     2.870080596150000
63.57500000     2.874672001760000
63.60000000     2.879101952170000
63.62500000     2.883335871030000
63.65000000     2.887339689240000
63.67500000     2.891080264440000
63.70000000     2.894525721190000
63.72500000     2.897645892590000
63.75000000     2.900412800890000
63.77500000     2.902800874550000
63.80000000     2.904787461350000
63.82500000     2.906352851630000
63.85000000     2.907481279430000
63.87500000     2.908160706320000
63.90000000     2.908379356680000
63.92500000     2.908124994740000
63.95000000     2.907406247500000
63.97500000     2.906280652660000
64.00000000     2.904705785150000
64.02500000     2.902554155810000
64.05000000     2.900051204700000
64.07500000     2.897114051600000
64.10000000     2.893777461430000
64.12500000     2.890064740030000
64.15000000     2.886001864120000
64.17500000     2.881617183770000
64.20000000     2.876941206430000
64.22500000     2.872006217230000
64.25000000     2.866845938640000
64.27500000     2.861495237380000
64.30000000     2.855989814620000
64.32500000     2.850365893060000
64.35000000     2.844659887640000
64.37500000     2.838907987590000
64.40000000     2.833146018390000
64.42500000     2.827408961140000
64.45000000     2.821730878790000
64.47500000     2.816144496010000
64.50000000     2.810681022400000
64.52500000     2.805369884360000
64.55000000     2.800238546780000
64.57500000     2.795312302710000
64.60000000     2.790614124590000
64.62500000     2.786164563680000
64.65000000     2.781981627590000
64.67500000     2.778080547700000
64.70000000     2.774473500360000
64.72500000     2.771174036370000
64.75000000     2.768193546280000
64.77500000     2.765514856650000
64.80000000     2.763098798600000
64.82500000     2.760979527750000
64.85000000     2.759286523910000
64.87500000     2.757989955920000
64.90000000     2.756952198850000
64.92500000     2.756144754650000
64.95000000     2.755593607900000
64.97500000     2.755307944670000
65.00000000     2.755283927160000
65.02500000     2.755496683590000
65.05000000     2.755924556670000
65.07500000     2.756547755980000
65.10000000     2.757345776770000
65.12500000     2.758297337430000
65.15000000     2.759380598770000
65.17500000     2.760573290300000
65.20000000     2.761852930600000
65.22500000     2.763197027530000
65.25000000     2.764583240300000
65.27500000     2.765989567580000
65.30000000     2.767394636930000
65.32500000     2.768777862490000
65.35000000     2.770119549180000
65.37500000     2.771401057240000
65.40000000     2.772605050910000
65.42500000     2.773714761400000
65.45000000     2.774739677480000
65.47500000     2.775595906890000
65.50000000     2.776308983230000
65.52500000     2.776929544180000
65.55000000     2.777411558530000
65.57500000     2.777731336380000
65.60000000     2.777885190420000
65.62500000     2.777879117960000
65.65000000     2.777714654330000
65.67500000     2.777395665730000
65.70000000     2.776927033970000
65.72500000     2.776315826070000
65.75000000     2.775570941550000
65.77500000     2.774702761420000
65.80000000     2.773723516070000
65.82500000     2.772647095540000
65.85000000     2.771488859390000
65.87500000     2.770265594490000
65.90000000     2.768995240690000
65.92500000     2.767696780950000
65.95000000     2.766390065050000
65.97500000     2.765095693720000
66.00000000     2.763834779780000
66.02500000     2.762628710360000
66.05000000     2.761499013490000
66.07500000     2.760467156350000
66.10000000     2.759554314120000
66.12500000     2.758781167550000
66.15000000     2.758167721220000
66.17500000     2.757733083870000
66.20000000     2.757495310850000
66.22500000     2.757471156240000
66.25000000     2.757675916290000
66.27500000     2.758123267200000
66.30000000     2.758828238710000
66.32500000     2.759790958400000
66.35000000     2.761029314470000
66.37500000     2.762545284360000
66.40000000     2.764342058910000
66.42500000     2.766420485980000
66.45000000     2.768779117740000
66.47500000     2.771414079880000
66.50000000     2.774318817010000
66.52500000     2.777483838750000
66.55000000     2.780896492770000
66.57500000     2.784541023540000
66.60000000     2.788399058250000
66.62500000     2.792450012300000
66.65000000     2.796671147360000
66.67500000     2.801037495450000
66.70000000     2.805521938490000
66.72500000     2.810095380770000
66.75000000     2.814727015200000
66.77500000     2.819384519180000
66.80000000     2.824034337880000
66.82500000     2.828641938490000
66.85000000     2.833172050150000
66.87500000     2.837588977580000
66.90000000     2.841856938320000
66.92500000     2.845940443790000
66.95000000     2.849804624890000
66.97500000     2.853415602110000
67.00000000     2.856740796860000
67.02500000     2.859749365560000
67.05000000     2.862412531910000
67.07500000     2.864703877290000
67.10000000     2.866599764360000
67.12500000     2.868079547370000
67.15000000     2.869126038690000
67.17500000     2.869726127590000
67.20000000     2.869869193130000
67.22500000     2.869541913530000
67.25000000     2.868783022210000
67.27500000     2.867523255010000
67.30000000     2.865837116640000
67.32500000     2.863699181570000
67.35000000     2.861133137820000
67.37500000     2.858158019690000
67.40000000     2.854796743630000
67.42500000     2.851075799330000
67.45000000     2.847024984350000
67.47500000     2.842677044330000
67.50000000     2.838067375750000
67.52500000     2.833233731840000
67.55000000     2.828215715450000
67.57500000     2.823054507020000
67.60000000     2.817792345670000
67.62500000     2.812472200340000
67.65000000     2.807137353950000
67.67500000     2.801831136820000
67.70000000     2.796596310560000
67.72500000     2.791474477610000
67.75000000     2.786506475490000
67.77500000     2.781734384740000
67.80000000     2.777196677420000
67.82500000     2.772923092600000
67.85000000     2.768954927780000
67.87500000     2.765323286370000
67.90000000     2.762052991670000
67.92500000     2.759171845130000
67.95000000     2.756703915790000
67.97500000     2.754669421610000
68.00000000     2.753084942140000
68.02500000     2.751966254760000
68.05000000     2.751333245970000
68.07500000     2.751170765880000
68.10000000     2.751416382130000
68.12500000     2.752316748120000
68.15000000     2.753697851310000
68.17500000     2.755472298810000
68.20000000     2.757746066820000
68.22500000     2.760495185710000
68.25000000     2.763698291280000
68.27500000     2.767338842290000
68.30000000     2.771397675090000
68.32500000     2.775852987030000
68.35000000     2.780680529400000
68.37500000     2.785853650640000
68.40000000     2.791343492970000
68.42500000     2.797119078260000
68.45000000     2.803147593540000
68.47500000     2.809394596740000
68.50000000     2.815824278860000
68.52500000     2.822399695970000
68.55000000     2.829083064900000
68.57500000     2.835836008530000
68.60000000     2.842619973300000
68.62500000     2.849396525780000
68.65000000     2.856127675810000
68.67500000     2.862776343550000
68.70000000     2.869306686090000
68.72500000     2.875684485610000
68.75000000     2.881877607220000
68.77500000     2.887856929620000
68.80000000     2.893593355920000
68.82500000     2.899056019270000
68.85000000     2.904226738120000
68.87500000     2.909116721690000
68.90000000     2.913753654240000
68.92500000     2.918120891210000
68.95000000     2.922097496590000
68.97500000     2.925561118980000
69.00000000     2.928594802200000
69.02500000     2.931367510880000
69.05000000     2.933920077790000
69.07500000     2.936207523800000
69.10000000     2.938207645990000
69.12500000     2.939935535180000
69.15000000     2.941422443770000
69.17500000     2.942691245670000
69.20000000     2.943766767500000
69.22500000     2.944676003680000
69.25000000     2.945447935110000
69.27500000     2.946113089760000
69.30000000     2.946702856770000
69.32500000     2.947248622040000
69.35000000     2.947780732490000
69.37500000     2.948327801020000
69.40000000     2.948916579540000
69.42500000     2.949572483220000
69.45000000     2.950320858200000
69.47500000     2.951181377680000
69.50000000     2.952158120490000
69.52500000     2.953251478410000
69.55000000     2.954470228990000
69.57500000     2.955818816970000
69.60000000     2.957299139570000
69.62500000     2.958910516900000
69.65000000     2.960649205000000
69.67500000     2.962507732130000
69.70000000     2.964474263790000
69.72500000     2.966532130560000
69.75000000     2.968659832160000
69.77500000     2.970831281920000
69.80000000     2.973016263790000
69.82500000     2.975181456890000
69.85000000     2.977291303830000
69.87500000     2.979309092310000
69.90000000     2.981198072270000
69.92500000     2.982922294190000
69.95000000     2.984447341690000
69.97500000     2.985740899350000
70.00000000     2.986773338000000
70.02500000     2.987518595400000
70.05000000     2.987954095080000
70.07500000     2.988057171170000
70.10000000     2.987881629160000
70.12500000     2.987292652440000
70.15000000     2.986156472510000
70.17500000     2.984737618350000
70.20000000     2.983077562810000
70.22500000     2.981086599530000
70.25000000     2.978716697180000
70.27500000     2.975988474830000
70.30000000     2.972946900670000
70.32500000     2.969619148530000
70.35000000     2.966033349690000
70.37500000     2.962219783190000
70.40000000     2.958210964490000
70.42500000     2.954041235810000
70.45000000     2.949746401340000
70.47500000     2.945363295500000
70.50000000     2.940929331590000
70.52500000     2.936482031870000
70.55000000     2.932058636700000
70.57500000     2.927695744130000
70.60000000     2.923428991310000
70.62500000     2.919292726250000
70.65000000     2.915319746710000
70.67500000     2.911541004250000
70.70000000     2.907985330920000
70.72500000     2.904679168980000
70.75000000     2.901646381350000
70.77500000     2.898908042870000
70.80000000     2.896486630370000
70.82500000     2.894356812520000
70.85000000     2.892472128060000
70.87500000     2.891090939610000
70.90000000     2.890228315800000
70.92500000     2.889620429540000
70.95000000     2.889252220810000
70.97500000     2.889189378600000
71.00000000     2.889464001390000
71.02500000     2.890078297070000
71.05000000     2.890997939430000
71.07500000     2.892200773990000
71.10000000     2.893663441130000
71.12500000     2.895359697680000
71.15000000     2.897260675330000
71.17500000     2.899335099050000
71.20000000     2.901549647540000
71.22500000     2.903869459560000
71.25000000     2.906258523780000
71.27500000     2.908680108960000
71.30000000     2.911097199210000
71.32500000     2.913472822470000
71.35000000     2.915770495280000
71.37500000     2.917954645390000
71.40000000     2.919991015370000
71.42500000     2.921846734990000
71.45000000     2.923490167940000
71.47500000     2.924890923740000
71.50000000     2.926020085780000
71.52500000     2.926850726720000
71.55000000     2.927358658620000
71.57500000     2.927523577930000
71.60000000     2.927330378460000
71.62500000     2.926770567370000
71.65000000     2.925844279720000
71.67500000     2.924562164750000
71.70000000     2.922933601970000
71.72500000     2.920933429530000
71.75000000     2.918489062940000
71.77500000     2.915654130590000
71.80000000     2.912435712090000
71.82500000     2.908848434930000
71.85000000     2.904911900560000
71.87500000     2.900649514080000
71.90000000     2.896087787240000
71.92500000     2.891255417660000
71.95000000     2.886182784060000
71.97500000     2.880901259450000
72.00000000     2.875442699170000
72.02500000     2.869839673360000
72.05000000     2.864125419730000
72.07500000     2.858330889850000
72.10000000     2.852485769820000
72.12500000     2.846622440980000
72.15000000     2.840771804780000
72.17500000     2.834964962000000
72.20000000     2.829231370410000
72.22500000     2.823599642920000
72.25000000     2.818098182670000
72.27500000     2.812754521540000
72.30000000     2.807595191450000
72.32500000     2.802644583020000
72.35000000     2.797926154670000
72.37500000     2.793463964440000
72.40000000     2.789283038750000
72.42500000     2.785395120370000
72.45000000     2.781793119790000
72.47500000     2.778478318550000
72.50000000     2.775468399490000
72.52500000     2.772809720830000
72.55000000     2.770544936860000
72.57500000     2.768719786920000
72.60000000     2.767339884470000
72.62500000     2.766401099090000
72.65000000     2.765878686120000
72.67500000     2.765744137070000
72.70000000     2.765981401220000
72.72500000     2.766571644120000
72.75000000     2.767496769180000
72.77500000     2.768757018190000
72.80000000     2.770364310340000
72.82500000     2.772323806340000
72.85000000     2.774623119990000
72.87500000     2.777249959700000
72.90000000     2.780192502470000
72.92500000     2.783437096700000
72.95000000     2.786968443860000
72.97500000     2.790770136220000
73.00000000     2.794824637370000
73.02500000     2.799113467020000
73.05000000     2.803617297090000
73.07500000     2.808316065070000
73.10000000     2.813189092800000
73.12500000     2.818215190680000
73.15000000     2.823372877950000
73.17500000     2.828640508680000
73.20000000     2.833996326150000
73.22500000     2.839418534840000
73.25000000     2.844885574580000
73.27500000     2.850376217830000
73.30000000     2.855869665340000
73.32500000     2.861345699110000
73.35000000     2.866784774620000
73.37500000     2.872168128640000
73.40000000     2.877479191360000
73.42500000     2.882695550330000
73.45000000     2.887800396290000
73.47500000     2.892774696970000
73.50000000     2.897597199880000
73.52500000     2.902274758270000
73.55000000     2.906803113750000
73.57500000     2.911174600320000
73.60000000     2.915374544840000
73.62500000     2.919391764440000
73.65000000     2.923217069150000
73.67500000     2.926843273350000
73.70000000     2.930262166230000
73.72500000     2.933466870860000
73.75000000     2.936451552530000
73.77500000     2.939211256490000
73.80000000     2.941741851840000
73.82500000     2.944039968380000
73.85000000     2.946102977520000
73.87500000     2.947928876050000
73.90000000     2.949516313100000
73.92500000     2.950864613930000
73.95000000     2.951973759310000
73.97500000     2.952844326120000
74.00000000     2.953477510490000
74.02500000     2.953875061010000
74.05000000     2.954039267870000
74.07500000     2.953972979930000
74.10000000     2.953679645890000
74.12500000     2.953163488440000
74.15000000     2.952429517190000
74.17500000     2.951483097450000
74.20000000     2.950330024490000
74.22500000     2.948976490970000
74.25000000     2.947429778590000
74.27500000     2.945697426000000
74.30000000     2.943787350900000
74.32500000     2.941707921970000
74.35000000     2.939467900930000
74.37500000     2.937076471260000
74.40000000     2.934543176470000
74.42500000     2.931877873610000
74.45000000     2.929090656230000
74.47500000     2.926191923010000
74.50000000     2.923192164710000
74.52500000     2.920101983190000
74.55000000     2.916932848820000
74.57500000     2.913696592270000
74.60000000     2.910408383600000
74.62500000     2.907079601620000
74.65000000     2.903714465390000
74.67500000     2.900323663270000
74.70000000     2.896919592160000
74.72500000     2.893514019890000
74.75000000     2.890118524100000
74.77500000     2.886744225270000
74.80000000     2.883401962290000
74.82500000     2.880102720830000
74.85000000     2.876857743300000
74.87500000     2.873676738890000
74.90000000     2.870569527650000
74.92500000     2.867545874110000
74.95000000     2.864616088470000
74.97500000     2.861788974460000
75.00000000     2.859073112780000
75.02500000     2.856477040210000
75.05000000     2.854008896410000
75.07500000     2.851677044930000
75.10000000     2.849489784490000
75.12500000     2.847453354750000
75.15000000     2.845575663630000
75.17500000     2.843859859450000
75.20000000     2.842309925210000
75.22500000     2.840929786270000
75.25000000     2.839723603850000
75.27500000     2.838691942110000
75.30000000     2.837835296250000
75.32500000     2.837155935660000
75.35000000     2.836654076410000
75.37500000     2.836319277010000
75.40000000     2.836154382690000
75.42500000     2.836161212710000
75.45000000     2.836336929230000
75.47500000     2.836669817180000
75.50000000     2.837160187310000
75.52500000     2.837812514860000
75.55000000     2.838616578680000
75.57500000     2.839561348430000
75.60000000     2.840651470550000
75.62500000     2.841880196500000
75.65000000     2.843230420710000
75.67500000     2.844698043730000
75.70000000     2.846278249910000
75.72500000     2.847954428580000
75.75000000     2.849718060940000
75.77500000     2.851562422640000
75.80000000     2.853472165250000
75.82500000     2.855437918740000
75.85000000     2.857450054160000
75.87500000     2.859494745980000
75.90000000     2.861562203020000
75.92500000     2.863640604160000
75.95000000     2.865718267800000
75.97500000     2.867784672080000
76.00000000     2.869828153920000
76.02500000     2.871838292240000
76.05000000     2.873804327060000
76.07500000     2.875716259850000
76.10000000     2.877564297160000
76.12500000     2.879339354840000
76.15000000     2.881032646950000
76.17500000     2.882635890220000
76.20000000     2.884141326420000
76.22500000     2.885541888970000
76.25000000     2.886831051230000
76.27500000     2.888003224570000
76.30000000     2.889053327300000
76.32500000     2.889977396600000
76.35000000     2.890772165670000
76.37500000     2.891434828730000
76.40000000     2.891964038680000
76.42500000     2.892359025250000
76.45000000     2.892620809780000
76.47500000     2.892752200300000
76.50000000     2.892755710900000
76.52500000     2.892636195650000
76.55000000     2.892399846580000
76.57500000     2.892051666320000
76.60000000     2.891603128610000
76.62500000     2.891061839330000
76.65000000     2.890431717010000
76.67500000     2.889736427860000
76.70000000     2.888976233740000
76.72500000     2.888145476830000
76.75000000     2.887253487340000
76.77500000     2.886298136570000
76.80000000     2.885277641740000
76.82500000     2.884172093550000
76.85000000     2.883010169390000
76.87500000     2.881795505340000
76.90000000     2.880557913440000
76.92500000     2.879346680410000
76.95000000     2.878183992800000
76.97500000     2.877117375940000
77.00000000     2.876133509510000
77.02500000     2.875249277690000
77.05000000     2.874443033470000
77.07500000     2.873716184150000
77.10000000     2.873086524430000
77.12500000     2.872563230270000
77.15000000     2.872161152470000
77.17500000     2.871891008680000
77.20000000     2.871761312080000
77.22500000     2.871779866630000
77.25000000     2.871953449250000
77.27500000     2.872287677290000
77.30000000     2.872786949010000
77.32500000     2.873454336940000
77.35000000     2.874291548190000
77.37500000     2.875298906180000
77.40000000     2.876475226510000
77.42500000     2.877817767900000
77.45000000     2.879322233730000
77.47500000     2.880982748200000
77.50000000     2.882791799970000
77.52500000     2.884740250820000
77.55000000     2.886817302220000
77.57500000     2.889010561540000
77.60000000     2.891306087460000
77.62500000     2.893688424950000
77.65000000     2.896140680290000
77.67500000     2.898644596700000
77.70000000     2.901180685100000
77.72500000     2.903728411220000
77.75000000     2.906266455800000
77.77500000     2.908772959040000
77.80000000     2.911225607700000
77.82500000     2.913601666020000
77.85000000     2.915878112670000
77.87500000     2.918031556580000
77.90000000     2.920038860920000
77.92500000     2.921877390500000
77.95000000     2.923525248910000
77.97500000     2.924961757460000
78.00000000     2.926167734570000
78.02500000     2.927126274410000
78.05000000     2.927822892980000
78.07500000     2.928244947660000
78.10000000     2.928376351270000
78.12500000     2.928181993400000
78.15000000     2.927592540000000
78.17500000     2.926627936300000
78.20000000     2.925472105320000
78.22500000     2.924160399550000
78.25000000     2.922493006530000
78.27500000     2.920401543880000
78.30000000     2.917952876540000
78.32500000     2.915221020220000
78.35000000     2.912225292910000
78.37500000     2.908972245660000
78.40000000     2.905468719090000
78.42500000     2.901731770090000
78.45000000     2.897795043860000
78.47500000     2.893669035460000
78.50000000     2.889384601580000
78.52500000     2.884970355930000
78.55000000     2.880453670940000
78.57500000     2.875862985620000
78.60000000     2.871227391010000
78.62500000     2.866576692440000
78.65000000     2.861940435220000
78.67500000     2.857348028320000
78.70000000     2.852828199250000
78.72500000     2.848408990950000
78.75000000     2.844117429830000
78.77500000     2.839979205030000
78.80000000     2.836018652440000
78.82500000     2.832258462420000
78.85000000     2.828719481070000
78.87500000     2.825420621300000
78.90000000     2.822378742780000
78.92500000     2.819608643550000
78.95000000     2.817122972860000
78.97500000     2.814932253560000
79.00000000     2.813044967740000
79.02500000     2.811467527680000
79.05000000     2.810204310070000
79.07500000     2.809257666060000
79.10000000     2.808627928370000
79.12500000     2.808313460560000
79.15000000     2.808310651830000
79.17500000     2.808614437600000
79.20000000     2.809219862670000
79.22500000     2.810116615820000
79.25000000     2.811295468770000
79.27500000     2.812750421980000
79.30000000     2.814453899000000
79.32500000     2.816475423990000
79.35000000     2.818772256600000
79.37500000     2.821045757220000
79.40000000     2.823676106930000
79.42500000     2.826592764670000
79.45000000     2.829684703120000
79.47500000     2.832940427550000
79.50000000     2.836358919110000
79.52500000     2.839929171280000
79.55000000     2.843638553440000
79.57500000     2.847472593550000
79.60000000     2.851415873720000
79.62500000     2.855452849720000
79.65000000     2.859567037420000
79.67500000     2.863741813850000
79.70000000     2.867959626260000
79.72500000     2.872202729740000
79.75000000     2.876452728320000
79.77500000     2.880690571660000
79.80000000     2.884896966110000
79.82500000     2.889052126690000
79.85000000     2.893135824610000
79.87500000     2.897127673560000
79.90000000     2.901007224100000
79.92500000     2.904753934640000
79.95000000     2.908347470210000
79.97500000     2.911767820640000
