20.00000000     2.459636299580000
20.02500000     2.459635654380000
20.05000000     2.459634669910000
20.07500000     2.459633346160000
20.10000000     2.459631684520000
20.12500000     2.459629687570000
20.15000000     2.459627359020000
20.17500000     2.459624703760000
20.20000000     2.459621727740000
20.22500000     2.459618438040000
20.25000000     2.459614842770000
20.27500000     2.459610951030000
20.30000000     2.459606772940000
20.32500000     2.459602319490000
20.35000000     2.459597602580000
20.37500000     2.459592634940000
20.40000000     2.459587430040000
20.42500000     2.459582002080000
20.45000000     2.459576365930000
20.47500000     2.459570537040000
20.50000000     2.459564531360000
20.52500000     2.459558365350000
20.55000000     2.459552055840000
20.57500000     2.459545619980000
20.60000000     2.459539075210000
20.62500000     2.459532439130000
20.65000000     2.459525729480000
20.67500000     2.459518964030000
20.70000000     2.459512160570000
20.72500000     2.459505336780000
20.75000000     2.459498510170000
20.77500000     2.459491698080000
20.80000000     2.459484917540000
20.82500000     2.459478185220000
20.85000000     2.459471517420000
20.87500000     2.459464929960000
20.90000000     2.459458438140000
20.92500000     2.459452056690000
20.95000000     2.459445799730000
20.97500000     2.459439680700000
21.00000000     2.459433712340000
21.02500000     2.459427906640000
21.05000000     2.459422274810000
21.07500000     2.459416827220000
21.10000000     2.459411573420000
21.12500000     2.459406522090000
21.15000000     2.459401680990000
21.17500000     2.459397057020000
21.20000000     2.459392656120000
21.22500000     2.459388483340000
21.25000000     2.459384542770000
21.27500000     2.459380837600000
21.30000000     2.459377370080000
21.32500000     2.459374141550000
21.35000000     2.459371152430000
21.37500000     2.459368402290000
21.40000000     2.459365889790000
21.42500000     2.459363612790000
21.45000000     2.459361568300000
21.47500000     2.459359752550000
21.50000000     2.459358161040000
21.52500000     2.459356788520000
21.55000000     2.459355629180000
21.57500000     2.459354671970000
21.60000000     2.459353925140000
21.62500000     2.459353362120000
21.65000000     2.459352982950000
21.67500000     2.459352779680000
21.70000000     2.459352742060000
21.72500000     2.459352860800000
21.75000000     2.459353126210000
21.77500000     2.459353528350000
21.80000000     2.459354057040000
21.82500000     2.459354702000000
21.85000000     2.459355452840000
21.87500000     2.459356299130000
21.90000000     2.459357230460000
21.92500000     2.459358236490000
21.95000000     2.459359306970000
21.97500000     2.459360431850000
22.00000000     2.459361601240000
22.02500000     2.459362805540000
22.05000000     2.459364035440000
22.07500000     2.459365281950000
22.10000000     2.459366536470000
22.12500000     2.459367790810000
22.15000000     2.459369037230000
22.17500000     2.459370268460000
22.20000000     2.459371477730000
22.22500000     2.459372658810000
22.25000000     2.459373806020000
22.27500000     2.459374914260000
22.30000000     2.459375978990000
22.32500000     2.459376996290000
22.35000000     2.459377962860000
22.37500000     2.459378875970000
22.40000000     2.459379733560000
22.42500000     2.459380534150000
22.45000000     2.459381276880000
22.47500000     2.459381961480000
22.50000000     2.459382588300000
22.52500000     2.459383158250000
22.55000000     2.459383672780000
22.57500000     2.459384133900000
22.60000000     2.459384544140000
22.62500000     2.459384906500000
22.65000000     2.459385224440000
22.67500000     2.459385501850000
22.70000000     2.459385743010000
22.72500000     2.459385952510000
22.75000000     2.459386135320000
22.77500000     2.459386296700000
22.80000000     2.459386442090000
22.82500000     2.459386577150000
22.85000000     2.459386707660000
22.87500000     2.459386839510000
22.90000000     2.459386978650000
22.92500000     2.459387131020000
22.95000000     2.459387302530000
22.97500000     2.459387499020000
23.00000000     2.459387726210000
23.02500000     2.459387989590000
23.05000000     2.459388294430000
23.07500000     2.459388645810000
23.10000000     2.459389048480000
23.12500000     2.459389506860000
23.15000000     2.459390024990000
23.17500000     2.459390606500000
23.20000000     2.459391254580000
23.22500000     2.459391971950000
23.25000000     2.459392760850000
23.27500000     2.459393623000000
23.30000000     2.459394559590000
23.32500000     2.459395571270000
23.35000000     2.459396658120000
23.37500000     2.459397819640000
23.40000000     2.459399054790000
23.42500000     2.459400361920000
23.45000000     2.459401738850000
23.47500000     2.459403182790000
23.50000000     2.459404690420000
23.52500000     2.459406257870000
23.55000000     2.459407880750000
23.57500000     2.459409554140000
23.60000000     2.459411272660000
23.62500000     2.459413030450000
23.65000000     2.459414821230000
23.67500000     2.459416638320000
23.70000000     2.459418474650000
23.72500000     2.459420322830000
23.75000000     2.459422175180000
23.77500000     2.459424023750000
23.80000000     2.459425860350000
23.82500000     2.459427676660000
23.85000000     2.459429464170000
23.87500000     2.459431214320000
23.90000000     2.459432918470000
23.92500000     2.459434567990000
23.95000000     2.459436154270000
23.97500000     2.459437668780000
24.00000000     2.459439103140000
24.02500000     2.459440449100000
24.05000000     2.459441698640000
24.07500000     2.459442843980000
24.10000000     2.459443877620000
24.12500000     2.459444792410000
24.15000000     2.459445581520000
24.17500000     2.459446238570000
24.20000000     2.459446757580000
24.22500000     2.459447133030000
24.25000000     2.459447359920000
24.27500000     2.459447433760000
24.30000000     2.459447350530000
24.32500000     2.459447106860000
24.35000000     2.459446700100000
24.37500000     2.459446128020000
24.40000000     2.459445388950000
24.42500000     2.459444484180000
24.45000000     2.459443410290000
24.47500000     2.459442160770000
24.50000000     2.459440755670000
24.52500000     2.459439181450000
24.55000000     2.459437444760000
24.57500000     2.459435548520000
24.60000000     2.459433496400000
24.62500000     2.459431292700000
24.65000000     2.459428942310000
24.67500000     2.459426450750000
24.70000000     2.459423824100000
24.72500000     2.459421069010000
24.75000000     2.459418192640000
24.77500000     2.459415202660000
24.80000000     2.459412107190000
24.82500000     2.459408914790000
24.85000000     2.459405634380000
24.87500000     2.459402275260000
24.90000000     2.459398847020000
24.92500000     2.459395359490000
24.95000000     2.459391822730000
24.97500000     2.459388246950000
25.00000000     2.459384642470000
25.02500000     2.459381019670000
25.05000000     2.459377388930000
25.07500000     2.459373760590000
25.10000000     2.459370144870000
25.12500000     2.459366551860000
25.15000000     2.459362991430000
25.17500000     2.459359473180000
25.20000000     2.459356006440000
25.22500000     2.459352600130000
25.25000000     2.459349262800000
25.27500000     2.459346002540000
25.30000000     2.459342826950000
25.32500000     2.459339743100000
25.35000000     2.459336757480000
25.37500000     2.459333876000000
25.40000000     2.459331103910000
25.42500000     2.459328445820000
25.45000000     2.459325905650000
25.47500000     2.459323486630000
25.50000000     2.459321191270000
25.52500000     2.459319021350000
25.55000000     2.459316977920000
25.57500000     2.459315061320000
25.60000000     2.459313271130000
25.62500000     2.459311606210000
25.65000000     2.459310064720000
25.67500000     2.459308644120000
25.70000000     2.459307341160000
25.72500000     2.459306151960000
25.75000000     2.459305072000000
25.77500000     2.459304096130000
25.80000000     2.459303218660000
25.82500000     2.459302433330000
25.85000000     2.459301733380000
25.87500000     2.459301111610000
25.90000000     2.459300560340000
25.92500000     2.459300071640000
25.95000000     2.459299636800000
25.97500000     2.459299245710000
26.00000000     2.459298896280000
26.02500000     2.459298570860000
26.05000000     2.459298264530000
26.07500000     2.459297967220000
26.10000000     2.459297669630000
26.12500000     2.459297362470000
26.15000000     2.459297036360000
26.17500000     2.459296683260000
26.20000000     2.459296292300000
26.22500000     2.459295852240000
26.25000000     2.459295362970000
26.27500000     2.459294810580000
26.30000000     2.459294186890000
26.32500000     2.459293485490000
26.35000000     2.459292699410000
26.37500000     2.459291822130000
26.40000000     2.459290847660000
26.42500000     2.459289770570000
26.45000000     2.459288586030000
26.47500000     2.459287289850000
26.50000000     2.459285878490000
26.52500000     2.459284349110000
26.55000000     2.459282699540000
26.57500000     2.459280928400000
26.60000000     2.459279035010000
26.62500000     2.459277019460000
26.65000000     2.459274882630000
26.67500000     2.459272626160000
26.70000000     2.459270252470000
26.72500000     2.459267764760000
26.75000000     2.459265167000000
26.77500000     2.459262463910000
26.80000000     2.459259660990000
26.82500000     2.459256764420000
26.85000000     2.459253781110000
26.87500000     2.459250718650000
26.90000000     2.459247585260000
26.92500000     2.459244389790000
26.95000000     2.459241141640000
26.97500000     2.459237850760000
27.00000000     2.459234527570000
27.02500000     2.459231182920000
27.05000000     2.459227828060000
27.07500000     2.459224474550000
27.10000000     2.459221134230000
27.12500000     2.459217819130000
27.15000000     2.459214541450000
27.17500000     2.459211313470000
27.20000000     2.459208147490000
27.22500000     2.459205055780000
27.25000000     2.459202050480000
27.27500000     2.459199143590000
27.30000000     2.459196346870000
27.32500000     2.459193671760000
27.35000000     2.459191129370000
27.37500000     2.459188730400000
27.40000000     2.459186485070000
27.42500000     2.459184403050000
27.45000000     2.459182493470000
27.47500000     2.459180764790000
27.50000000     2.459179225140000
27.52500000     2.459177875690000
27.55000000     2.459176735880000
27.57500000     2.459175810900000
27.60000000     2.459175083410000
27.62500000     2.459174577860000
27.65000000     2.459174291710000
27.67500000     2.459174227090000
27.70000000     2.459174385270000
27.72500000     2.459174766320000
27.75000000     2.459175369760000
27.77500000     2.459176194110000
27.80000000     2.459177236940000
27.82500000     2.459178494920000
27.85000000     2.459179963840000
27.87500000     2.459181638600000
27.90000000     2.459183513270000
27.92500000     2.459185581070000
27.95000000     2.459187834430000
27.97500000     2.459190265020000
28.00000000     2.459192863760000
28.02500000     2.459195620910000
28.05000000     2.459198526050000
28.07500000     2.459201568180000
28.10000000     2.459204735730000
28.12500000     2.459208016640000
28.15000000     2.459211398400000
28.17500000     2.459214868130000
28.20000000     2.459218412590000
28.22500000     2.459222018290000
28.25000000     2.459225671560000
28.27500000     2.459229358550000
28.30000000     2.459233065400000
28.32500000     2.459236778190000
28.35000000     2.459240483110000
28.37500000     2.459244166500000
28.40000000     2.459247814880000
28.42500000     2.459251415070000
28.45000000     2.459254954270000
28.47500000     2.459258420070000
28.50000000     2.459261800590000
28.52500000     2.459265084490000
28.55000000     2.459268261100000
28.57500000     2.459271320410000
28.60000000     2.459274253210000
28.62500000     2.459277051120000
28.65000000     2.459279706610000
28.67500000     2.459282213150000
28.70000000     2.459284565160000
28.72500000     2.459286758140000
28.75000000     2.459288788660000
28.77500000     2.459290654460000
28.80000000     2.459292354420000
28.82500000     2.459293888660000
28.85000000     2.459295258530000
28.87500000     2.459296466640000
28.90000000     2.459297516910000
28.92500000     2.459298414190000
28.95000000     2.459299171360000
28.97500000     2.459299781160000
29.00000000     2.459300258040000
29.02500000     2.459300628540000
29.05000000     2.459300887760000
29.07500000     2.459301053370000
29.10000000     2.459301140100000
29.12500000     2.459301163790000
29.15000000     2.459301141580000
29.17500000     2.459301091880000
29.20000000     2.459301034370000
29.22500000     2.459300989990000
29.25000000     2.459300980910000
29.27500000     2.459301030540000
29.30000000     2.459301163450000
29.32500000     2.459301405430000
29.35000000     2.459301783470000
29.37500000     2.459302321920000
29.40000000     2.459303064920000
29.42500000     2.459304020530000
29.45000000     2.459305235360000
29.47500000     2.459306738130000
29.50000000     2.459308562870000
29.52500000     2.459310744680000
29.55000000     2.459313319830000
29.57500000     2.459316325820000
29.60000000     2.459319801440000
29.62500000     2.459323786800000
29.65000000     2.459328323390000
29.67500000     2.459333454170000
29.70000000     2.459339223630000
29.72500000     2.459345677900000
29.75000000     2.459352864820000
29.77500000     2.459360834150000
29.80000000     2.459369637610000
29.82500000     2.459379329110000
29.85000000     2.459389964890000
29.87500000     2.459401603740000
29.90000000     2.459414307190000
29.92500000     2.459428139800000
29.95000000     2.459443169380000
29.97500000     2.459459467320000
30.00000000     2.459477108890000
30.02500000     2.459496173640000
30.05000000     2.459516745750000
30.07500000     2.459538914490000
30.10000000     2.459562774690000
30.12500000     2.459588427260000
30.15000000     2.459615979760000
30.17500000     2.459645547000000
30.20000000     2.459677251780000
30.22500000     2.459711225560000
30.25000000     2.459747609330000
30.27500000     2.459786554490000
30.30000000     2.459828223820000
30.32500000     2.459872792550000
30.35000000     2.459920449550000
30.37500000     2.459971398610000
30.40000000     2.460025859850000
30.42500000     2.460084071290000
30.45000000     2.460146290560000
30.47500000     2.460212796790000
30.50000000     2.460283892720000
30.52500000     2.460359906980000
30.55000000     2.460441196670000
30.57500000     2.460528150210000
30.60000000     2.460621190510000
30.62500000     2.460720778450000
30.65000000     2.460827416900000
30.67500000     2.460941655030000
30.70000000     2.461064093360000
30.72500000     2.461195389230000
30.75000000     2.461336263120000
30.77500000     2.461487505710000
30.80000000     2.461649985900000
30.82500000     2.461824659880000
30.85000000     2.462012581550000
30.87500000     2.462214914270000
30.90000000     2.462432944400000
30.92500000     2.462668096800000
30.95000000     2.462921952650000
30.97500000     2.463196270000000
31.00000000     2.463493007540000
31.02500000     2.463814352090000
31.05000000     2.464162750650000
31.07500000     2.464540947680000
31.10000000     2.464952028680000
31.12500000     2.465399471270000
31.15000000     2.465887205170000
31.17500000     2.466419682910000
31.20000000     2.467001963310000
31.22500000     2.467639810370000
31.25000000     2.468339810700000
31.27500000     2.469109513280000
31.30000000     2.469957596320000
31.32500000     2.470894066830000
31.35000000     2.471930499990000
31.37500000     2.473080326730000
31.40000000     2.474359180150000
31.42500000     2.475785313440000
31.45000000     2.477380104970000
31.47500000     2.479168669620000
31.50000000     2.481180599310000
31.52500000     2.483450860960000
31.55000000     2.486020885250000
31.57500000     2.488939886230000
31.60000000     2.492266459020000
31.62500000     2.496070509680000
31.65000000     2.500435578930000
31.67500000     2.505461625960000
31.70000000     2.511268340590000
31.72500000     2.517999045730000
31.75000000     2.525825234060000
31.77500000     2.534951743220000
31.80000000     2.545622502580000
31.82500000     2.558126663840000
31.85000000     2.572804737620000
31.87500000     2.590054072400000
31.90000000     2.610332604520000
31.92500000     2.634159261640000
31.95000000     2.662108722830000
31.97500000     2.694797489570000
32.00000000     2.732857561760000
32.02500000     2.776893748380000
32.05000000     2.827421255640000
32.07500000     2.884782303560000
32.10000000     2.949044702270000
32.12500000     3.019891747750000
32.15000000     3.096520703000000
32.17500000     3.177574305260000
32.20000000     3.261132623270000
32.22500000     3.344787435870000
32.25000000     3.425806369670000
32.27500000     3.501371789270000
32.30000000     3.568856993490000
32.32500000     3.626088760590000
32.35000000     3.671546997530000
32.37500000     3.704468713450000
32.40000000     3.724844726960000
32.42500000     3.733244450200000
32.45000000     3.731095014100000
32.47500000     3.719765862580000
32.50000000     3.700899621470000
32.52500000     3.676267031530000
32.55000000     3.647497457680000
32.57500000     3.616054582640000
32.60000000     3.583193863390000
32.62500000     3.549946275340000
32.65000000     3.517121936090000
32.67500000     3.485326910510000
32.70000000     3.454987472700000
32.72500000     3.426377681860000
32.75000000     3.399647299910000
32.77500000     3.374848113570000
32.80000000     3.351957543560000
32.82500000     3.330899025190000
32.85000000     3.311559058180000
32.87500000     3.293801073980000
32.90000000     3.277476406370000
32.92500000     3.262432710260000
32.95000000     3.248520452540000
32.97500000     3.235596290730000
33.00000000     3.223528078600000
33.02500000     3.212194571690000
33.05000000     3.201487586690000
33.07500000     3.191311644660000
33.10000000     3.181583834580000
33.12500000     3.172233086830000
33.15000000     3.163199250740000
33.17500000     3.154432047820000
33.20000000     3.145889956320000
33.22500000     3.137539093560000
33.25000000     3.129352137110000
33.27500000     3.121307315800000
33.30000000     3.113387487740000
33.32500000     3.105579312570000
33.35000000     3.097872521370000
33.37500000     3.090259291880000
33.40000000     3.082733724040000
33.42500000     3.075291401600000
33.45000000     3.067929024280000
33.47500000     3.060644109570000
33.50000000     3.053434771870000
33.52500000     3.046299539690000
33.55000000     3.039237220740000
33.57500000     3.032246800370000
33.60000000     3.025327367410000
33.62500000     3.018478061990000
33.65000000     3.011698040060000
33.67500000     3.004986450870000
33.70000000     2.998342426410000
33.72500000     2.991765076260000
33.75000000     2.985253487340000
33.77500000     2.978806726980000
33.80000000     2.972423847040000
33.82500000     2.966103888740000
33.85000000     2.959845887390000
33.87500000     2.953648876890000
33.90000000     2.947511893930000
33.92500000     2.941433981540000
33.95000000     2.935414192250000
33.97500000     2.929451590610000
34.00000000     2.923545255290000
34.02500000     2.917694280640000
34.05000000     2.911897777870000
34.07500000     2.906154875940000
34.10000000     2.900464722030000
34.12500000     2.894826481890000
34.15000000     2.889239339930000
34.17500000     2.883702499150000
34.20000000     2.878215180980000
34.22500000     2.872776624980000
34.25000000     2.867386088530000
34.27500000     2.862042846430000
34.30000000     2.856746190490000
34.32500000     2.851495429090000
34.35000000     2.846289886750000
34.37500000     2.841128903680000
34.40000000     2.836011835340000
34.42500000     2.830938052030000
34.45000000     2.825906938390000
34.47500000     2.820917893060000
34.50000000     2.815970328180000
34.52500000     2.811063669030000
34.55000000     2.806197353620000
34.57500000     2.801370832240000
34.60000000     2.796583567160000
34.62500000     2.791835032180000
34.65000000     2.787124712310000
34.67500000     2.782452103410000
34.70000000     2.777816711840000
34.72500000     2.773218054160000
34.75000000     2.768655656790000
34.77500000     2.764129055730000
34.80000000     2.759637796240000
34.82500000     2.755181432610000
34.85000000     2.750759527850000
34.87500000     2.746371653440000
34.90000000     2.742017389080000
34.92500000     2.737696322480000
34.95000000     2.733408049070000
34.97500000     2.729152171820000
35.00000000     2.724928300990000
35.02500000     2.720736053940000
35.05000000     2.716575054940000
35.07500000     2.712444934920000
35.10000000     2.708345331330000
35.12500000     2.704275887930000
35.15000000     2.700236254610000
35.17500000     2.696226087240000
35.20000000     2.692245047480000
35.22500000     2.688292802620000
35.25000000     2.684369025440000
35.27500000     2.680473394020000
35.30000000     2.676605591650000
35.32500000     2.672765306650000
35.35000000     2.668952232250000
35.37500000     2.665166066440000
35.40000000     2.661406511870000
35.42500000     2.657673275710000
35.45000000     2.653966069530000
35.47500000     2.650284609210000
35.50000000     2.646628614810000
35.52500000     2.642997810480000
35.55000000     2.639391924360000
35.57500000     2.635810688490000
35.60000000     2.632253838730000
35.62500000     2.628721114670000
35.65000000     2.625212259560000
35.67500000     2.621727020270000
35.70000000     2.618265147180000
35.72500000     2.614826394180000
35.75000000     2.611410518570000
35.77500000     2.608017281080000
35.80000000     2.604646445790000
35.82500000     2.601297780150000
35.85000000     2.597971054910000
35.87500000     2.594666044160000
35.90000000     2.591382525290000
35.92500000     2.588120279020000
35.95000000     2.584879089420000
35.97500000     2.581658743890000
36.00000000     2.578459033230000
36.02500000     2.575279751680000
36.05000000     2.572120696960000
36.07500000     2.568981670350000
36.10000000     2.565862476770000
36.12500000     2.562762924870000
36.15000000     2.559682827160000
36.17500000     2.556622000110000
36.20000000     2.553580264370000
36.22500000     2.550557444860000
36.25000000     2.547553371000000
36.27500000     2.544567876940000
36.30000000     2.541600801740000
36.32500000     2.538651989650000
36.35000000     2.535721290410000
36.37500000     2.532808559480000
36.40000000     2.529913658450000
36.42500000     2.527036455320000
36.45000000     2.524176824950000
36.47500000     2.521334649450000
36.50000000     2.518509818620000
36.52500000     2.515702230510000
36.55000000     2.512911791880000
36.57500000     2.510138418840000
36.60000000     2.507382037470000
36.62500000     2.504642584470000
36.65000000     2.501920007920000
36.67500000     2.499214268060000
36.70000000     2.496525338130000
36.72500000     2.493853205340000
36.75000000     2.491197871780000
36.77500000     2.488559355540000
36.80000000     2.485937691900000
36.82500000     2.483332934470000
36.85000000     2.480745156630000
36.87500000     2.478174452920000
36.90000000     2.475620940610000
36.92500000     2.473084761380000
36.95000000     2.470566083120000
36.97500000     2.468065101910000
37.00000000     2.465582044110000
37.02500000     2.463117168660000
37.05000000     2.460670769570000
37.07500000     2.458243178590000
37.10000000     2.455834768110000
37.12500000     2.453445954370000
37.15000000     2.451077200830000
37.17500000     2.448729021940000
37.20000000     2.446401987190000
37.22500000     2.444096725560000
37.25000000     2.441813930280000
37.27500000     2.439554364140000
37.30000000     2.437318865230000
37.32500000     2.435108353160000
37.35000000     2.432923836000000
37.37500000     2.430766417760000
37.40000000     2.428637306620000
37.42500000     2.426537824020000
37.45000000     2.424469414570000
37.47500000     2.422433657020000
37.50000000     2.420432276280000
37.52500000     2.418467156700000
37.55000000     2.416540356730000
37.57500000     2.414654125040000
37.60000000     2.412810918410000
37.62500000     2.411013421440000
37.65000000     2.409264568400000
37.67500000     2.407567567370000
37.70000000     2.405925927000000
37.72500000     2.404343486140000
37.75000000     2.402824446570000
37.77500000     2.401373409430000
37.80000000     2.399995415480000
37.82500000     2.398695989600000
37.85000000     2.397481190090000
37.87500000     2.396357665320000
37.90000000     2.395332662600000
37.92500000     2.394410948970000
37.95000000     2.393614792550000
37.97500000     2.392937095240000
38.00000000     2.392391008760000
38.02500000     2.391995850770000
38.05000000     2.391760927420000
38.07500000     2.391700342020000
38.10000000     2.391829599730000
38.12500000     2.392165702960000
38.15000000     2.392727362160000
38.17500000     2.393535094700000
38.20000000     2.394611387850000
38.22500000     2.395980865230000
38.25000000     2.397670517230000
38.27500000     2.399709668790000
38.30000000     2.402130035880000
38.32500000     2.404966180010000
38.35000000     2.408255391360000
38.37500000     2.412037653920000
38.40000000     2.416355615760000
38.42500000     2.421254431710000
38.45000000     2.426781459140000
38.47500000     2.432985781760000
38.50000000     2.439917522130000
38.52500000     2.447626893330000
38.55000000     2.456162937110000
38.57500000     2.465571895680000
38.60000000     2.475895166080000
38.62500000     2.487166795740000
38.65000000     2.499410497510000
38.67500000     2.512636192030000
38.70000000     2.526836127400000
38.72500000     2.541980685280000
38.75000000     2.558014054560000
38.77500000     2.574850037760000
38.80000000     2.592368342350000
38.82500000     2.610411792420000
38.85000000     2.628784955390000
38.87500000     2.647254693770000
38.90000000     2.665553107940000
38.92500000     2.683383210800000
38.95000000     2.700427466550000
38.97500000     2.716359040270000
39.00000000     2.730855268640000
39.02500000     2.743612533170000
39.05000000     2.754361373360000
39.07500000     2.762881339300000
39.10000000     2.769004553430000
39.12500000     2.772758703570000
39.15000000     2.773690777150000
39.17500000     2.772479346280000
39.20000000     2.768847707300000
39.22500000     2.763102968010000
39.25000000     2.755428111870000
39.27500000     2.746112042400000
39.30000000     2.735443126270000
39.32500000     2.723718851440000
39.35000000     2.711233032720000
39.37500000     2.698265575230000
39.40000000     2.685074471500000
39.42500000     2.671890124720000
39.45000000     2.658911904860000
39.47500000     2.646306695180000
39.50000000     2.634209099850000
39.52500000     2.622722950590000
39.55000000     2.611923747420000
39.57500000     2.601861703690000
39.60000000     2.592565121400000
39.62500000     2.584043246760000
39.65000000     2.576292547580000
39.67500000     2.569293462680000
39.70000000     2.563022209350000
39.72500000     2.557444183090000
39.75000000     2.552522938360000
39.77500000     2.548218967840000
39.80000000     2.544491820000000
39.82500000     2.541301317920000
39.85000000     2.538608503930000
39.87500000     2.536376407340000
39.90000000     2.534564731410000
39.92500000     2.533163857710000
39.95000000     2.532111508040000
39.97500000     2.531404159970000
40.00000000     2.531012910760000
40.02500000     2.530917699800000
40.05000000     2.531100840110000
40.07500000     2.531547248540000
40.10000000     2.532243960680000
40.12500000     2.533179904610000
40.15000000     2.534345615200000
40.17500000     2.535732935230000
40.20000000     2.537334712840000
40.22500000     2.539144500390000
40.25000000     2.541156257340000
40.27500000     2.543364060460000
40.30000000     2.545761823420000
40.32500000     2.548343028470000
40.35000000     2.551100472240000
40.37500000     2.554026028230000
40.40000000     2.557110428960000
40.42500000     2.560343070620000
40.45000000     2.563711844130000
40.47500000     2.567202996070000
40.50000000     2.570801024120000
40.52500000     2.574488610980000
40.55000000     2.578246601460000
40.57500000     2.582054026540000
40.60000000     2.585888178260000
40.62500000     2.589724737870000
40.65000000     2.593537958940000
40.67500000     2.597300905410000
40.70000000     2.600985742810000
40.72500000     2.604564078640000
40.75000000     2.608007346350000
40.77500000     2.611287224130000
40.80000000     2.614376078990000
40.82500000     2.617247423350000
40.85000000     2.619876371270000
40.87500000     2.622240079580000
40.90000000     2.624318159690000
40.92500000     2.626093045800000
40.95000000     2.627550306870000
40.97500000     2.628678891480000
41.00000000     2.629471296150000
41.02500000     2.629923664840000
41.05000000     2.630035589670000
41.07500000     2.629810458760000
41.10000000     2.629261138640000
41.12500000     2.628375892980000
41.15000000     2.627197291780000
41.17500000     2.625722589910000
41.20000000     2.623973504720000
41.22500000     2.621969407990000
41.25000000     2.619731100640000
41.27500000     2.617280377760000
41.30000000     2.614639642700000
41.32500000     2.611831544030000
41.35000000     2.608878643810000
41.37500000     2.605803122730000
41.40000000     2.602626526650000
41.42500000     2.599369556110000
41.45000000     2.596051899640000
41.47500000     2.592692109490000
41.50000000     2.589307517560000
41.52500000     2.585914188240000
41.55000000     2.582526904330000
41.57500000     2.579159181550000
41.60000000     2.575823307160000
41.62500000     2.572530398250000
41.65000000     2.569290475210000
41.67500000     2.566112546480000
41.70000000     2.563004700780000
41.72500000     2.559974203790000
41.75000000     2.557027596200000
41.77500000     2.554170791240000
41.80000000     2.551409169470000
41.82500000     2.548747669610000
41.85000000     2.546190874370000
41.87500000     2.543743090390000
41.90000000     2.541408421950000
41.92500000     2.539190838330000
41.95000000     2.537094234520000
41.97500000     2.535122485600000
42.00000000     2.533279494850000
42.02500000     2.531569235830000
42.05000000     2.529995788610000
42.07500000     2.528563370610000
42.10000000     2.527276361750000
42.12500000     2.526139324580000
42.15000000     2.525157019080000
42.17500000     2.524334404260000
42.20000000     2.523676866140000
42.22500000     2.523184254630000
42.25000000     2.522881215530000
42.27500000     2.522747686020000
42.30000000     2.522805290440000
42.32500000     2.523056553000000
42.35000000     2.523507578920000
42.37500000     2.524164556160000
42.40000000     2.525033700620000
42.42500000     2.526121101610000
42.45000000     2.527432666420000
42.47500000     2.528974016670000
42.50000000     2.530750369550000
42.52500000     2.532766401140000
42.55000000     2.535026092810000
42.57500000     2.537532559060000
42.60000000     2.540287858380000
42.62500000     2.543292786690000
42.65000000     2.546546656490000
42.67500000     2.550047063260000
42.70000000     2.553789643920000
42.72500000     2.557767831930000
42.75000000     2.561972615870000
42.77500000     2.566392309440000
42.80000000     2.571012342260000
42.82500000     2.575815082210000
42.85000000     2.580779700920000
42.87500000     2.585882094960000
42.90000000     2.591094875110000
42.92500000     2.596387435630000
42.95000000     2.601726114350000
42.97500000     2.607074451780000
43.00000000     2.612393554530000
43.02500000     2.617642564350000
43.05000000     2.622779229040000
43.07500000     2.627760566470000
43.10000000     2.632543607090000
43.12500000     2.637086194970000
43.15000000     2.641347822670000
43.17500000     2.645290471120000
43.20000000     2.648879423360000
43.22500000     2.652084020340000
43.25000000     2.654878327950000
43.27500000     2.657241687600000
43.30000000     2.659159127910000
43.32500000     2.660621622180000
43.35000000     2.661625903100000
43.37500000     2.662183605860000
43.40000000     2.662271175350000
43.42500000     2.661949478860000
43.45000000     2.661207048740000
43.47500000     2.660074467340000
43.50000000     2.658578433840000
43.52500000     2.656748536560000
43.55000000     2.654616493030000
43.57500000     2.652215435750000
43.60000000     2.649579230080000
43.62500000     2.646741844220000
43.65000000     2.643736787560000
43.67500000     2.640596627270000
43.70000000     2.637352589110000
43.72500000     2.634034243470000
43.75000000     2.630669274830000
43.77500000     2.627283329700000
43.80000000     2.623899936160000
43.82500000     2.620540486570000
43.85000000     2.617224274210000
43.87500000     2.613968574430000
43.90000000     2.610788760910000
43.92500000     2.607698448150000
43.95000000     2.604709652270000
43.97500000     2.601832962840000
44.00000000     2.599077719650000
44.02500000     2.596452189260000
44.05000000     2.593963737250000
44.07500000     2.591618992830000
44.10000000     2.589424003600000
44.12500000     2.587384378570000
44.15000000     2.585505418570000
44.17500000     2.583792233280000
44.20000000     2.582249844780000
44.22500000     2.580883277550000
44.25000000     2.579697635310000
44.27500000     2.578698164650000
44.30000000     2.577890306370000
44.32500000     2.577279733880000
44.35000000     2.576872379910000
44.37500000     2.576674450300000
44.40000000     2.576692543190000
44.42500000     2.576928052470000
44.45000000     2.577407258880000
44.47500000     2.578110536370000
44.50000000     2.579061945950000
44.52500000     2.580264840470000
44.55000000     2.581726701020000
44.57500000     2.583454815470000
44.60000000     2.585456227660000
44.62500000     2.587737589290000
44.65000000     2.590304988200000
44.67500000     2.593163752220000
44.70000000     2.596318228820000
44.72500000     2.599771540270000
44.75000000     2.603525315610000
44.77500000     2.607579401290000
44.80000000     2.611931554330000
44.82500000     2.616577122480000
44.85000000     2.621508718680000
44.87500000     2.626715898190000
44.90000000     2.632184849230000
44.92500000     2.637898109750000
44.95000000     2.643834324920000
44.97500000     2.649968061260000
45.00000000     2.656269694360000
45.02500000     2.662705387320000
45.05000000     2.669237176380000
45.07500000     2.675823178150000
45.10000000     2.682417929880000
45.12500000     2.688972869680000
45.15000000     2.695436957950000
45.17500000     2.701757434410000
45.20000000     2.707880697840000
45.22500000     2.713753287710000
45.25000000     2.719322939460000
45.27500000     2.724539678650000
45.30000000     2.729356914260000
45.32500000     2.733732488040000
45.35000000     2.737629637140000
45.37500000     2.741017828610000
45.40000000     2.743873430270000
45.42500000     2.746180189460000
45.45000000     2.747929172450000
45.47500000     2.749129175470000
45.50000000     2.749752879850000
45.52500000     2.749860429680000
45.55000000     2.749443938620000
45.57500000     2.748535982170000
45.60000000     2.747167838610000
45.62500000     2.745374926710000
45.65000000     2.743195853710000
45.67500000     2.740671472020000
45.70000000     2.737843961480000
45.72500000     2.734755968240000
45.75000000     2.731449824680000
45.77500000     2.727966866510000
45.80000000     2.724346857890000
45.82500000     2.720627528390000
45.85000000     2.716844221070000
45.87500000     2.713029646860000
45.90000000     2.709213737000000
45.92500000     2.705423582770000
45.95000000     2.701683450890000
45.97500000     2.698014861850000
46.00000000     2.694436718620000
46.02500000     2.690965473790000
46.05000000     2.687615323930000
46.07500000     2.684398421100000
46.10000000     2.681325093050000
46.12500000     2.678404064700000
46.15000000     2.675642674810000
46.17500000     2.673047083360000
46.20000000     2.670622465890000
46.22500000     2.668373192310000
46.25000000     2.666302988460000
46.27500000     2.664415079630000
46.30000000     2.662712315330000
46.32500000     2.661197275720000
46.35000000     2.659872359770000
46.37500000     2.658739856110000
46.40000000     2.657801996850000
46.42500000     2.657060995780000
46.45000000     2.656519071060000
46.47500000     2.656178453930000
46.50000000     2.656041383450000
46.52500000     2.656110095280000
46.55000000     2.656386534270000
46.57500000     2.656874661400000
46.60000000     2.657572456510000
46.62500000     2.658484984670000
46.65000000     2.659612900470000
46.67500000     2.660957224270000
46.70000000     2.662518622680000
46.72500000     2.664297195370000
46.75000000     2.666292362380000
46.77500000     2.668502742860000
46.80000000     2.670926027650000
46.82500000     2.673558847730000
46.85000000     2.676396639950000
46.87500000     2.679433513080000
46.90000000     2.682662116710000
46.92500000     2.686073516690000
46.95000000     2.689657081070000
46.97500000     2.693400380750000
47.00000000     2.697289109770000
47.02500000     2.701307030080000
47.05000000     2.705435945970000
47.07500000     2.709655713200000
47.10000000     2.713944287320000
47.12500000     2.718277815540000
47.15000000     2.722630775190000
47.17500000     2.726976160940000
47.20000000     2.731285721450000
47.22500000     2.735530244580000
47.25000000     2.739679888190000
47.27500000     2.743704552060000
47.30000000     2.747574283850000
47.32500000     2.751259710810000
47.35000000     2.754732486500000
47.37500000     2.757965741180000
47.40000000     2.760934522760000
47.42500000     2.763616215430000
47.45000000     2.765990922900000
47.47500000     2.768041803980000
47.50000000     2.769755349990000
47.52500000     2.771121593220000
47.55000000     2.772134250640000
47.57500000     2.772793156660000
47.60000000     2.773086526600000
47.62500000     2.773043366880000
47.65000000     2.772652864260000
47.67500000     2.771931871650000
47.70000000     2.770894808640000
47.72500000     2.769558684230000
47.75000000     2.767942743780000
47.77500000     2.766068085330000
47.80000000     2.763957265450000
47.82500000     2.761633906690000
47.85000000     2.759122317380000
47.87500000     2.756447132510000
47.90000000     2.753632982990000
47.92500000     2.750704198580000
47.95000000     2.747684548610000
47.97500000     2.744597022290000
48.00000000     2.741463649730000
48.02500000     2.738305362600000
48.05000000     2.735141893140000
48.07500000     2.731991708560000
48.10000000     2.728871977750000
48.12500000     2.725798566360000
48.15000000     2.722786056490000
48.17500000     2.719847786720000
48.20000000     2.716995908610000
48.22500000     2.714241455830000
48.25000000     2.711594422310000
48.27500000     2.709063846290000
48.30000000     2.706657897320000
48.32500000     2.704383963660000
48.35000000     2.702248738170000
48.37500000     2.700258300650000
48.40000000     2.698418195280000
48.42500000     2.696733502150000
48.45000000     2.695208901620000
48.47500000     2.693848731340000
48.50000000     2.692657034790000
48.52500000     2.691637601760000
48.55000000     2.690793999700000
48.57500000     2.690129596740000
48.60000000     2.689647575270000
48.62500000     2.689350937860000
48.65000000     2.689242521110000
48.67500000     2.689321961020000
48.70000000     2.689603405120000
48.72500000     2.690071553670000
48.75000000     2.690739905090000
48.77500000     2.691606953980000
48.80000000     2.692673909190000
48.82500000     2.693941461800000
48.85000000     2.695409779160000
48.87500000     2.697078429120000
48.90000000     2.698946297790000
48.92500000     2.701011501670000
48.95000000     2.703271296390000
48.97500000     2.705721982630000
49.00000000     2.708358811580000
49.02500000     2.711175891460000
49.05000000     2.714166097770000
49.07500000     2.717320989660000
49.10000000     2.720630735330000
49.12500000     2.724084049620000
49.15000000     2.727668147140000
49.17500000     2.731368714180000
49.20000000     2.735169902960000
49.22500000     2.739054351450000
49.25000000     2.743003231770000
49.27500000     2.746996329800000
49.30000000     2.751012157910000
49.32500000     2.755028102210000
49.35000000     2.759020604430000
49.37500000     2.762965377770000
49.40000000     2.766837654810000
49.42500000     2.770612464150000
49.45000000     2.774264931390000
49.47500000     2.777770598800000
49.50000000     2.781105756830000
49.52500000     2.784247779780000
49.55000000     2.787175457290000
49.57500000     2.789869312790000
49.60000000     2.792311900360000
49.62500000     2.794488071340000
49.65000000     2.796385203220000
49.67500000     2.797993384120000
49.70000000     2.799305547650000
49.72500000     2.800317557320000
49.75000000     2.801027985340000
49.77500000     2.801444287610000
49.80000000     2.801551414210000
49.82500000     2.801383324400000
49.85000000     2.800933746560000
49.87500000     2.800218355800000
49.90000000     2.799251381620000
49.92500000     2.798048844500000
49.95000000     2.796628266590000
49.97500000     2.795008381360000
50.00000000     2.793208842410000
50.02500000     2.791249937480000
50.05000000     2.789152314610000
50.07500000     2.786936725660000
50.10000000     2.784623791760000
50.12500000     2.782233794000000
50.15000000     2.779786491320000
50.17500000     2.777300966500000
50.20000000     2.774795500350000
50.22500000     2.772287473240000
50.25000000     2.769793292520000
50.27500000     2.767328343990000
50.30000000     2.764906964990000
50.32500000     2.762542436560000
50.35000000     2.760246992040000
50.37500000     2.758031839090000
50.40000000     2.755907192800000
50.42500000     2.753882316790000
50.45000000     2.751965570370000
50.47500000     2.750164459100000
50.50000000     2.748485687170000
50.52500000     2.746935209470000
50.55000000     2.745518282220000
50.57500000     2.744239510580000
50.60000000     2.743102892520000
50.62500000     2.742111857900000
50.65000000     2.741269302200000
50.67500000     2.740577614670000
50.70000000     2.740038700220000
50.72500000     2.739653995880000
50.75000000     2.739424478230000
50.77500000     2.739348891730000
50.80000000     2.739434754690000
50.82500000     2.739670019890000
50.85000000     2.740062014080000
50.87500000     2.740607076770000
50.90000000     2.741303388140000
50.92500000     2.742148533340000
50.95000000     2.743139532100000
50.97500000     2.744272811800000
51.00000000     2.745544179250000
51.02500000     2.746948792810000
51.05000000     2.748481135990000
51.07500000     2.750134993500000
51.10000000     2.751903430860000
51.12500000     2.753778779000000
51.15000000     2.755752624910000
51.17500000     2.757815809650000
51.20000000     2.759958434960000
51.22500000     2.762169879350000
51.25000000     2.764438825050000
51.27500000     2.766753296210000
51.30000000     2.769100709390000
51.32500000     2.771467936580000
51.35000000     2.773841380930000
51.37500000     2.776207065110000
51.40000000     2.778550731730000
51.42500000     2.780857955060000
51.45000000     2.783114262850000
51.47500000     2.785305266600000
51.50000000     2.787416798450000
51.52500000     2.789435052460000
51.55000000     2.791346727710000
51.57500000     2.793139170640000
51.60000000     2.794800513650000
51.62500000     2.796319807270000
51.65000000     2.797687142910000
51.67500000     2.798893763710000
51.70000000     2.799932160730000
51.72500000     2.800796152680000
51.75000000     2.801480947080000
51.77500000     2.801983181460000
51.80000000     2.802300878390000
51.82500000     2.802436664880000
51.85000000     2.802378634100000
51.87500000     2.802149720580000
51.90000000     2.801739098140000
51.92500000     2.801155561980000
51.95000000     2.800405202860000
51.97500000     2.799495221490000
52.00000000     2.798433765840000
52.02500000     2.797229813460000
52.05000000     2.795893048750000
52.07500000     2.794433736990000
52.10000000     2.792862598210000
52.12500000     2.791190683280000
52.15000000     2.789429254570000
52.17500000     2.787589672840000
52.20000000     2.785683291930000
52.22500000     2.783721362270000
52.25000000     2.781714944070000
52.27500000     2.779674830690000
52.30000000     2.777611482320000
52.32500000     2.775534970100000
52.35000000     2.773454930230000
52.37500000     2.771380527730000
52.40000000     2.769320429190000
52.42500000     2.767282783730000
52.45000000     2.765275211500000
52.47500000     2.763304798730000
52.50000000     2.761378098460000
52.52500000     2.759501136120000
52.55000000     2.757679419050000
52.57500000     2.755917949180000
52.60000000     2.754221238050000
52.62500000     2.752593323490000
52.65000000     2.751037787300000
52.67500000     2.749557773460000
52.70000000     2.748156006180000
52.72500000     2.746834807580000
52.75000000     2.745596114550000
52.77500000     2.744441494590000
52.80000000     2.743372160240000
52.82500000     2.742388982310000
52.85000000     2.741492501370000
52.87500000     2.740682937940000
52.90000000     2.739960200930000
52.92500000     2.739323894860000
52.95000000     2.738773325450000
52.97500000     2.738307504320000
53.00000000     2.737925152410000
53.02500000     2.737624700320000
53.05000000     2.737403625260000
53.07500000     2.737262810500000
53.10000000     2.737194766430000
53.12500000     2.737200624420000
53.15000000     2.737276235620000
53.17500000     2.737418372310000
53.20000000     2.737623499610000
53.22500000     2.737887809650000
53.25000000     2.738207227970000
53.27500000     2.738577421180000
53.30000000     2.738993805770000
53.32500000     2.739451559480000
53.35000000     2.739945634520000
53.37500000     2.740470773360000
53.40000000     2.741021526800000
53.42500000     2.741592274660000
53.45000000     2.742177248940000
53.47500000     2.742770559580000
53.50000000     2.743366222550000
53.52500000     2.743958190410000
53.55000000     2.744540384870000
53.57500000     2.745106731370000
53.60000000     2.745651195220000
53.62500000     2.746167818950000
53.65000000     2.746650760640000
53.67500000     2.747094332630000
53.70000000     2.747493040140000
53.72500000     2.747841619470000
53.75000000     2.748135075080000
53.77500000     2.748368715210000
53.80000000     2.748538185330000
53.82500000     2.748639499380000
53.85000000     2.748669067410000
53.87500000     2.748623688350000
53.90000000     2.748502091240000
53.92500000     2.748295957900000
53.95000000     2.748013117370000
53.97500000     2.747645513550000
54.00000000     2.747194041030000
54.02500000     2.746658348830000
54.05000000     2.746038564560000
54.07500000     2.745335281480000
54.10000000     2.744549544700000
54.12500000     2.743682833670000
54.15000000     2.742737041230000
54.17500000     2.741714449410000
54.20000000     2.740617702510000
54.22500000     2.739449777740000
54.25000000     2.738213954280000
54.27500000     2.736913780830000
54.30000000     2.735553042530000
54.32500000     2.734135727390000
54.35000000     2.732665992900000
54.37500000     2.731148133060000
54.40000000     2.729586546300000
54.42500000     2.727985704620000
54.45000000     2.726350124190000
54.47500000     2.724684337620000
54.50000000     2.722992868230000
54.52500000     2.721280206230000
54.55000000     2.719550787220000
54.57500000     2.717808972710000
54.60000000     2.716059033020000
54.62500000     2.714305132290000
54.65000000     2.712551315650000
54.67500000     2.710801498510000
54.70000000     2.709059457710000
54.72500000     2.707328824630000
54.75000000     2.705613079910000
54.77500000     2.703915549760000
54.80000000     2.702239403670000
54.82500000     2.700587653360000
54.85000000     2.698963152750000
54.87500000     2.697368598950000
54.90000000     2.695806533900000
54.92500000     2.694279346720000
54.95000000     2.692789276480000
54.97500000     2.691338415330000
55.00000000     2.689928711870000
55.02500000     2.688561974630000
55.05000000     2.687239875560000
55.07500000     2.685963953400000
55.10000000     2.684735617030000
55.12500000     2.683556148450000
55.15000000     2.682426705600000
55.17500000     2.681348324800000
55.20000000     2.680321922860000
55.22500000     2.679348298780000
55.25000000     2.678428135090000
55.27500000     2.677561998730000
55.30000000     2.676750341580000
55.32500000     2.675993500470000
55.35000000     2.675291696930000
55.37500000     2.674645036440000
55.40000000     2.674053507460000
55.42500000     2.673516979900000
55.45000000     2.673035203680000
55.47500000     2.672607806830000
55.50000000     2.672234300170000
55.52500000     2.671913274460000
55.55000000     2.671647192390000
55.57500000     2.671430164160000
55.60000000     2.671264686260000
55.62500000     2.671148655950000
55.65000000     2.671080799710000
55.67500000     2.671059711600000
55.70000000     2.671083791020000
55.72500000     2.671151340390000
55.75000000     2.671260514740000
55.77500000     2.671409325260000
55.80000000     2.671595643420000
55.82500000     2.671817202450000
55.85000000     2.672071600540000
55.87500000     2.672356304030000
55.90000000     2.672668652440000
55.92500000     2.673005863880000
55.95000000     2.673365041980000
55.97500000     2.673743183740000
56.00000000     2.674137188580000
56.02500000     2.674543868680000
56.05000000     2.674959960170000
56.07500000     2.675382135870000
56.10000000     2.675807018740000
56.12500000     2.676231196600000
56.15000000     2.676651237670000
56.17500000     2.677063707090000
56.20000000     2.677465184020000
56.22500000     2.677852279490000
56.25000000     2.678221654620000
56.27500000     2.678570039150000
56.30000000     2.678894250130000
56.32500000     2.679191210450000
56.35000000     2.679457967200000
56.37500000     2.679691709530000
56.40000000     2.679889785790000
56.42500000     2.680049720000000
56.45000000     2.680169226980000
56.47500000     2.680246226650000
56.50000000     2.680278856470000
56.52500000     2.680265483700000
56.55000000     2.680204698620000
56.57500000     2.680095367970000
56.60000000     2.679936600180000
56.62500000     2.679727738510000
56.65000000     2.679468834690000
56.67500000     2.679158435570000
56.70000000     2.678797583940000
56.72500000     2.678387590460000
56.75000000     2.677927684400000
56.77500000     2.677419194510000
56.80000000     2.676863222130000
56.82500000     2.676261089740000
56.85000000     2.675614328810000
56.87500000     2.674924667380000
56.90000000     2.674194016260000
56.92500000     2.673424454950000
56.95000000     2.672618216520000
56.97500000     2.671777672380000
57.00000000     2.670905316650000
57.02500000     2.670003750470000
57.05000000     2.669075666430000
57.07500000     2.668123833130000
57.10000000     2.667151080140000
57.12500000     2.666160283470000
57.15000000     2.665154351480000
57.17500000     2.664136211540000
57.20000000     2.663108797370000
57.22500000     2.662075037090000
57.25000000     2.661037842190000
57.27500000     2.660000097130000
57.30000000     2.658964649940000
57.32500000     2.657934303500000
57.35000000     2.656911807690000
57.37500000     2.655899852220000
57.40000000     2.654901060220000
57.42500000     2.653917982520000
57.45000000     2.652953092470000
57.47500000     2.652008781410000
57.50000000     2.651087354530000
57.52500000     2.650191027240000
57.55000000     2.649321921870000
57.57500000     2.648482064650000
57.60000000     2.647673383010000
57.62500000     2.646897702920000
57.65000000     2.646156746480000
57.67500000     2.645452129500000
57.70000000     2.644785359120000
57.72500000     2.644157831390000
57.75000000     2.643570828790000
57.77500000     2.643025517670000
57.80000000     2.642522945500000
57.82500000     2.642064063130000
57.85000000     2.641648576490000
57.87500000     2.641281145950000
57.90000000     2.640956650030000
57.92500000     2.640679150020000
57.95000000     2.640447985610000
57.97500000     2.640263303200000
58.00000000     2.640125085860000
58.02500000     2.640033166190000
58.05000000     2.639987222470000
58.07500000     2.639986796130000
58.10000000     2.640031223020000
58.12500000     2.640119700050000
58.15000000     2.640251264330000
58.17500000     2.640424777420000
58.20000000     2.640638929550000
58.22500000     2.640892237460000
58.25000000     2.641183044230000
58.27500000     2.641509518700000
58.30000000     2.641869656680000
58.32500000     2.642261282490000
58.35000000     2.642682051990000
58.37500000     2.643129456550000
58.40000000     2.643600828350000
58.42500000     2.644093347110000
58.45000000     2.644604047990000
58.47500000     2.645129831200000
58.50000000     2.645667472890000
58.52500000     2.646213637640000
58.55000000     2.646764892410000
58.57500000     2.647317721960000
58.60000000     2.647868545680000
58.62500000     2.648413735700000
58.65000000     2.648949636330000
58.67500000     2.649472584480000
58.70000000     2.649978931130000
58.72500000     2.650465063430000
58.75000000     2.650927427580000
58.77500000     2.651362551720000
58.80000000     2.651767069320000
58.82500000     2.652137742020000
58.85000000     2.652471482410000
58.87500000     2.652765375830000
58.90000000     2.653016701500000
58.92500000     2.653222952180000
58.95000000     2.653381852610000
58.97500000     2.653491376140000
59.00000000     2.653549759340000
59.02500000     2.653555516120000
59.05000000     2.653507426550000
59.07500000     2.653404601790000
59.10000000     2.653246448260000
59.12500000     2.653032652520000
59.15000000     2.652763145910000
59.17500000     2.652439916050000
59.20000000     2.652057490020000
59.22500000     2.651625447310000
59.25000000     2.651139370140000
59.27500000     2.650602061870000
59.30000000     2.650015202680000
59.32500000     2.649380732730000
59.35000000     2.648700818430000
59.37500000     2.647977834650000
59.40000000     2.647214346440000
59.42500000     2.646413089710000
59.45000000     2.645576951720000
59.47500000     2.644708950970000
59.50000000     2.643812217280000
59.52500000     2.642889971760000
59.55000000     2.641945507280000
59.57500000     2.640982169290000
59.60000000     2.640003337360000
59.62500000     2.639012407390000
59.65000000     2.638012774770000
59.67500000     2.637007818360000
59.70000000     2.636000885550000
59.72500000     2.634995278290000
59.75000000     2.633994240140000
59.77500000     2.633000944380000
59.80000000     2.632018483120000
59.82500000     2.631049857330000
59.85000000     2.630097967840000
59.87500000     2.629165607200000
59.90000000     2.628255452270000
59.92500000     2.627370057620000
59.95000000     2.626511849500000
59.97500000     2.625683120430000
60.00000000     2.624886024250000
60.02500000     2.624122571610000
60.05000000     2.623394625760000
60.07500000     2.622703898730000
60.10000000     2.622051947620000
60.12500000     2.621440171100000
60.15000000     2.620869806070000
60.17500000     2.620341924380000
60.20000000     2.619857429910000
60.22500000     2.619417055790000
60.25000000     2.619021073170000
60.27500000     2.618670863360000
60.30000000     2.618365599820000
60.32500000     2.618105234320000
60.35000000     2.617890247190000
60.37500000     2.617720005110000
60.40000000     2.617593963070000
60.42500000     2.617511382520000
60.45000000     2.617471340770000
60.47500000     2.617472714310000
60.50000000     2.617514156480000
60.52500000     2.617594165230000
60.55000000     2.617711034520000
60.57500000     2.617862867640000
60.60000000     2.618047580840000
60.62500000     2.618262908020000
60.65000000     2.618506406460000
60.67500000     2.618775463750000
60.70000000     2.619067306430000
60.72500000     2.619379009580000
60.75000000     2.619707508570000
60.77500000     2.620049611640000
60.80000000     2.620402014630000
60.82500000     2.620761316840000
60.85000000     2.621124038600000
60.87500000     2.621486640120000
60.90000000     2.621845541790000
60.92500000     2.622197145620000
60.95000000     2.622537857740000
60.97500000     2.622864111750000
61.00000000     2.623172392860000
61.02500000     2.623459262290000
61.05000000     2.623721382050000
61.07500000     2.623955539480000
61.10000000     2.624158671610000
61.12500000     2.624327888790000
61.15000000     2.624460497340000
61.17500000     2.624554021350000
61.20000000     2.624606222250000
61.22500000     2.624615117930000
61.25000000     2.624578996790000
61.27500000     2.624496411310000
61.30000000     2.624366281550000
61.32500000     2.624187721590000
61.35000000     2.623961710650000
61.37500000     2.623682555210000
61.40000000     2.623358461730000
61.42500000     2.622984591910000
61.45000000     2.622563013500000
61.47500000     2.622094795820000
61.50000000     2.621581313500000
61.52500000     2.621024229270000
61.55000000     2.620425479960000
61.57500000     2.619787261470000
61.60000000     2.619112011860000
61.62500000     2.618402393480000
61.65000000     2.617661273680000
61.67500000     2.616891704850000
61.70000000     2.616096903780000
61.72500000     2.615280230650000
61.75000000     2.614445167970000
61.77500000     2.613595299550000
61.80000000     2.612734289810000
61.82500000     2.611865863530000
61.85000000     2.610993786260000
61.87500000     2.610121845370000
61.90000000     2.609253832070000
61.92500000     2.608393524260000
61.95000000     2.607544670300000
61.97500000     2.606710973870000
62.00000000     2.605896079680000
62.02500000     2.605103560210000
62.05000000     2.604336903330000
62.07500000     2.603599500780000
62.10000000     2.602894637430000
62.12500000     2.602225481230000
62.15000000     2.601595073850000
62.17500000     2.601006321650000
62.20000000     2.600461987410000
62.22500000     2.599964681940000
62.25000000     2.599516856390000
62.27500000     2.599120794350000
62.30000000     2.598778602390000
62.32500000     2.598492277280000
62.35000000     2.598261662390000
62.37500000     2.598094826140000
62.40000000     2.597984163310000
62.42500000     2.597936311440000
62.45000000     2.597950853290000
62.47500000     2.598028482300000
62.50000000     2.598169571580000
62.52500000     2.598374311790000
62.55000000     2.598642619890000
62.57500000     2.598974144790000
62.60000000     2.599368261680000
62.62500000     2.599824064430000
62.65000000     2.600340358900000
62.67500000     2.600915656670000
62.70000000     2.601548170330000
62.72500000     2.602235809480000
62.75000000     2.602976178810000
62.77500000     2.603766577500000
62.80000000     2.604604000950000
62.82500000     2.605485144660000
62.85000000     2.606406410620000
62.87500000     2.607363916590000
62.90000000     2.608353508150000
62.92500000     2.609370774090000
62.95000000     2.610411064860000
62.97500000     2.611469514620000
63.00000000     2.612541066460000
63.02500000     2.613620501250000
63.05000000     2.614702469560000
63.07500000     2.615781526920000
63.10000000     2.616852171860000
63.12500000     2.617908886640000
63.15000000     2.618946180190000
63.17500000     2.619958632830000
63.20000000     2.620940942200000
63.22500000     2.621887970070000
63.25000000     2.622794788890000
63.27500000     2.623656728120000
63.30000000     2.624469418950000
63.32500000     2.625228837300000
63.35000000     2.625931344000000
63.37500000     2.626573721740000
63.40000000     2.627153208190000
63.42500000     2.627667524400000
63.45000000     2.628114898690000
63.47500000     2.628494084580000
63.50000000     2.628804373970000
63.52500000     2.629045603490000
63.55000000     2.629218156000000
63.57500000     2.629322954800000
63.60000000     2.629361403570000
63.62500000     2.629336054800000
63.65000000     2.629247896750000
63.67500000     2.629100517780000
63.70000000     2.628898907900000
63.72500000     2.628644911470000
63.75000000     2.628343255060000
63.77500000     2.627998407550000
63.80000000     2.627615124930000
63.82500000     2.627198408010000
63.85000000     2.626753459400000
63.87500000     2.626285640370000
63.90000000     2.625800428610000
63.92500000     2.625303376290000
63.95000000     2.624800069750000
63.97500000     2.624296090400000
64.00000000     2.623796977600000
64.02500000     2.623308193450000
64.05000000     2.622835089690000
64.07500000     2.622382876770000
64.10000000     2.621956595060000
64.12500000     2.621561088320000
64.15000000     2.621200979050000
64.17500000     2.620880645950000
64.20000000     2.620604203070000
64.22500000     2.620375477440000
64.25000000     2.620198072030000
64.27500000     2.620073500790000
64.30000000     2.620010113020000
64.32500000     2.620003487120000
64.35000000     2.620059779620000
64.37500000     2.620179904090000
64.40000000     2.620365254430000
64.42500000     2.620616873320000
64.45000000     2.620935378710000
64.47500000     2.621320972890000
64.50000000     2.621773435680000
64.52500000     2.622292117570000
64.55000000     2.622875933990000
64.57500000     2.623523360970000
64.60000000     2.624232432870000
64.62500000     2.625000741690000
64.65000000     2.625825439250000
64.67500000     2.626703241650000
64.70000000     2.627630437100000
64.72500000     2.628602896870000
64.75000000     2.629616090260000
64.77500000     2.630665103270000
64.80000000     2.631744661780000
64.82500000     2.632849159150000
64.85000000     2.633972688390000
64.87500000     2.635109079100000
64.90000000     2.636251939100000
64.92500000     2.637394700500000
64.95000000     2.638530670230000
64.97500000     2.639653084460000
65.00000000     2.640755166590000
65.02500000     2.641830188190000
65.05000000     2.642871532220000
65.07500000     2.643872757750000
65.10000000     2.644827665360000
65.12500000     2.645730362280000
65.15000000     2.646575326200000
65.17500000     2.647357466970000
65.20000000     2.648072184890000
65.22500000     2.648715425090000
65.25000000     2.649283726360000
65.27500000     2.649774264650000
65.30000000     2.650184889200000
65.32500000     2.650514152320000
65.35000000     2.650761330260000
65.37500000     2.650926443860000
65.40000000     2.651010134310000
65.42500000     2.651016357870000
65.45000000     2.650938363040000
65.47500000     2.650792227600000
65.50000000     2.650572991170000
65.52500000     2.650287053570000
65.55000000     2.649939309760000
65.57500000     2.649535259780000
65.60000000     2.649080938810000
65.62500000     2.648582870230000
65.65000000     2.648048017140000
65.67500000     2.647483731950000
65.70000000     2.646897706170000
65.72500000     2.646297920320000
65.75000000     2.645692595300000
65.77500000     2.645090145420000
65.80000000     2.644499133810000
65.82500000     2.643928230520000
65.85000000     2.643386173490000
65.87500000     2.642881732660000
65.90000000     2.642423677170000
65.92500000     2.642020745480000
65.95000000     2.641681618430000
65.97500000     2.641414894720000
66.00000000     2.641229065650000
66.02500000     2.641132538790000
66.05000000     2.641132784820000
66.07500000     2.641240284990000
66.10000000     2.641459852480000
66.12500000     2.641800959650000
66.15000000     2.642270594090000
66.17500000     2.642876009380000
66.20000000     2.643624158960000
66.22500000     2.644521698320000
66.25000000     2.645574955920000
66.27500000     2.646789898310000
66.30000000     2.648172090010000
66.32500000     2.649726648970000
66.35000000     2.651458196120000
66.37500000     2.653370799960000
66.40000000     2.655467915250000
66.42500000     2.657752316710000
66.45000000     2.660226027690000
66.47500000     2.662890244690000
66.50000000     2.665745258450000
66.52500000     2.668790373050000
66.55000000     2.672023824230000
66.57500000     2.675442699020000
66.60000000     2.679042858700000
66.62500000     2.682818867600000
66.65000000     2.686763930520000
66.67500000     2.690869841820000
66.70000000     2.695126949440000
66.72500000     2.699524137050000
66.75000000     2.704048827950000
66.77500000     2.708687013650000
66.80000000     2.713423310290000
66.82500000     2.718241045330000
66.85000000     2.723122376370000
66.87500000     2.728048443190000
66.90000000     2.732999553100000
66.92500000     2.737955398610000
66.95000000     2.742895305140000
66.97500000     2.747798505230000
67.00000000     2.752644434470000
67.02500000     2.757413042970000
67.05000000     2.762085115370000
67.07500000     2.766642591190000
67.10000000     2.771068876890000
67.12500000     2.775349140710000
67.15000000     2.779470581390000
67.17500000     2.783422662330000
67.20000000     2.787197303690000
67.22500000     2.790789026020000
67.25000000     2.794195040560000
67.27500000     2.797415283050000
67.30000000     2.800452389720000
67.32500000     2.803311616050000
67.35000000     2.806000700590000
67.37500000     2.808529678050000
67.40000000     2.810910646910000
67.42500000     2.813157498410000
67.45000000     2.815285614200000
67.47500000     2.817311540730000
67.50000000     2.819252648310000
67.52500000     2.821126782770000
67.55000000     2.822951917320000
67.57500000     2.824745811190000
67.60000000     2.826525681260000
67.62500000     2.828307891800000
67.65000000     2.830107666460000
67.67500000     2.831938826070000
67.70000000     2.833813554660000
67.72500000     2.835742195680000
67.75000000     2.837733079700000
67.77500000     2.839792384430000
67.80000000     2.841924027570000
67.82500000     2.844129592830000
67.85000000     2.846408289150000
67.87500000     2.848756943380000
67.90000000     2.851170026200000
67.92500000     2.853639711460000
67.95000000     2.856155968610000
67.97500000     2.858706687950000
68.00000000     2.861277838150000
68.02500000     2.863853655020000
68.05000000     2.866416860060000
68.07500000     2.868948906790000
68.10000000     2.871430252190000
68.12500000     2.873840649640000
68.15000000     2.876159459250000
68.17500000     2.878365970550000
68.20000000     2.880439731840000
68.22500000     2.882360879890000
68.25000000     2.884110463420000
68.27500000     2.885670753280000
68.30000000     2.887025532550000
68.32500000     2.888160359810000
68.35000000     2.889062799660000
68.37500000     2.889722614120000
68.40000000     2.890131794060000
68.42500000     2.890287760270000
68.45000000     2.890178260000000
68.47500000     2.889814850430000
68.50000000     2.889192811860000
68.52500000     2.888317993580000
68.55000000     2.887197158060000
68.57500000     2.885839157730000
68.60000000     2.884254766060000
68.62500000     2.882456468000000
68.65000000     2.880458227260000
68.67500000     2.878275241670000
68.70000000     2.875923693380000
68.72500000     2.873420500050000
68.75000000     2.870783072270000
68.77500000     2.868029082360000
68.80000000     2.865176248250000
68.82500000     2.862242135600000
68.85000000     2.859243980240000
68.87500000     2.856198532420000
68.90000000     2.853121923650000
68.92500000     2.850029556150000
68.95000000     2.846936014510000
68.97500000     2.843854998410000
69.00000000     2.840799274940000
69.02500000     2.837780648930000
69.05000000     2.834809948960000
69.07500000     2.831897027410000
69.10000000     2.829050772080000
69.12500000     2.826279127630000
69.15000000     2.823589124730000
69.17500000     2.820986915200000
69.20000000     2.818477811420000
69.22500000     2.816066328690000
69.25000000     2.813756229030000
69.27500000     2.811550565620000
69.30000000     2.809451726660000
69.32500000     2.807461478270000
69.35000000     2.805581005570000
69.37500000     2.803810951800000
69.40000000     2.802151454990000
69.42500000     2.800602182290000
69.45000000     2.799162361710000
69.47500000     2.797830811560000
69.50000000     2.796605967430000
69.52500000     2.795485907310000
69.55000000     2.794468374680000
69.57500000     2.793550800160000
69.60000000     2.792730321890000
69.62500000     2.792003804940000
69.65000000     2.791367860210000
69.67500000     2.790818862900000
69.70000000     2.790352971190000
69.72500000     2.789966144980000
69.75000000     2.789654165580000
69.77500000     2.789412655790000
69.80000000     2.789237101590000
69.82500000     2.789122894220000
69.85000000     2.789065280830000
69.87500000     2.789059487350000
69.90000000     2.789100692300000
69.92500000     2.789184061240000
69.95000000     2.789304777860000
69.97500000     2.789458025400000
70.00000000     2.789639479790000
70.02500000     2.789843740330000
70.05000000     2.790067214170000
70.07500000     2.790305336290000
70.10000000     2.790554091660000
70.12500000     2.790809709080000
70.15000000     2.791068699140000
70.17500000     2.791327886640000
70.20000000     2.791584430620000
70.22500000     2.791835966760000
70.25000000     2.792080567140000
70.27500000     2.792315018020000
70.30000000     2.792541153660000
70.32500000     2.792756104310000
70.35000000     2.792960055890000
70.37500000     2.793153300150000
70.40000000     2.793336590130000
70.42500000     2.793511174590000
70.45000000     2.793678799800000
70.47500000     2.793841706030000
70.50000000     2.794002619370000
70.52500000     2.794164740060000
70.55000000     2.794331728520000
70.57500000     2.794507676880000
70.60000000     2.794697082000000
70.62500000     2.794904833850000
70.65000000     2.795136187040000
70.67500000     2.795396721460000
70.70000000     2.795692302600000
70.72500000     2.796029037790000
70.75000000     2.796413495790000
70.77500000     2.796851342200000
70.80000000     2.797350052340000
70.82500000     2.797915926770000
70.85000000     2.798555638630000
70.87500000     2.799275825120000
70.90000000     2.800083032970000
70.92500000     2.800983661920000
70.95000000     2.801983906550000
70.97500000     2.803089695990000
71.00000000     2.804306631090000
71.02500000     2.805639919330000
71.05000000     2.807094307590000
71.07500000     2.808674012960000
71.10000000     2.810382652030000
71.12500000     2.812223168760000
71.15000000     2.814197761510000
71.17500000     2.816307809630000
71.20000000     2.818553800380000
71.22500000     2.820935256900000
71.25000000     2.823450668420000
71.27500000     2.826097423710000
71.30000000     2.828871749340000
71.32500000     2.831768654310000
71.35000000     2.834781882750000
71.37500000     2.837903876670000
71.40000000     2.841125750780000
71.42500000     2.844437281520000
71.45000000     2.847826912410000
71.47500000     2.851281777650000
71.50000000     2.854787745970000
71.52500000     2.858329486250000
71.55000000     2.861890556040000
71.57500000     2.865453513860000
71.60000000     2.869000055370000
71.62500000     2.872511172990000
71.65000000     2.875967338020000
71.67500000     2.879348703400000
71.70000000     2.882635324780000
71.72500000     2.885807396650000
71.75000000     2.888845499820000
71.77500000     2.891730855730000
71.80000000     2.894445582570000
71.82500000     2.896972947700000
71.85000000     2.899297610780000
71.87500000     2.901405851700000
71.90000000     2.903285777700000
71.92500000     2.904927504860000
71.95000000     2.906323308870000
71.97500000     2.907467742310000
72.00000000     2.908357718190000
72.02500000     2.908992343220000
72.05000000     2.909376241050000
72.07500000     2.909504337010000
72.10000000     2.909394911880000
72.12500000     2.909049541000000
72.15000000     2.908480369190000
72.17500000     2.907699947060000
72.20000000     2.906722526780000
72.22500000     2.905563869810000
72.25000000     2.904241043010000
72.27500000     2.902772206490000
72.30000000     2.901176398770000
72.32500000     2.899473324570000
72.35000000     2.897683149330000
72.37500000     2.895826304460000
72.40000000     2.893923306960000
72.42500000     2.891994595640000
72.45000000     2.890060385590000
72.47500000     2.888140541560000
72.50000000     2.886254469990000
72.52500000     2.884421029470000
72.55000000     2.882658458610000
72.57500000     2.880984320030000
72.60000000     2.879415459280000
72.62500000     2.877967976650000
72.65000000     2.876657210120000
72.67500000     2.875497727420000
72.70000000     2.874503324780000
72.72500000     2.873687030530000
72.75000000     2.873061111100000
72.77500000     2.872637077680000
72.80000000     2.872425682670000
72.82500000     2.872435625630000
72.85000000     2.872682203900000
72.87500000     2.873163785120000
72.90000000     2.873895660020000
72.92500000     2.874882573040000
72.95000000     2.876130645230000
72.97500000     2.877645098900000
73.00000000     2.879430218540000
73.02500000     2.881489287870000
73.05000000     2.883824516480000
73.07500000     2.886436956460000
73.10000000     2.889326410010000
73.12500000     2.892491329690000
73.15000000     2.895928713210000
73.17500000     2.899633995230000
73.20000000     2.903600938790000
73.22500000     2.907821529600000
73.25000000     2.912285876830000
73.27500000     2.916982124450000
73.30000000     2.921896377530000
73.32500000     2.927012648340000
73.35000000     2.932312827020000
73.37500000     2.937776681570000
73.40000000     2.943381892110000
73.42500000     2.949104123240000
73.45000000     2.954917138580000
73.47500000     2.960792959880000
73.50000000     2.966702072620000
73.52500000     2.972613678210000
73.55000000     2.978495991750000
73.57500000     2.984316582190000
73.60000000     2.990042750240000
73.62500000     2.995641937540000
73.65000000     3.001082158610000
73.67500000     3.006332446140000
73.70000000     3.011363298280000
73.72500000     3.016147116290000
73.75000000     3.020658620280000
73.77500000     3.024875230720000
73.80000000     3.028777404350000
73.82500000     3.032348914160000
73.85000000     3.035577064730000
73.87500000     3.038452836430000
73.90000000     3.040970954280000
73.92500000     3.043129879980000
73.95000000     3.044931727960000
73.97500000     3.046382109220000
74.00000000     3.047489908800000
74.02500000     3.048267005690000
74.05000000     3.048727808350000
74.07500000     3.048892410430000
74.10000000     3.048768911150000
74.12500000     3.048391094910000
74.15000000     3.047772665460000
74.17500000     3.046937125800000
74.20000000     3.045906744540000
74.22500000     3.044703661850000
74.25000000     3.043349579340000
74.27500000     3.041865462930000
74.30000000     3.040271277730000
74.32500000     3.038585764220000
74.35000000     3.036826257410000
74.37500000     3.035008548160000
74.40000000     3.033146785000000
74.42500000     3.031253414310000
74.45000000     3.029339156070000
74.47500000     3.027413012040000
74.50000000     3.025482302590000
74.52500000     3.023552728640000
74.55000000     3.021628454760000
74.57500000     3.019712209740000
74.60000000     3.017805401250000
74.62500000     3.015908241080000
74.65000000     3.014019878230000
74.67500000     3.012138536750000
74.70000000     3.010261656130000
74.72500000     3.008386031650000
74.75000000     3.006507952990000
74.77500000     3.004623338990000
74.80000000     3.002727867420000
74.82500000     3.000817098040000
74.85000000     2.998886588260000
74.87500000     2.996932000180000
74.90000000     2.994949198510000
74.92500000     2.992934338620000
74.95000000     2.990883944450000
74.97500000     2.988794975950000
75.00000000     2.986664885920000
75.02500000     2.984491666240000
75.05000000     2.982273883770000
75.07500000     2.980010705940000
75.10000000     2.977701916580000
75.12500000     2.975347922390000
75.15000000     2.972949750620000
75.17500000     2.970509038530000
75.20000000     2.968028015440000
75.22500000     2.965509478060000
75.25000000     2.962956759980000
75.27500000     2.960373695970000
75.30000000     2.957764582170000
75.32500000     2.955134132790000
75.35000000     2.952487434250000
75.37500000     2.949829897510000
75.40000000     2.947167209240000
75.42500000     2.944505282680000
75.45000000     2.941850208580000
75.47500000     2.939208206970000
75.50000000     2.936585580140000
75.52500000     2.933988667180000
75.55000000     2.931423800500000
75.57500000     2.928897264530000
75.60000000     2.926415256700000
75.62500000     2.923983851010000
75.65000000     2.921608963940000
75.67500000     2.919296322960000
75.70000000     2.917051437400000
75.72500000     2.914879571610000
75.75000000     2.912785720330000
75.77500000     2.910774586050000
75.80000000     2.908850558190000
75.82500000     2.907017693890000
75.85000000     2.905279700270000
75.87500000     2.903639917900000
75.90000000     2.902101305380000
75.92500000     2.900666424830000
75.95000000     2.899337428130000
75.97500000     2.898116043870000
76.00000000     2.897003564880000
76.02500000     2.896000836340000
76.05000000     2.895108244510000
76.07500000     2.894325705910000
76.10000000     2.893652657430000
76.12500000     2.893088047050000
76.15000000     2.892630324720000
76.17500000     2.892277544920000
76.20000000     2.892025659490000
76.22500000     2.891875566280000
76.25000000     2.891819625540000
76.27500000     2.891855379930000
76.30000000     2.891977997960000
76.32500000     2.892182375790000
76.35000000     2.892462906850000
76.37500000     2.892813501950000
76.40000000     2.893227609380000
76.42500000     2.893698238850000
76.45000000     2.894217990230000
76.47500000     2.894779086600000
76.50000000     2.895373412490000
76.52500000     2.895992557140000
76.55000000     2.896627863070000
76.57500000     2.897270479830000
76.60000000     2.897911422630000
76.62500000     2.898541635610000
76.65000000     2.899152058980000
76.67500000     2.899733699750000
76.70000000     2.900277705020000
76.72500000     2.900775437170000
76.75000000     2.901218550040000
76.77500000     2.901599065070000
76.80000000     2.901909446420000
76.82500000     2.902142674060000
76.85000000     2.902292313470000
76.87500000     2.902352581100000
76.90000000     2.902318408240000
76.92500000     2.902186134910000
76.95000000     2.901948614110000
76.97500000     2.901610069710000
77.00000000     2.901163450020000
77.02500000     2.900609254180000
77.05000000     2.899947610060000
77.07500000     2.899179508980000
77.10000000     2.898306850900000
77.12500000     2.897332433030000
77.15000000     2.896259928990000
77.17500000     2.895093858820000
77.20000000     2.893839551160000
77.22500000     2.892503098760000
77.25000000     2.891091308230000
77.27500000     2.889611645510000
77.30000000     2.888072177590000
77.32500000     2.886481512010000
77.35000000     2.884848734670000
77.37500000     2.883183347250000
77.40000000     2.881495204750000
77.42500000     2.879794454140000
77.45000000     2.878091474690000
77.47500000     2.876396820650000
77.50000000     2.874721166620000
77.52500000     2.873075256130000
77.55000000     2.871469853490000
77.57500000     2.869915699180000
77.60000000     2.868423468500000
77.62500000     2.867003733750000
77.65000000     2.865666929220000
77.67500000     2.864423319080000
77.70000000     2.863282967440000
77.72500000     2.862255710250000
77.75000000     2.861351128450000
77.77500000     2.860578521600000
77.80000000     2.859946881660000
77.82500000     2.859464865660000
77.85000000     2.859140882180000
77.87500000     2.858982281640000
77.90000000     2.858997491570000
77.92500000     2.859192807240000
77.95000000     2.859574999950000
77.97500000     2.860149927640000
78.00000000     2.860922958390000
78.02500000     2.861898806120000
78.05000000     2.863081457080000
78.07500000     2.864474113380000
78.10000000     2.866079121150000
78.12500000     2.867897893170000
78.15000000     2.869930826960000
78.17500000     2.872177218560000
78.20000000     2.874635173580000
78.22500000     2.877301516510000
78.25000000     2.880171700190000
78.27500000     2.883239717410000
78.30000000     2.886498016820000
78.32500000     2.889937425950000
78.35000000     2.893547084210000
78.37500000     2.897314388930000
78.40000000     2.901224957960000
78.42500000     2.905262612150000
78.45000000     2.909409381130000
78.47500000     2.913645535860000
78.50000000     2.917949650900000
78.52500000     2.922298698980000
78.55000000     2.926668180090000
78.57500000     2.931032286260000
78.60000000     2.935364102500000
78.62500000     2.939635843130000
78.65000000     2.943819121870000
78.67500000     2.947885252420000
78.70000000     2.951805575360000
78.72500000     2.955551805740000
78.75000000     2.959096394700000
78.77500000     2.962412897380000
78.80000000     2.965476338780000
78.82500000     2.968263568480000
78.85000000     2.970753595320000
78.87500000     2.972927892960000
78.90000000     2.974770668150000
78.92500000     2.976269084250000
78.95000000     2.977413433760000
78.97500000     2.978197255420000
79.00000000     2.978617401420000
79.02500000     2.978673711940000
79.05000000     2.978371775340000
79.07500000     2.977711944060000
79.10000000     2.976711789980000
79.12500000     2.975378483580000
79.15000000     2.973727914260000
79.17500000     2.971776989270000
79.20000000     2.969544485100000
79.22500000     2.967050735470000
79.25000000     2.964317304510000
79.27500000     2.961366655170000
79.30000000     2.958221824280000
79.32500000     2.954906112820000
79.35000000     2.951442797540000
79.37500000     2.947854867860000
79.40000000     2.944164790960000
79.42500000     2.940394306950000
79.45000000     2.936564255020000
79.47500000     2.932694430850000
79.50000000     2.928803474730000
79.52500000     2.924908788820000
79.55000000     2.921026481930000
79.57500000     2.917171339170000
79.60000000     2.913356814110000
79.62500000     2.909595040250000
79.65000000     2.905896859290000
79.67500000     2.902271863130000
79.70000000     2.898728446920000
79.72500000     2.895273870660000
79.75000000     2.891914326940000
79.77500000     2.888655012720000
79.80000000     2.885500203370000
79.82500000     2.882453327220000
79.85000000     2.879517039510000
79.87500000     2.876693294370000
79.90000000     2.873983414290000
79.92500000     2.871388156100000
79.95000000     2.868907773290000
79.97500000     2.866542074150000
