20.00000000     2.459498931770000
20.02500000     2.459501522790000
20.05000000     2.459504405410000
20.07500000     2.459507565820000
20.10000000     2.459510989200000
20.12500000     2.459514659820000
20.15000000     2.459518561060000
20.17500000     2.459522675460000
20.20000000     2.459526984820000
20.22500000     2.459531470210000
20.25000000     2.459536112070000
20.27500000     2.459540890260000
20.30000000     2.459545784120000
20.32500000     2.459550772560000
20.35000000     2.459555834130000
20.37500000     2.459560947060000
20.40000000     2.459566089380000
20.42500000     2.459571238970000
20.45000000     2.459576373630000
20.47500000     2.459581471180000
20.50000000     2.459586509530000
20.52500000     2.459591466750000
20.55000000     2.459596321140000
20.57500000     2.459601051340000
20.60000000     2.459605636390000
20.62500000     2.459610055790000
20.65000000     2.459614289600000
20.67500000     2.459618318520000
20.70000000     2.459622123930000
20.72500000     2.459625687980000
20.75000000     2.459628993670000
20.77500000     2.459632024870000
20.80000000     2.459634766450000
20.82500000     2.459637204270000
20.85000000     2.459639325280000
20.87500000     2.459641117530000
20.90000000     2.459642570250000
20.92500000     2.459643673920000
20.95000000     2.459644419560000
20.97500000     2.459644808240000
21.00000000     2.459644830440000
21.02500000     2.459644430060000
21.05000000     2.459643701580000
21.07500000     2.459642584110000
21.10000000     2.459641082600000
21.12500000     2.459639201990000
21.15000000     2.459636944290000
21.17500000     2.459634312950000
21.20000000     2.459631312720000
21.22500000     2.459627949570000
21.25000000     2.459624230720000
21.27500000     2.459620164540000
21.30000000     2.459615760560000
21.32500000     2.459611029400000
21.35000000     2.459605982720000
21.37500000     2.459600633180000
21.40000000     2.459594994360000
21.42500000     2.459589080740000
21.45000000     2.459582907600000
21.47500000     2.459576490980000
21.50000000     2.459569847600000
21.52500000     2.459562994780000
21.55000000     2.459555950410000
21.57500000     2.459548732840000
21.60000000     2.459541360820000
21.62500000     2.459533853430000
21.65000000     2.459526230020000
21.67500000     2.459518510100000
21.70000000     2.459510713300000
21.72500000     2.459502859300000
21.75000000     2.459494967710000
21.77500000     2.459487058070000
21.80000000     2.459479149720000
21.82500000     2.459471261760000
21.85000000     2.459463412980000
21.87500000     2.459455621790000
21.90000000     2.459447906160000
21.92500000     2.459440283560000
21.95000000     2.459432770900000
21.97500000     2.459425384470000
22.00000000     2.459418139900000
22.02500000     2.459411052090000
22.05000000     2.459404135200000
22.07500000     2.459397402560000
22.10000000     2.459390866660000
22.12500000     2.459384539120000
22.15000000     2.459378430650000
22.17500000     2.459372551000000
22.20000000     2.459366908990000
22.22500000     2.459361512430000
22.25000000     2.459356368150000
22.27500000     2.459351481970000
22.30000000     2.459346858710000
22.32500000     2.459342502170000
22.35000000     2.459338415110000
22.37500000     2.459334599330000
22.40000000     2.459331055600000
22.42500000     2.459327783740000
22.45000000     2.459324782570000
22.47500000     2.459322050010000
22.50000000     2.459319583030000
22.52500000     2.459317377720000
22.55000000     2.459315429540000
22.57500000     2.459313729520000
22.60000000     2.459312271020000
22.62500000     2.459311076760000
22.65000000     2.459310083840000
22.67500000     2.459309321150000
22.70000000     2.459308771720000
22.72500000     2.459308425770000
22.75000000     2.459308273130000
22.77500000     2.459308302890000
22.80000000     2.459308504320000
22.82500000     2.459308866300000
22.85000000     2.459309377370000
22.87500000     2.459310025900000
22.90000000     2.459310800100000
22.92500000     2.459311688090000
22.95000000     2.459312678000000
22.97500000     2.459313757980000
23.00000000     2.459314916270000
23.02500000     2.459316141290000
23.05000000     2.459317421660000
23.07500000     2.459318746290000
23.10000000     2.459320104390000
23.12500000     2.459321485550000
23.15000000     2.459322879800000
23.17500000     2.459324277600000
23.20000000     2.459325669960000
23.22500000     2.459327048410000
23.25000000     2.459328405070000
23.27500000     2.459329732670000
23.30000000     2.459331024560000
23.32500000     2.459332274760000
23.35000000     2.459333477980000
23.37500000     2.459334629590000
23.40000000     2.459335725670000
23.42500000     2.459336762990000
23.45000000     2.459337739030000
23.47500000     2.459338651950000
23.50000000     2.459339500600000
23.52500000     2.459340284520000
23.55000000     2.459341003870000
23.57500000     2.459341659470000
23.60000000     2.459342252770000
23.62500000     2.459342785770000
23.65000000     2.459343261060000
23.67500000     2.459343681750000
23.70000000     2.459344051460000
23.72500000     2.459344374250000
23.75000000     2.459344654630000
23.77500000     2.459344897460000
23.80000000     2.459345107910000
23.82500000     2.459345291540000
23.85000000     2.459345454260000
23.87500000     2.459345602240000
23.90000000     2.459345741820000
23.92500000     2.459345879410000
23.95000000     2.459346021560000
23.97500000     2.459346174820000
24.00000000     2.459346345800000
24.02500000     2.459346541060000
24.05000000     2.459346767110000
24.07500000     2.459347030350000
24.10000000     2.459347337020000
24.12500000     2.459347693140000
24.15000000     2.459348104520000
24.17500000     2.459348576650000
24.20000000     2.459349114690000
24.22500000     2.459349723420000
24.25000000     2.459350407210000
24.27500000     2.459351169970000
24.30000000     2.459352015110000
24.32500000     2.459352945520000
24.35000000     2.459353963500000
24.37500000     2.459355070800000
24.40000000     2.459356268530000
24.42500000     2.459357557150000
24.45000000     2.459358936510000
24.47500000     2.459360405750000
24.50000000     2.459361963360000
24.52500000     2.459363607160000
24.55000000     2.459365334280000
24.57500000     2.459367141190000
24.60000000     2.459369023720000
24.62500000     2.459370977070000
24.65000000     2.459372995810000
24.67500000     2.459375073950000
24.70000000     2.459377204930000
24.72500000     2.459379381700000
24.75000000     2.459381596730000
24.77500000     2.459383842040000
24.80000000     2.459386109280000
24.82500000     2.459388389760000
24.85000000     2.459390674490000
24.87500000     2.459392954250000
24.90000000     2.459395219610000
24.92500000     2.459397461010000
24.95000000     2.459399668790000
24.97500000     2.459401833230000
25.00000000     2.459403944630000
25.02500000     2.459405993330000
25.05000000     2.459407969740000
25.07500000     2.459409864420000
25.10000000     2.459411668110000
25.12500000     2.459413371730000
25.15000000     2.459414966480000
25.17500000     2.459416443810000
25.20000000     2.459417795530000
25.22500000     2.459419013770000
25.25000000     2.459420091060000
25.27500000     2.459421020340000
25.30000000     2.459421795010000
25.32500000     2.459422408950000
25.35000000     2.459422856560000
25.37500000     2.459423132330000
25.40000000     2.459423238090000
25.42500000     2.459423158840000
25.45000000     2.459422880180000
25.47500000     2.459422438310000
25.50000000     2.459421804220000
25.52500000     2.459420978700000
25.55000000     2.459419963820000
25.57500000     2.459418759690000
25.60000000     2.459417367230000
25.62500000     2.459415788200000
25.65000000     2.459414025080000
25.67500000     2.459412081150000
25.70000000     2.459409960460000
25.72500000     2.459407667800000
25.75000000     2.459405208720000
25.77500000     2.459402589470000
25.80000000     2.459399817010000
25.82500000     2.459396898960000
25.85000000     2.459393843550000
25.87500000     2.459390659590000
25.90000000     2.459387356430000
25.92500000     2.459383943860000
25.95000000     2.459380432120000
25.97500000     2.459376831770000
26.00000000     2.459373153700000
26.02500000     2.459369408980000
26.05000000     2.459365608850000
26.07500000     2.459361764670000
26.10000000     2.459357887780000
26.12500000     2.459353989510000
26.15000000     2.459350081090000
26.17500000     2.459346173560000
26.20000000     2.459342277790000
26.22500000     2.459338404360000
26.25000000     2.459334563510000
26.27500000     2.459330765180000
26.30000000     2.459327018850000
26.32500000     2.459323333620000
26.35000000     2.459319718100000
26.37500000     2.459316180430000
26.40000000     2.459312728210000
26.42500000     2.459309368530000
26.45000000     2.459306107940000
26.47500000     2.459302952410000
26.50000000     2.459299907340000
26.52500000     2.459296977540000
26.55000000     2.459294167230000
26.57500000     2.459291480000000
26.60000000     2.459288918860000
26.62500000     2.459286486160000
26.65000000     2.459284183640000
26.67500000     2.459282012370000
26.70000000     2.459279972790000
26.72500000     2.459278064680000
26.75000000     2.459276287150000
26.77500000     2.459274638630000
26.80000000     2.459273116900000
26.82500000     2.459271719060000
26.85000000     2.459270441540000
26.87500000     2.459269280110000
26.90000000     2.459268229890000
26.92500000     2.459267285520000
26.95000000     2.459266440920000
26.97500000     2.459265687340000
27.00000000     2.459265015680000
27.02500000     2.459264422160000
27.05000000     2.459263902740000
27.07500000     2.459263447970000
27.10000000     2.459263046670000
27.12500000     2.459262687930000
27.15000000     2.459262361480000
27.17500000     2.459262057350000
27.20000000     2.459261766820000
27.22500000     2.459261480030000
27.25000000     2.459261187310000
27.27500000     2.459260879190000
27.30000000     2.459260546410000
27.32500000     2.459260180020000
27.35000000     2.459259771240000
27.37500000     2.459259311750000
27.40000000     2.459258793750000
27.42500000     2.459258209970000
27.45000000     2.459257553690000
27.47500000     2.459256818810000
27.50000000     2.459255999870000
27.52500000     2.459255092090000
27.55000000     2.459254091360000
27.57500000     2.459252994300000
27.60000000     2.459251798240000
27.62500000     2.459250501230000
27.65000000     2.459249102040000
27.67500000     2.459247600170000
27.70000000     2.459245995820000
27.72500000     2.459244289900000
27.75000000     2.459242484010000
27.77500000     2.459240580430000
27.80000000     2.459238582120000
27.82500000     2.459236492670000
27.85000000     2.459234316300000
27.87500000     2.459232057880000
27.90000000     2.459229722850000
27.92500000     2.459227317240000
27.95000000     2.459224847680000
27.97500000     2.459222321300000
28.00000000     2.459219745810000
28.02500000     2.459217129380000
28.05000000     2.459214480700000
28.07500000     2.459211808920000
28.10000000     2.459209123590000
28.12500000     2.459206434670000
28.15000000     2.459203752510000
28.17500000     2.459201087730000
28.20000000     2.459198451250000
28.22500000     2.459195854220000
28.25000000     2.459193307940000
28.27500000     2.459190823840000
28.30000000     2.459188413390000
28.32500000     2.459186088050000
28.35000000     2.459183859190000
28.37500000     2.459181738020000
28.40000000     2.459179735550000
28.42500000     2.459177862460000
28.45000000     2.459176129080000
28.47500000     2.459174545280000
28.50000000     2.459173120430000
28.52500000     2.459171863330000
28.55000000     2.459170782130000
28.57500000     2.459169884280000
28.60000000     2.459169176750000
28.62500000     2.459168655210000
28.65000000     2.459168356600000
28.67500000     2.459168257390000
28.70000000     2.459168354120000
28.72500000     2.459168668390000
28.75000000     2.459169195190000
28.77500000     2.459169935070000
28.80000000     2.459170887650000
28.82500000     2.459172051620000
28.85000000     2.459173424750000
28.87500000     2.459175003920000
28.90000000     2.459176785070000
28.92500000     2.459178763310000
28.95000000     2.459180932890000
28.97500000     2.459183287250000
29.00000000     2.459185819050000
29.02500000     2.459188520210000
29.05000000     2.459191381920000
29.07500000     2.459194394700000
29.10000000     2.459197548440000
29.12500000     2.459200832450000
29.15000000     2.459204235460000
29.17500000     2.459207745720000
29.20000000     2.459211351040000
29.22500000     2.459215038800000
29.25000000     2.459218796070000
29.27500000     2.459222609590000
29.30000000     2.459226465930000
29.32500000     2.459230351450000
29.35000000     2.459234252440000
29.37500000     2.459238155180000
29.40000000     2.459242046000000
29.42500000     2.459245911350000
29.45000000     2.459249737920000
29.47500000     2.459253512660000
29.50000000     2.459257222940000
29.52500000     2.459260856590000
29.55000000     2.459264401970000
29.57500000     2.459267848090000
29.60000000     2.459271184700000
29.62500000     2.459274402330000
29.65000000     2.459277492400000
29.67500000     2.459280447270000
29.70000000     2.459283260370000
29.72500000     2.459285926170000
29.75000000     2.459288440340000
29.77500000     2.459290799720000
29.80000000     2.459293002430000
29.82500000     2.459295047880000
29.85000000     2.459296936840000
29.87500000     2.459298671420000
29.90000000     2.459300255150000
29.92500000     2.459301692970000
29.95000000     2.459302991250000
29.97500000     2.459304157830000
30.00000000     2.459305201980000
30.02500000     2.459306134460000
30.05000000     2.459306967500000
30.07500000     2.459307714820000
30.10000000     2.459308391640000
30.12500000     2.459309014580000
30.15000000     2.459309601780000
30.17500000     2.459310172900000
30.20000000     2.459310749300000
30.22500000     2.459311353920000
30.25000000     2.459312011240000
30.27500000     2.459312747240000
30.30000000     2.459313589490000
30.32500000     2.459314567180000
30.35000000     2.459315711190000
30.37500000     2.459317054090000
30.40000000     2.459318630150000
30.42500000     2.459320475470000
30.45000000     2.459322627950000
30.47500000     2.459325127340000
30.50000000     2.459328015360000
30.52500000     2.459331335670000
30.55000000     2.459335134010000
30.57500000     2.459339458230000
30.60000000     2.459344358390000
30.62500000     2.459349886840000
30.65000000     2.459356098340000
30.67500000     2.459363050160000
30.70000000     2.459370802220000
30.72500000     2.459379417240000
30.75000000     2.459388960920000
30.77500000     2.459399502140000
30.80000000     2.459411113180000
30.82500000     2.459423869970000
30.85000000     2.459437852400000
30.87500000     2.459453144660000
30.90000000     2.459469835590000
30.92500000     2.459488019130000
30.95000000     2.459507794800000
30.97500000     2.459529268260000
31.00000000     2.459552551890000
31.02500000     2.459577765500000
31.05000000     2.459605037110000
31.07500000     2.459634503800000
31.10000000     2.459666312670000
31.12500000     2.459700622000000
31.15000000     2.459737602360000
31.17500000     2.459777438110000
31.20000000     2.459820328830000
31.22500000     2.459866491170000
31.25000000     2.459916160730000
31.27500000     2.459969594380000
31.30000000     2.460027072710000
31.32500000     2.460088903010000
31.35000000     2.460155422520000
31.37500000     2.460227002260000
31.40000000     2.460304051420000
31.42500000     2.460387022440000
31.45000000     2.460476416890000
31.47500000     2.460572792380000
31.50000000     2.460676770680000
31.52500000     2.460789047200000
31.55000000     2.460910402350000
31.57500000     2.461041714940000
31.60000000     2.461183978270000
31.62500000     2.461338319480000
31.65000000     2.461506022900000
31.67500000     2.461688558460000
31.70000000     2.461887616340000
31.72500000     2.462105149610000
31.75000000     2.462343426750000
31.77500000     2.462605097100000
31.80000000     2.462893272360000
31.82500000     2.463211629230000
31.85000000     2.463564538950000
31.87500000     2.463957232070000
31.90000000     2.464396009140000
31.92500000     2.464888511770000
31.95000000     2.465444073360000
31.97500000     2.466074175820000
32.00000000     2.466793047530000
32.02500000     2.467618451130000
32.05000000     2.468572727050000
32.07500000     2.469684183630000
32.10000000     2.470988958680000
32.12500000     2.472533524760000
32.15000000     2.474378075740000
32.17500000     2.476601122170000
32.20000000     2.479305745100000
32.22500000     2.482628121020000
32.25000000     2.486749142410000
32.27500000     2.491910219150000
32.30000000     2.498434639490000
32.32500000     2.506756133770000
32.35000000     2.517456370430000
32.37500000     2.531312695700000
32.40000000     2.549355867270000
32.42500000     2.572933694620000
32.45000000     2.603768615180000
32.47500000     2.643983124280000
32.50000000     2.696045409820000
32.52500000     2.762562104370000
32.55000000     2.845831192710000
32.57500000     2.947099500870000
32.60000000     3.065590210000000
32.62500000     3.197586855490000
32.65000000     3.336079051220000
32.67500000     3.471455798280000
32.70000000     3.593298011170000
32.72500000     3.692668066000000
32.75000000     3.763943341290000
32.77500000     3.805498592120000
32.80000000     3.819001910620000
32.82500000     3.809807438070000
32.85000000     3.782360829820000
32.87500000     3.742593810060000
32.90000000     3.695477992950000
32.92500000     3.645065145200000
32.95000000     3.594413255710000
32.97500000     3.545659630200000
33.00000000     3.500167761850000
33.02500000     3.458693310440000
33.05000000     3.421541304210000
33.07500000     3.388700192210000
33.10000000     3.359949227330000
33.12500000     3.334941245550000
33.15000000     3.313263971180000
33.17500000     3.294481903060000
33.20000000     3.278172505160000
33.22500000     3.263931134560000
33.25000000     3.251394807750000
33.27500000     3.240242816040000
33.30000000     3.230197809510000
33.32500000     3.221025428860000
33.35000000     3.212531175460000
33.37500000     3.204556597620000
33.40000000     3.196974992570000
33.42500000     3.189686980380000
33.45000000     3.182616050450000
33.47500000     3.175704454810000
33.50000000     3.168909932180000
33.52500000     3.162202468730000
33.55000000     3.155561593590000
33.57500000     3.148974050840000
33.60000000     3.142431867540000
33.62500000     3.135930815200000
33.65000000     3.129469213250000
33.67500000     3.123047024410000
33.70000000     3.116665239250000
33.72500000     3.110325377270000
33.75000000     3.104029150440000
33.77500000     3.097778260360000
33.80000000     3.091574272270000
33.82500000     3.085418540300000
33.85000000     3.079312167910000
33.87500000     3.073255996730000
33.90000000     3.067250619080000
33.92500000     3.061296402470000
33.95000000     3.055393518090000
33.97500000     3.049541967700000
34.00000000     3.043741607960000
34.02500000     3.037992173090000
34.05000000     3.032293296420000
34.07500000     3.026644530210000
34.10000000     3.021045363240000
34.12500000     3.015495235710000
34.15000000     3.009993551240000
34.17500000     3.004539686530000
34.20000000     2.999132999070000
34.22500000     2.993772833380000
34.25000000     2.988458526110000
34.27500000     2.983189410200000
34.30000000     2.977964818340000
34.32500000     2.972784085660000
34.35000000     2.967646551920000
34.37500000     2.962551563190000
34.40000000     2.957498473100000
34.42500000     2.952486643750000
34.45000000     2.947515446430000
34.47500000     2.942584262010000
34.50000000     2.937692481310000
34.52500000     2.932839505180000
34.55000000     2.928024744590000
34.57500000     2.923247620570000
34.60000000     2.918507564130000
34.62500000     2.913804016060000
34.65000000     2.909136426790000
34.67500000     2.904504256130000
34.70000000     2.899906973000000
34.72500000     2.895344055180000
34.75000000     2.890814988970000
34.77500000     2.886319268890000
34.80000000     2.881856397390000
34.82500000     2.877425884510000
34.85000000     2.873027247620000
34.87500000     2.868660011130000
34.90000000     2.864323706250000
34.92500000     2.860017870740000
34.95000000     2.855742048680000
34.97500000     2.851495790250000
35.00000000     2.847278651480000
35.02500000     2.843090194060000
35.05000000     2.838929985090000
35.07500000     2.834797596850000
35.10000000     2.830692606610000
35.12500000     2.826614596350000
35.15000000     2.822563152610000
35.17500000     2.818537866250000
35.20000000     2.814538332290000
35.22500000     2.810564149700000
35.25000000     2.806614921260000
35.27500000     2.802690253420000
35.30000000     2.798789756120000
35.32500000     2.794913042690000
35.35000000     2.791059729690000
35.37500000     2.787229436820000
35.40000000     2.783421786810000
35.42500000     2.779636405300000
35.45000000     2.775872920720000
35.47500000     2.772130964250000
35.50000000     2.768410169690000
35.52500000     2.764710173400000
35.55000000     2.761030614240000
35.57500000     2.757371133460000
35.60000000     2.753731374710000
35.62500000     2.750110983990000
35.65000000     2.746509609550000
35.67500000     2.742926901950000
35.70000000     2.739362514020000
35.72500000     2.735816100830000
35.75000000     2.732287319740000
35.77500000     2.728775830380000
35.80000000     2.725281294720000
35.82500000     2.721803377060000
35.85000000     2.718341744130000
35.87500000     2.714896065100000
35.90000000     2.711466011670000
35.92500000     2.708051258150000
35.95000000     2.704651481550000
35.97500000     2.701266361640000
36.00000000     2.697895581120000
36.02500000     2.694538825660000
36.05000000     2.691195784080000
36.07500000     2.687866148480000
36.10000000     2.684549614330000
36.12500000     2.681245880690000
36.15000000     2.677954650340000
36.17500000     2.674675629930000
36.20000000     2.671408530190000
36.22500000     2.668153066090000
36.25000000     2.664908957050000
36.27500000     2.661675927100000
36.30000000     2.658453705140000
36.32500000     2.655242025100000
36.35000000     2.652040626170000
36.37500000     2.648849253020000
36.40000000     2.645667656010000
36.42500000     2.642495591410000
36.45000000     2.639332821630000
36.47500000     2.636179115430000
36.50000000     2.633034248180000
36.52500000     2.629898002040000
36.55000000     2.626770166190000
36.57500000     2.623650537080000
36.60000000     2.620538918620000
36.62500000     2.617435122400000
36.65000000     2.614338967900000
36.67500000     2.611250282730000
36.70000000     2.608168902760000
36.72500000     2.605094672380000
36.75000000     2.602027444640000
36.77500000     2.598967081430000
36.80000000     2.595913453650000
36.82500000     2.592866441330000
36.85000000     2.589825933770000
36.87500000     2.586791829660000
36.90000000     2.583764037150000
36.92500000     2.580742473920000
36.95000000     2.577727067260000
36.97500000     2.574717754080000
37.00000000     2.571714480950000
37.02500000     2.568717204070000
37.05000000     2.565725889280000
37.07500000     2.562740512010000
37.10000000     2.559761057250000
37.12500000     2.556787519420000
37.15000000     2.553819902360000
37.17500000     2.550858219170000
37.20000000     2.547902492090000
37.22500000     2.544952752340000
37.25000000     2.542009039960000
37.27500000     2.539071403630000
37.30000000     2.536139900430000
37.32500000     2.533214595630000
37.35000000     2.530295562450000
37.37500000     2.527382881820000
37.40000000     2.524476642100000
37.42500000     2.521576938840000
37.45000000     2.518683874490000
37.47500000     2.515797558120000
37.50000000     2.512918105170000
37.52500000     2.510045637120000
37.55000000     2.507180281200000
37.57500000     2.504322170150000
37.60000000     2.501471441880000
37.62500000     2.498628239190000
37.65000000     2.495792709520000
37.67500000     2.492965004630000
37.70000000     2.490145280380000
37.72500000     2.487333696470000
37.75000000     2.484530416190000
37.77500000     2.481735606230000
37.80000000     2.478949436420000
37.82500000     2.476172079600000
37.85000000     2.473403711390000
37.87500000     2.470644510090000
37.90000000     2.467894656560000
37.92500000     2.465154334080000
37.95000000     2.462423728360000
37.97500000     2.459703027500000
38.00000000     2.456992422010000
38.02500000     2.454292104860000
38.05000000     2.451602271630000
38.07500000     2.448923120630000
38.10000000     2.446254853120000
38.12500000     2.443597673580000
38.15000000     2.440951790050000
38.17500000     2.438317414500000
38.20000000     2.435694763360000
38.22500000     2.433084058030000
38.25000000     2.430485525560000
38.27500000     2.427899399410000
38.30000000     2.425325920260000
38.32500000     2.422765337050000
38.35000000     2.420217908070000
38.37500000     2.417683902270000
38.40000000     2.415163600660000
38.42500000     2.412657298070000
38.45000000     2.410165304960000
38.47500000     2.407687949640000
38.50000000     2.405225580720000
38.52500000     2.402778569910000
38.55000000     2.400347315220000
38.57500000     2.397932244650000
38.60000000     2.395533820420000
38.62500000     2.393152543780000
38.65000000     2.390788960630000
38.67500000     2.388443667940000
38.70000000     2.386117321220000
38.72500000     2.383810643190000
38.75000000     2.381524433810000
38.77500000     2.379259582050000
38.80000000     2.377017079590000
38.82500000     2.374798037030000
38.85000000     2.372603702810000
38.87500000     2.370435485670000
38.90000000     2.368294981200000
38.92500000     2.366184003400000
38.95000000     2.364104622310000
38.97500000     2.362059209000000
39.00000000     2.360050489450000
39.02500000     2.358081609670000
39.05000000     2.356156214160000
39.07500000     2.354278540990000
39.10000000     2.352453537380000
39.12500000     2.350687000980000
39.15000000     2.348985752650000
39.17500000     2.347357848520000
39.20000000     2.345812840190000
39.22500000     2.344362104110000
39.25000000     2.343019254090000
39.27500000     2.341798473640000
39.30000000     2.340720427490000
39.32500000     2.339828124180000
39.35000000     2.339118858700000
39.37500000     2.338629633530000
39.40000000     2.338420366060000
39.42500000     2.338541974820000
39.45000000     2.339054732500000
39.47500000     2.340038584760000
39.50000000     2.341591792650000
39.52500000     2.343835593130000
39.55000000     2.346919505440000
39.57500000     2.351027585110000
39.60000000     2.356385491440000
39.62500000     2.363268037140000
39.65000000     2.372006401950000
39.67500000     2.382993486120000
39.70000000     2.396684586460000
39.72500000     2.413590311760000
39.75000000     2.434256389920000
39.77500000     2.459203287470000
39.80000000     2.488853620330000
39.82500000     2.523428484980000
39.85000000     2.562790638350000
39.87500000     2.606254711170000
39.90000000     2.652429059640000
39.92500000     2.699156389330000
39.95000000     2.743623698670000
39.97500000     2.782688054900000
40.00000000     2.813342345910000
40.02500000     2.834319329730000
40.05000000     2.840509169490000
40.07500000     2.837756012020000
40.10000000     2.824421436240000
40.12500000     2.802659909240000
40.15000000     2.775165541970000
40.17500000     2.744376452090000
40.20000000     2.712442204410000
40.22500000     2.681075902580000
40.25000000     2.651513264400000
40.27500000     2.624545561140000
40.30000000     2.600592356730000
40.32500000     2.579787732010000
40.35000000     2.562063157720000
40.37500000     2.547218366340000
40.40000000     2.534977282600000
40.42500000     2.525023479810000
40.45000000     2.517053435880000
40.47500000     2.510763299120000
40.50000000     2.505863356890000
40.52500000     2.502111614030000
40.55000000     2.499292642190000
40.57500000     2.497217913500000
40.60000000     2.495750748940000
40.62500000     2.494748747840000
40.65000000     2.494117765180000
40.67500000     2.493778106270000
40.70000000     2.493668798300000
40.72500000     2.493744317730000
40.75000000     2.493971984480000
40.77500000     2.494329663810000
40.80000000     2.494803769670000
40.82500000     2.495387555150000
40.85000000     2.496079665780000
40.87500000     2.496882930820000
40.90000000     2.497803359910000
40.92500000     2.498849312430000
40.95000000     2.500030809260000
40.97500000     2.501358958640000
41.00000000     2.502845469180000
41.02500000     2.504502226840000
41.05000000     2.506340914930000
41.07500000     2.508372659590000
41.10000000     2.510607685500000
41.12500000     2.513054970430000
41.15000000     2.515721889550000
41.17500000     2.518613844330000
41.20000000     2.521733874260000
41.22500000     2.525082253480000
41.25000000     2.528656078980000
41.27500000     2.532448861250000
41.30000000     2.536450133460000
41.32500000     2.540645099410000
41.35000000     2.545014345180000
41.37500000     2.549533642500000
41.40000000     2.554173873690000
41.42500000     2.558901107750000
41.45000000     2.563676854410000
41.47500000     2.568458516720000
41.50000000     2.573200053790000
41.52500000     2.577852852740000
41.55000000     2.582366794700000
41.57500000     2.586691483290000
41.60000000     2.590777588680000
41.62500000     2.594578246280000
41.65000000     2.598050439290000
41.67500000     2.601156289380000
41.70000000     2.603864181670000
41.72500000     2.606149658320000
41.75000000     2.607996029250000
41.77500000     2.609394667650000
41.80000000     2.610345006930000
41.82500000     2.610853580190000
41.85000000     2.610942791360000
41.87500000     2.610602191980000
41.90000000     2.609904842340000
41.92500000     2.608847513860000
41.95000000     2.607471544590000
41.97500000     2.605811164580000
42.00000000     2.603901446890000
42.02500000     2.601777251390000
42.05000000     2.599472423110000
42.07500000     2.597019145610000
42.10000000     2.594447454260000
42.12500000     2.591784903650000
42.15000000     2.589056375410000
42.17500000     2.586284008380000
42.20000000     2.583487230110000
42.22500000     2.580682868420000
42.25000000     2.577885322190000
42.27500000     2.575106772380000
42.30000000     2.572357416750000
42.32500000     2.569645714330000
42.35000000     2.566978628770000
42.37500000     2.564361862120000
42.40000000     2.561800073370000
42.42500000     2.559297078000000
42.45000000     2.556856026610000
42.47500000     2.554479562120000
42.50000000     2.552169956100000
42.52500000     2.549929225470000
42.55000000     2.547759231480000
42.57500000     2.545661762830000
42.60000000     2.543638605310000
42.62500000     2.541691599900000
42.65000000     2.539822691590000
42.67500000     2.538033970550000
42.70000000     2.536327707570000
42.72500000     2.534706385010000
42.75000000     2.533172724730000
42.77500000     2.531729713690000
42.80000000     2.530380628420000
42.82500000     2.529129058760000
42.85000000     2.527978931310000
42.87500000     2.526934533080000
42.90000000     2.526000535380000
42.92500000     2.525182017530000
42.95000000     2.524484491220000
42.97500000     2.523913924520000
43.00000000     2.523476764530000
43.02500000     2.523179959950000
43.05000000     2.523031000690000
43.07500000     2.523036656380000
43.10000000     2.523207147350000
43.12500000     2.523556405910000
43.15000000     2.524082239040000
43.17500000     2.524803540060000
43.20000000     2.525728707010000
43.22500000     2.526868904830000
43.25000000     2.528235587050000
43.27500000     2.529840462160000
43.30000000     2.531695355160000
43.32500000     2.533812029400000
43.35000000     2.536201962640000
43.37500000     2.538876072580000
43.40000000     2.541844385490000
43.42500000     2.545115644420000
43.45000000     2.548696854510000
43.47500000     2.552592765980000
43.50000000     2.556805298520000
43.52500000     2.561332916300000
43.55000000     2.566169968160000
43.57500000     2.571306014900000
43.60000000     2.576725173000000
43.62500000     2.582405512030000
43.65000000     2.588318550370000
43.67500000     2.594428899720000
43.70000000     2.600694111710000
43.72500000     2.607064779540000
43.75000000     2.613484941230000
43.77500000     2.619892819290000
43.80000000     2.626221913640000
43.82500000     2.632402440580000
43.85000000     2.638363082930000
43.87500000     2.644032987160000
43.90000000     2.649343915470000
43.92500000     2.654232438360000
43.95000000     2.658642039950000
43.97500000     2.662525005250000
44.00000000     2.665843969180000
44.02500000     2.668573027220000
44.05000000     2.670698373770000
44.07500000     2.672219426230000
44.10000000     2.673140594230000
44.12500000     2.673489405430000
44.15000000     2.673297126850000
44.17500000     2.672596332690000
44.20000000     2.671433773190000
44.22500000     2.669857987830000
44.25000000     2.667920044580000
44.27500000     2.665671850520000
44.30000000     2.663164673820000
44.32500000     2.660447904800000
44.35000000     2.657568077960000
44.37500000     2.654568155730000
44.40000000     2.651487061320000
44.42500000     2.648359435760000
44.45000000     2.645215587780000
44.47500000     2.642081601100000
44.50000000     2.638979563400000
44.52500000     2.635927882720000
44.55000000     2.632941660630000
44.57500000     2.630033095750000
44.60000000     2.627211896060000
44.62500000     2.624485682940000
44.65000000     2.621860374840000
44.67500000     2.619340541740000
44.70000000     2.616929725740000
44.72500000     2.614630725200000
44.75000000     2.612445842350000
44.77500000     2.610377095940000
44.80000000     2.608426401230000
44.82500000     2.606595720760000
44.85000000     2.604887189290000
44.87500000     2.603303216640000
44.90000000     2.601846572060000
44.92500000     2.600520453110000
44.95000000     2.599328542300000
44.97500000     2.598275053700000
45.00000000     2.597364771800000
45.02500000     2.596603083710000
45.05000000     2.595996006580000
45.07500000     2.595550209460000
45.10000000     2.595273031550000
45.12500000     2.595172493790000
45.15000000     2.595257308260000
45.17500000     2.595536337540000
45.20000000     2.596022089360000
45.22500000     2.596721911290000
45.25000000     2.597648348480000
45.27500000     2.598813978830000
45.30000000     2.600230776460000
45.32500000     2.601911492560000
45.35000000     2.603869098440000
45.37500000     2.606116607100000
45.40000000     2.608666843970000
45.42500000     2.611532166280000
45.45000000     2.614724124460000
45.47500000     2.618253060460000
45.50000000     2.622127640230000
45.52500000     2.626354318920000
45.55000000     2.630936741530000
45.57500000     2.635875085700000
45.60000000     2.641165358900000
45.62500000     2.646798668930000
45.65000000     2.652760494220000
45.67500000     2.659029988260000
45.70000000     2.665579360550000
45.72500000     2.672373383480000
45.75000000     2.679369079630000
45.77500000     2.686515645660000
45.80000000     2.693754666850000
45.82500000     2.701020667990000
45.85000000     2.708242032360000
45.87500000     2.715342300640000
45.90000000     2.722241835470000
45.92500000     2.728859808360000
45.95000000     2.735116435200000
45.97500000     2.740935359100000
46.00000000     2.746246056640000
46.02500000     2.750986131150000
46.05000000     2.755103355000000
46.07500000     2.758557334290000
46.10000000     2.761320692710000
46.12500000     2.763379743170000
46.15000000     2.764734143300000
46.17500000     2.765403431120000
46.20000000     2.765388618300000
46.22500000     2.764761996970000
46.25000000     2.763545069990000
46.27500000     2.761795658900000
46.30000000     2.759570738800000
46.32500000     2.756930250390000
46.35000000     2.753935189800000
46.37500000     2.750645918200000
46.40000000     2.747120732550000
46.42500000     2.743414721600000
46.45000000     2.739578911240000
46.47500000     2.735659687680000
46.50000000     2.731698474010000
46.52500000     2.727731628120000
46.55000000     2.723790524270000
46.57500000     2.719901779610000
46.60000000     2.716087587920000
46.62500000     2.712366125900000
46.65000000     2.708752001660000
46.67500000     2.705256719980000
46.70000000     2.701889143910000
46.72500000     2.698655937360000
46.75000000     2.695561977530000
46.77500000     2.692610730170000
46.80000000     2.689804583860000
46.82500000     2.687145141990000
46.85000000     2.684633473160000
46.87500000     2.682270322240000
46.90000000     2.680056285070000
46.92500000     2.677991950340000
46.95000000     2.676078012510000
46.97500000     2.674315359510000
47.00000000     2.672705138690000
47.02500000     2.671248804260000
47.05000000     2.669948149150000
47.07500000     2.668805323340000
47.10000000     2.667822841110000
47.12500000     2.667003577970000
47.15000000     2.666350759160000
47.17500000     2.665867939440000
47.20000000     2.665558972290000
47.22500000     2.665428161290000
47.25000000     2.665475029170000
47.27500000     2.665719059960000
47.30000000     2.666147543120000
47.32500000     2.666773382450000
47.35000000     2.667599928230000
47.37500000     2.668631648850000
47.40000000     2.669872741690000
47.42500000     2.671327017320000
47.45000000     2.672997760320000
47.47500000     2.674887573460000
47.50000000     2.676998205920000
47.52500000     2.679330366270000
47.55000000     2.681883521840000
47.57500000     2.684655686910000
47.60000000     2.687643203250000
47.62500000     2.690840517400000
47.65000000     2.694239960820000
47.67500000     2.697831539840000
47.70000000     2.701602744130000
47.72500000     2.705538383340000
47.75000000     2.709620462640000
47.77500000     2.713828108480000
47.80000000     2.718137555940000
47.82500000     2.722522208660000
47.85000000     2.726952780850000
47.87500000     2.731397529010000
47.90000000     2.735822577730000
47.92500000     2.740192340380000
47.95000000     2.744470030820000
47.97500000     2.748618257470000
48.00000000     2.752599685680000
48.02500000     2.756377749720000
48.05000000     2.759917390940000
48.07500000     2.763185795590000
48.10000000     2.766153103770000
48.12500000     2.768793060430000
48.15000000     2.771083581470000
48.17500000     2.773007210550000
48.20000000     2.774551448190000
48.22500000     2.775708941500000
48.25000000     2.776477311550000
48.27500000     2.776865990080000
48.30000000     2.776855857270000
48.32500000     2.776502350330000
48.35000000     2.775790577920000
48.37500000     2.774749036030000
48.40000000     2.773400158170000
48.42500000     2.771768797160000
48.45000000     2.769881457180000
48.47500000     2.767765677530000
48.50000000     2.765449458840000
48.52500000     2.762960745280000
48.55000000     2.760326972270000
48.57500000     2.757574685310000
48.60000000     2.754729232360000
48.62500000     2.751814528850000
48.65000000     2.748852891940000
48.67500000     2.745864938670000
48.70000000     2.742869540930000
48.72500000     2.739883829370000
48.75000000     2.736923237910000
48.77500000     2.734001580860000
48.80000000     2.731131154500000
48.82500000     2.728322856310000
48.85000000     2.725586315170000
48.87500000     2.722930027170000
48.90000000     2.720361492560000
48.92500000     2.717887350000000
48.95000000     2.715513505390000
48.97500000     2.713245253180000
49.00000000     2.711087388760000
49.02500000     2.709044310920000
49.05000000     2.707120114090000
49.07500000     2.705318670010000
49.10000000     2.703643699240000
49.12500000     2.702098832470000
49.15000000     2.700687662360000
49.17500000     2.699413785990000
49.20000000     2.698280838620000
49.22500000     2.697292519060000
49.25000000     2.696452606770000
49.27500000     2.695764971210000
49.30000000     2.695233573370000
49.32500000     2.694862451830000
49.35000000     2.694655604010000
49.37500000     2.694617195370000
49.40000000     2.694752609390000
49.42500000     2.695063957510000
49.45000000     2.695556514590000
49.47500000     2.696234030750000
49.50000000     2.697100271030000
49.52500000     2.698158715100000
49.55000000     2.699412470340000
49.57500000     2.700864168470000
49.60000000     2.702515850600000
49.62500000     2.704368840220000
49.65000000     2.706423605800000
49.67500000     2.708679613580000
49.70000000     2.711135172860000
49.72500000     2.713787275460000
49.75000000     2.716631432980000
49.77500000     2.719661515230000
49.80000000     2.722869594830000
49.82500000     2.726245803420000
49.85000000     2.729778205780000
49.87500000     2.733452698770000
49.90000000     2.737252942670000
49.92500000     2.741160332290000
49.95000000     2.745154015500000
49.97500000     2.749210965900000
50.00000000     2.753306115510000
50.02500000     2.757412551670000
50.05000000     2.761501780540000
50.07500000     2.765544056590000
50.10000000     2.769508775040000
50.12500000     2.773364920710000
50.15000000     2.777081563630000
50.17500000     2.780628388610000
50.20000000     2.783976243220000
50.22500000     2.787097686620000
50.25000000     2.789967520330000
50.27500000     2.792563281760000
50.30000000     2.794865682060000
50.32500000     2.796858971850000
50.35000000     2.798531220890000
50.37500000     2.799874501750000
50.40000000     2.800884971480000
50.42500000     2.801562863670000
50.45000000     2.801912076080000
50.47500000     2.801945211030000
50.50000000     2.801657194070000
50.52500000     2.801085508330000
50.55000000     2.800232517730000
50.57500000     2.799121045830000
50.60000000     2.797772077820000
50.62500000     2.796207887990000
50.65000000     2.794451590420000
50.67500000     2.792526712160000
50.70000000     2.790456802910000
50.72500000     2.788265090420000
50.75000000     2.785974185580000
50.77500000     2.783605839380000
50.80000000     2.781180751270000
50.82500000     2.778718427160000
50.85000000     2.776237083550000
50.87500000     2.773753593510000
50.90000000     2.771283469300000
50.92500000     2.768840876270000
50.95000000     2.766438672440000
50.97500000     2.764088468110000
51.00000000     2.761800700620000
51.02500000     2.759584719200000
51.05000000     2.757448876040000
51.07500000     2.755400619680000
51.10000000     2.753446587900000
51.12500000     2.751592697440000
51.15000000     2.749844228900000
51.17500000     2.748205905120000
51.20000000     2.746681962120000
51.22500000     2.745276211910000
51.25000000     2.743992096820000
51.27500000     2.742832734910000
51.30000000     2.741800956940000
51.32500000     2.740899334410000
51.35000000     2.740130199480000
51.37500000     2.739495656710000
51.40000000     2.738997582710000
51.42500000     2.738636051180000
51.45000000     2.738418789210000
51.47500000     2.738337628390000
51.50000000     2.738399612820000
51.52500000     2.738603689440000
51.55000000     2.738950123750000
51.57500000     2.739438791300000
51.60000000     2.740069106790000
51.62500000     2.740840006840000
51.65000000     2.741749899540000
51.67500000     2.742796611020000
51.70000000     2.743977330670000
51.72500000     2.745288556430000
51.75000000     2.746726041210000
51.77500000     2.748284742170000
51.80000000     2.749958774070000
51.82500000     2.751741368830000
51.85000000     2.753624842960000
51.87500000     2.755600575090000
51.90000000     2.757658995420000
51.92500000     2.759789589270000
51.95000000     2.761980916350000
51.97500000     2.764220647490000
52.00000000     2.766495620110000
52.02500000     2.768791913320000
52.05000000     2.771094943110000
52.07500000     2.773389577610000
52.10000000     2.775660271640000
52.12500000     2.777891219110000
52.15000000     2.780066521340000
52.17500000     2.782170368330000
52.20000000     2.784187229560000
52.22500000     2.786102050300000
52.25000000     2.787900448780000
52.27500000     2.789568909520000
52.30000000     2.791094967590000
52.32500000     2.792467379130000
52.35000000     2.793676273240000
52.37500000     2.794713281260000
52.40000000     2.795571639810000
52.42500000     2.796246264880000
52.45000000     2.796733795410000
52.47500000     2.797032604470000
52.50000000     2.797142779300000
52.52500000     2.797066182630000
52.55000000     2.796806164820000
52.57500000     2.796365523160000
52.60000000     2.795755437470000
52.62500000     2.794978902670000
52.65000000     2.794045825080000
52.67500000     2.792965578470000
52.70000000     2.791748293490000
52.72500000     2.790404685780000
52.75000000     2.788945891880000
52.77500000     2.787383313030000
52.80000000     2.785728470170000
52.82500000     2.783992871870000
52.85000000     2.782187896360000
52.87500000     2.780324688430000
52.90000000     2.778414071600000
52.92500000     2.776466475410000
52.95000000     2.774491877550000
52.97500000     2.772499759960000
53.00000000     2.770499077930000
53.02500000     2.768498240930000
53.05000000     2.766505103830000
53.07500000     2.764526967170000
53.10000000     2.762570584890000
53.12500000     2.760642178290000
53.15000000     2.758747454710000
53.17500000     2.756891629900000
53.20000000     2.755079452740000
53.22500000     2.753315231520000
53.25000000     2.751602860760000
53.27500000     2.749945847990000
53.30000000     2.748347339710000
53.32500000     2.746810146160000
53.35000000     2.745336764510000
53.37500000     2.743929400080000
53.40000000     2.742589985470000
53.42500000     2.741320197420000
53.45000000     2.740121471340000
53.47500000     2.738995013490000
53.50000000     2.737941810770000
53.52500000     2.736962638360000
53.55000000     2.736058065030000
53.57500000     2.735228456540000
53.60000000     2.734473976940000
53.62500000     2.733794588330000
53.65000000     2.733190048770000
53.67500000     2.732659909270000
53.70000000     2.732203526050000
53.72500000     2.731818446530000
53.75000000     2.731508647990000
53.77500000     2.731266868440000
53.80000000     2.731094382150000
53.82500000     2.730988924000000
53.85000000     2.730948467130000
53.87500000     2.730970659800000
53.90000000     2.731052890700000
53.92500000     2.731192323300000
53.95000000     2.731385828740000
53.97500000     2.731630006310000
54.00000000     2.731921185110000
54.02500000     2.732255426170000
54.05000000     2.732628528490000
54.07500000     2.733036037120000
54.10000000     2.733473255060000
54.12500000     2.733935257960000
54.15000000     2.734416912480000
54.17500000     2.734912897780000
54.20000000     2.735417730610000
54.22500000     2.735925793520000
54.25000000     2.736431366430000
54.27500000     2.736928661050000
54.30000000     2.737411858060000
54.32500000     2.737875146470000
54.35000000     2.738312765090000
54.37500000     2.738719045030000
54.40000000     2.739088453220000
54.42500000     2.739415635880000
54.45000000     2.739695461730000
54.47500000     2.739923063660000
54.50000000     2.740093878860000
54.52500000     2.740203686020000
54.55000000     2.740248639600000
54.57500000     2.740225301380000
54.60000000     2.740130628070000
54.62500000     2.739962121990000
54.65000000     2.739717622560000
54.67500000     2.739397117780000
54.70000000     2.738993462100000
54.72500000     2.738514796030000
54.75000000     2.737955838200000
54.77500000     2.737317337320000
54.80000000     2.736600506050000
54.82500000     2.735806551090000
54.85000000     2.734937089620000
54.87500000     2.733994124200000
54.90000000     2.732980012540000
54.92500000     2.731897434820000
54.95000000     2.730749359290000
54.97500000     2.729539006970000
55.00000000     2.728269815890000
55.02500000     2.726945405650000
55.05000000     2.725569542560000
55.07500000     2.724146105970000
55.10000000     2.722679055990000
55.12500000     2.721172403210000
55.15000000     2.719630180380000
55.17500000     2.718056416480000
55.20000000     2.716455113160000
55.22500000     2.714830223780000
55.25000000     2.713185634940000
55.27500000     2.711525150620000
55.30000000     2.709852478650000
55.32500000     2.708171219740000
55.35000000     2.706484858620000
55.37500000     2.704796757300000
55.40000000     2.703110150290000
55.42500000     2.701428141520000
55.45000000     2.699753702790000
55.47500000     2.698089673650000
55.50000000     2.696438762350000
55.52500000     2.694803547850000
55.55000000     2.693186482560000
55.57500000     2.691589895800000
55.60000000     2.690015997670000
55.62500000     2.688466883300000
55.65000000     2.686944537310000
55.67500000     2.685450838340000
55.70000000     2.683987563630000
55.72500000     2.682556393440000
55.75000000     2.681158915350000
55.77500000     2.679796628290000
55.80000000     2.678470946290000
55.82500000     2.677183201880000
55.85000000     2.675934649110000
55.87500000     2.674726466120000
55.90000000     2.673559757330000
55.92500000     2.672435555110000
55.95000000     2.671354820980000
55.97500000     2.670318446380000
56.00000000     2.669327252820000
56.02500000     2.668381991670000
56.05000000     2.667483343330000
56.07500000     2.666631916010000
56.10000000     2.665828243920000
56.12500000     2.665072785080000
56.15000000     2.664365918580000
56.17500000     2.663707941470000
56.20000000     2.663099065350000
56.22500000     2.662539422070000
56.25000000     2.662028033800000
56.27500000     2.661568476830000
56.30000000     2.661155581210000
56.32500000     2.660792123140000
56.35000000     2.660476971360000
56.37500000     2.660209633370000
56.40000000     2.659989471110000
56.42500000     2.659815717090000
56.45000000     2.659687468320000
56.47500000     2.659603681210000
56.50000000     2.659563185270000
56.52500000     2.659564652560000
56.55000000     2.659606547540000
56.57500000     2.659687253790000
56.60000000     2.659804977190000
56.62500000     2.659957762460000
56.65000000     2.660143497180000
56.67500000     2.660359913270000
56.70000000     2.660604588780000
56.72500000     2.660874952410000
56.75000000     2.661168288320000
56.77500000     2.661481743310000
56.80000000     2.661812335370000
56.82500000     2.662156963740000
56.85000000     2.662512421070000
56.87500000     2.662875406830000
56.90000000     2.663242542650000
56.92500000     2.663610389070000
56.95000000     2.663975463830000
56.97500000     2.664334261520000
57.00000000     2.664683274200000
57.02500000     2.665019013350000
57.05000000     2.665338032110000
57.07500000     2.665636948430000
57.10000000     2.665912468160000
57.12500000     2.666161408150000
57.15000000     2.666380719080000
57.17500000     2.666567507310000
57.20000000     2.666719056230000
57.22500000     2.666832845580000
57.25000000     2.666906570260000
57.27500000     2.666938155780000
57.30000000     2.666925772480000
57.32500000     2.666867816860000
57.35000000     2.666763039490000
57.37500000     2.666610396590000
57.40000000     2.666409129630000
57.42500000     2.666158766020000
57.45000000     2.665859112620000
57.47500000     2.665510254350000
57.50000000     2.665112510840000
57.52500000     2.664667108740000
57.55000000     2.664173565790000
57.57500000     2.663632733450000
57.60000000     2.663049192370000
57.62500000     2.662421246410000
57.65000000     2.661751671310000
57.67500000     2.661042360950000
57.70000000     2.660295385960000
57.72500000     2.659512958210000
57.75000000     2.658697412790000
57.77500000     2.657851189960000
57.80000000     2.656976817540000
57.82500000     2.656076893800000
57.85000000     2.655154071080000
57.87500000     2.654211040370000
57.90000000     2.653250516730000
57.92500000     2.652275225940000
57.95000000     2.651287892150000
57.97500000     2.650291226740000
58.00000000     2.649287918270000
58.02500000     2.648280623650000
58.05000000     2.647271960300000
58.07500000     2.646264499460000
58.10000000     2.645260760430000
58.12500000     2.644263205730000
58.15000000     2.643274237160000
58.17500000     2.642296192530000
58.20000000     2.641331343110000
58.22500000     2.640381891610000
58.25000000     2.639449970690000
58.27500000     2.638537641780000
58.30000000     2.637646894260000
58.32500000     2.636779644810000
58.35000000     2.635937736930000
58.37500000     2.635122940430000
58.40000000     2.634336950970000
58.42500000     2.633581389520000
58.45000000     2.632857801560000
58.47500000     2.632167656200000
58.50000000     2.631512344950000
58.52500000     2.630893180290000
58.55000000     2.630311393420000
58.57500000     2.629768160370000
58.60000000     2.629263438220000
58.62500000     2.628801808860000
58.65000000     2.628379708110000
58.67500000     2.628000299620000
58.70000000     2.627663794000000
58.72500000     2.627370784490000
58.75000000     2.627121742850000
58.77500000     2.626917024420000
58.80000000     2.626756863010000
58.82500000     2.626641364540000
58.85000000     2.626570500590000
58.87500000     2.626544108230000
58.90000000     2.626561899880000
58.92500000     2.626623345330000
58.95000000     2.626727838320000
58.97500000     2.626874589700000
59.00000000     2.627062631030000
59.02500000     2.627290816240000
59.05000000     2.627557817220000
59.07500000     2.627862119090000
59.10000000     2.628202017720000
59.12500000     2.628575617160000
59.15000000     2.628980829250000
59.17500000     2.629415374160000
59.20000000     2.629876782700000
59.22500000     2.630362400480000
59.25000000     2.630869393690000
59.27500000     2.631394757170000
59.30000000     2.631935324320000
59.32500000     2.632487779340000
59.35000000     2.633048671560000
59.37500000     2.633614431980000
59.40000000     2.634181391970000
59.42500000     2.634745803990000
59.45000000     2.635303864310000
59.47500000     2.635851737320000
59.50000000     2.636385581580000
59.52500000     2.636901576910000
59.55000000     2.637395952590000
59.57500000     2.637865016010000
59.60000000     2.638305181670000
59.62500000     2.638712999940000
59.65000000     2.639085185080000
59.67500000     2.639418642690000
59.70000000     2.639710494930000
59.72500000     2.639958104970000
59.75000000     2.640159097970000
59.77500000     2.640311380840000
59.80000000     2.640413157910000
59.82500000     2.640462945360000
59.85000000     2.640459561570000
59.87500000     2.640402150760000
59.90000000     2.640290278680000
59.92500000     2.640123738290000
59.95000000     2.639902673680000
59.97500000     2.639627544950000
60.00000000     2.639299411200000
60.02500000     2.638919117740000
60.05000000     2.638486172500000
60.07500000     2.638006427880000
60.10000000     2.637478330340000
60.12500000     2.636904973430000
60.15000000     2.636288630760000
60.17500000     2.635631770910000
60.20000000     2.634937020050000
60.22500000     2.634207138940000
60.25000000     2.633445000870000
60.27500000     2.632653569640000
60.30000000     2.631835878530000
60.32500000     2.630995010140000
60.35000000     2.630134077380000
60.37500000     2.629256205870000
60.40000000     2.628364517570000
60.42500000     2.627462115950000
60.45000000     2.626552072570000
60.47500000     2.625637415070000
60.50000000     2.624721116610000
60.52500000     2.623806086600000
60.55000000     2.622895162760000
60.57500000     2.621991104250000
60.60000000     2.621096585960000
60.62500000     2.620214193670000
60.65000000     2.619346420100000
60.67500000     2.618495661580000
60.70000000     2.617664215390000
60.72500000     2.616854277470000
60.75000000     2.616067940550000
60.77500000     2.615307192460000
60.80000000     2.614573914640000
60.82500000     2.613869880580000
60.85000000     2.613196754390000
60.87500000     2.612556089110000
60.90000000     2.611949324890000
60.92500000     2.611377787010000
60.95000000     2.610842683470000
60.97500000     2.610345102480000
61.00000000     2.609886009410000
61.02500000     2.609466242470000
61.05000000     2.609086551930000
61.07500000     2.608746189180000
61.10000000     2.608450068830000
61.12500000     2.608192641960000
61.15000000     2.607977450120000
61.17500000     2.607803729100000
61.20000000     2.607671336780000
61.22500000     2.607579951170000
61.25000000     2.607529082250000
61.27500000     2.607518102700000
61.30000000     2.607546132700000
61.32500000     2.607612147260000
61.35000000     2.607714963440000
61.37500000     2.607853194470000
61.40000000     2.608025265200000
61.42500000     2.608229413150000
61.45000000     2.608463688250000
61.47500000     2.608725955100000
61.50000000     2.609013896490000
61.52500000     2.609325018220000
61.55000000     2.609656656450000
61.57500000     2.610005986160000
61.60000000     2.610370032250000
61.62500000     2.610745682300000
61.65000000     2.611129701460000
61.67500000     2.611518749550000
61.70000000     2.611909399890000
61.72500000     2.612298160260000
61.75000000     2.612681495510000
61.77500000     2.613055851710000
61.80000000     2.613417681830000
61.82500000     2.613763472180000
61.85000000     2.614089770110000
61.87500000     2.614393211560000
61.90000000     2.614670549240000
61.92500000     2.614918680140000
61.95000000     2.615134672330000
61.97500000     2.615315791100000
62.00000000     2.615459522630000
62.02500000     2.615563597260000
62.05000000     2.615626008490000
62.07500000     2.615645033580000
62.10000000     2.615619213360000
62.12500000     2.615547448050000
62.15000000     2.615428972730000
62.17500000     2.615263223960000
62.20000000     2.615051158330000
62.22500000     2.614789321260000
62.25000000     2.614482261650000
62.27500000     2.614129961680000
62.30000000     2.613732152950000
62.32500000     2.613290905230000
62.35000000     2.612807867690000
62.37500000     2.612284952490000
62.40000000     2.611724309900000
62.42500000     2.611128308160000
62.45000000     2.610499512830000
62.47500000     2.609840665270000
62.50000000     2.609154661200000
62.52500000     2.608444529070000
62.55000000     2.607713408930000
62.57500000     2.606964531920000
62.60000000     2.606201200460000
62.62500000     2.605426769610000
62.65000000     2.604644629410000
62.67500000     2.603858188570000
62.70000000     2.603070859370000
62.72500000     2.602286043900000
62.75000000     2.601507121640000
62.77500000     2.600737438240000
62.80000000     2.599980295620000
62.82500000     2.599238943040000
62.85000000     2.598516569320000
62.87500000     2.597816295920000
62.90000000     2.597141170700000
62.92500000     2.596494162500000
62.95000000     2.595878155950000
62.97500000     2.595295946920000
63.00000000     2.594750237780000
63.02500000     2.594243633130000
63.05000000     2.593778635020000
63.07500000     2.593357638230000
63.10000000     2.592982924700000
63.12500000     2.592656688430000
63.15000000     2.592379706210000
63.17500000     2.592158387150000
63.20000000     2.591988403280000
63.22500000     2.591874925810000
63.25000000     2.591818759570000
63.27500000     2.591821147150000
63.30000000     2.591883243850000
63.32500000     2.592005889810000
63.35000000     2.592189845080000
63.37500000     2.592435623170000
63.40000000     2.592743496620000
63.42500000     2.593113490920000
63.45000000     2.593545369770000
63.47500000     2.594038619050000
63.50000000     2.594592432400000
63.52500000     2.595205695910000
63.55000000     2.595876974600000
63.57500000     2.596604499700000
63.60000000     2.597386157530000
63.62500000     2.598219480790000
63.65000000     2.599101641980000
63.67500000     2.600029450200000
63.70000000     2.600999351260000
63.72500000     2.602007431830000
63.75000000     2.603049428130000
63.77500000     2.604120739210000
63.80000000     2.605216445690000
63.82500000     2.606331333740000
63.85000000     2.607459924720000
63.87500000     2.608596510490000
63.90000000     2.609735194250000
63.92500000     2.610869936720000
63.95000000     2.611994607290000
63.97500000     2.613103039490000
64.00000000     2.614189090280000
64.02500000     2.615246702060000
64.05000000     2.616269966710000
64.07500000     2.617253190230000
64.10000000     2.618190957070000
64.12500000     2.619078192840000
64.15000000     2.619910223990000
64.17500000     2.620682833530000
64.20000000     2.621392311280000
64.22500000     2.622035497930000
64.25000000     2.622609821720000
64.27500000     2.623113326970000
64.30000000     2.623544694550000
64.32500000     2.623903252520000
64.35000000     2.624188979020000
64.37500000     2.624402494710000
64.40000000     2.624545050760000
64.42500000     2.624618463360000
64.45000000     2.624625160670000
64.47500000     2.624568102030000
64.50000000     2.624452353840000
64.52500000     2.624276432950000
64.55000000     2.624051170750000
64.57500000     2.623778737170000
64.60000000     2.623463266310000
64.62500000     2.623110548440000
64.65000000     2.622725955660000
64.67500000     2.622314996530000
64.70000000     2.621883268180000
64.72500000     2.621436410410000
64.75000000     2.620980063220000
64.77500000     2.620519827580000
64.80000000     2.620061229720000
64.82500000     2.619609689000000
64.85000000     2.619170489400000
64.87500000     2.618748754240000
64.90000000     2.618349424110000
64.92500000     2.617977237560000
64.95000000     2.617636714100000
64.97500000     2.617332139540000
65.00000000     2.617067575340000
65.02500000     2.616845567830000
65.05000000     2.616673910090000
65.07500000     2.616550189120000
65.10000000     2.616480633140000
65.12500000     2.616467129690000
65.15000000     2.616512071130000
65.17500000     2.616617431070000
65.20000000     2.616784848760000
65.22500000     2.617015679690000
65.25000000     2.617310889990000
65.27500000     2.617671073300000
65.30000000     2.618096439560000
65.32500000     2.618586800580000
65.35000000     2.619141557240000
65.37500000     2.619759686460000
65.40000000     2.620439729620000
65.42500000     2.621179782480000
65.45000000     2.621977487040000
65.47500000     2.622830026340000
65.50000000     2.623734122230000
65.52500000     2.624686037300000
65.55000000     2.625681581190000
65.57500000     2.626716122110000
65.60000000     2.627784604080000
65.62500000     2.628881570270000
65.65000000     2.630001193060000
65.67500000     2.631137310820000
65.70000000     2.632283471780000
65.72500000     2.633432984720000
65.75000000     2.634578976460000
65.77500000     2.635714455550000
65.80000000     2.636832381550000
65.82500000     2.637925739190000
65.85000000     2.638987616050000
65.87500000     2.640011282990000
65.90000000     2.640990275390000
65.92500000     2.641918474280000
65.95000000     2.642790185240000
65.97500000     2.643600214030000
66.00000000     2.644343936810000
66.02500000     2.645017363980000
66.05000000     2.645617196110000
66.07500000     2.646140870530000
66.10000000     2.646586598550000
66.12500000     2.646953391170000
66.15000000     2.647241075020000
66.17500000     2.647450295760000
66.20000000     2.647582516440000
66.22500000     2.647639919550000
66.25000000     2.647625786890000
66.27500000     2.647544721350000
66.30000000     2.647396027280000
66.32500000     2.647193578210000
66.35000000     2.646936701770000
66.37500000     2.646633413220000
66.40000000     2.646290404110000
66.42500000     2.645914822360000
66.45000000     2.645514188810000
66.47500000     2.645096344670000
66.50000000     2.644669401390000
66.52500000     2.644241694100000
66.55000000     2.643821739870000
66.57500000     2.643418200830000
66.60000000     2.643039852580000
66.62500000     2.642695557740000
66.65000000     2.642394244480000
66.67500000     2.642144889800000
66.70000000     2.641956508480000
66.72500000     2.641837061340000
66.75000000     2.641799829850000
66.77500000     2.641847719820000
66.80000000     2.641993862600000
66.82500000     2.642246350410000
66.85000000     2.642614246230000
66.87500000     2.643106714660000
66.90000000     2.643732863870000
66.92500000     2.644501778470000
66.95000000     2.645422504510000
66.97500000     2.646504022680000
67.00000000     2.647755213090000
67.02500000     2.649184809080000
67.05000000     2.650801339590000
67.07500000     2.652613057960000
67.10000000     2.654627856440000
67.12500000     2.656853164720000
67.15000000     2.659295831740000
67.17500000     2.661961990010000
67.20000000     2.664856902420000
67.22500000     2.667984791610000
67.25000000     2.671348653440000
67.27500000     2.674950056400000
67.30000000     2.678788930240000
67.32500000     2.682863348330000
67.35000000     2.687169309480000
67.37500000     2.691700526640000
67.40000000     2.696448231010000
67.42500000     2.701401001770000
67.45000000     2.706544632570000
67.47500000     2.711862046580000
67.50000000     2.717333272390000
67.52500000     2.722935492350000
67.55000000     2.728643173890000
67.57500000     2.734428292050000
67.60000000     2.740260648590000
67.62500000     2.746108288690000
67.65000000     2.751938011710000
67.67500000     2.757715967180000
67.70000000     2.763408321320000
67.72500000     2.768981974410000
67.75000000     2.774405304520000
67.77500000     2.779648909370000
67.80000000     2.784686316350000
67.82500000     2.789494630190000
67.85000000     2.794055089860000
67.87500000     2.798353509460000
67.90000000     2.802380583770000
67.92500000     2.806132045280000
67.95000000     2.809608667550000
67.97500000     2.812816116900000
68.00000000     2.815764662240000
68.02500000     2.818468758860000
68.05000000     2.820946527350000
68.07500000     2.823219151920000
68.10000000     2.825310224360000
68.12500000     2.827245059740000
68.15000000     2.829050008480000
68.17500000     2.830751786770000
68.20000000     2.832376843800000
68.22500000     2.833950780310000
68.25000000     2.835497828830000
68.27500000     2.837040401980000
68.30000000     2.838598712000000
68.32500000     2.840190461470000
68.35000000     2.841830603010000
68.37500000     2.843531164370000
68.40000000     2.845301134140000
68.42500000     2.847146403150000
68.45000000     2.849069756550000
68.47500000     2.851070912100000
68.50000000     2.853146600740000
68.52500000     2.855290686240000
68.55000000     2.857494321240000
68.57500000     2.859746137790000
68.60000000     2.862032470470000
68.62500000     2.864337610580000
68.65000000     2.866644089460000
68.67500000     2.868932988530000
68.70000000     2.871184273140000
68.72500000     2.873377146280000
68.75000000     2.875490417130000
68.77500000     2.877502878640000
68.80000000     2.879393687220000
68.82500000     2.881142736890000
68.85000000     2.882731019610000
68.87500000     2.884140963480000
68.90000000     2.885356740470000
68.92500000     2.886364535940000
68.95000000     2.887152773190000
68.97500000     2.887712286800000
69.00000000     2.888036437210000
69.02500000     2.888123131150000
69.05000000     2.887960292850000
69.07500000     2.887569268830000
69.10000000     2.886937148050000
69.12500000     2.886074952130000
69.15000000     2.884990492440000
69.17500000     2.883693638150000
69.20000000     2.882195952450000
69.22500000     2.880510399420000
69.25000000     2.878651073260000
69.27500000     2.876632934580000
69.30000000     2.874471551800000
69.32500000     2.872182853770000
69.35000000     2.869782899490000
69.37500000     2.867287669150000
69.40000000     2.864712879230000
69.42500000     2.862073823000000
69.45000000     2.859385237210000
69.47500000     2.856661194390000
69.50000000     2.853915019850000
69.52500000     2.851159231740000
69.55000000     2.848405502080000
69.57500000     2.845664636310000
69.60000000     2.842946568960000
69.62500000     2.840260373100000
69.65000000     2.837614280820000
69.67500000     2.835015712750000
69.70000000     2.832471314200000
69.72500000     2.829986996080000
69.75000000     2.827567978710000
69.77500000     2.825218837060000
69.80000000     2.822943546230000
69.82500000     2.820745525850000
69.85000000     2.818627682940000
69.87500000     2.816592452380000
69.90000000     2.814641834660000
69.92500000     2.812777430600000
69.95000000     2.811000472950000
69.97500000     2.809311854730000
70.00000000     2.807712154450000
70.02500000     2.806201658270000
70.05000000     2.804780379200000
70.07500000     2.803448073680000
70.10000000     2.802204255660000
70.12500000     2.801048208530000
70.15000000     2.799978995140000
70.17500000     2.798995466150000
70.20000000     2.798096267160000
70.22500000     2.797279844770000
70.25000000     2.796544451970000
70.27500000     2.795888153080000
70.30000000     2.795308828590000
70.32500000     2.794804180110000
70.35000000     2.794371735810000
70.37500000     2.794008856380000
70.40000000     2.793712742080000
70.42500000     2.793480440660000
70.45000000     2.793308856980000
70.47500000     2.793194762210000
70.50000000     2.793134837170000
70.52500000     2.793125592740000
70.55000000     2.793162826330000
70.57500000     2.793244939680000
70.60000000     2.793366267930000
70.62500000     2.793523749490000
70.65000000     2.793713702560000
70.67500000     2.793932457350000
70.70000000     2.794176380630000
70.72500000     2.794441910740000
70.75000000     2.794725589980000
70.77500000     2.795024095140000
70.80000000     2.795334267750000
70.82500000     2.795653144400000
70.85000000     2.795977987040000
70.87500000     2.796306312850000
70.90000000     2.796635923150000
70.92500000     2.796964930960000
70.95000000     2.797291786860000
70.97500000     2.797615302650000
71.00000000     2.797934672620000
71.02500000     2.798249492080000
71.05000000     2.798559772810000
71.07500000     2.798865955320000
71.10000000     2.799168917610000
71.12500000     2.799469980390000
71.15000000     2.799770908600000
71.17500000     2.800073909190000
71.20000000     2.800381625200000
71.22500000     2.800697126130000
71.25000000     2.801023894600000
71.27500000     2.801365809600000
71.30000000     2.801727126120000
71.32500000     2.802112451650000
71.35000000     2.802526719280000
71.37500000     2.802975157830000
71.40000000     2.803463258870000
71.42500000     2.803996740900000
71.45000000     2.804581510500000
71.47500000     2.805223620720000
71.50000000     2.805929226420000
71.52500000     2.806704536660000
71.55000000     2.807555763830000
71.57500000     2.808489069740000
71.60000000     2.809510508200000
71.62500000     2.810625964340000
71.65000000     2.811841090170000
71.67500000     2.813161236430000
71.70000000     2.814591380200000
71.72500000     2.816136048550000
71.75000000     2.817799238060000
71.77500000     2.819584330840000
71.80000000     2.821494007770000
71.82500000     2.823530159720000
71.85000000     2.825693797800000
71.87500000     2.827984963000000
71.90000000     2.830402636340000
71.92500000     2.832944650040000
71.95000000     2.835607601570000
71.97500000     2.838386772820000
72.00000000     2.841276058020000
72.02500000     2.844267904700000
72.05000000     2.847353272140000
72.07500000     2.850521611120000
72.10000000     2.853760867690000
72.12500000     2.857057512130000
72.15000000     2.860396593280000
72.17500000     2.863761818540000
72.20000000     2.867135660320000
72.22500000     2.870499491130000
72.25000000     2.873833750460000
72.27500000     2.877118146160000
72.30000000     2.880331891310000
72.32500000     2.883453974040000
72.35000000     2.886463454460000
72.37500000     2.889339779160000
72.40000000     2.892063102710000
72.42500000     2.894614605710000
72.45000000     2.896976800410000
72.47500000     2.899133817260000
72.50000000     2.901071666800000
72.52500000     2.902778472440000
72.55000000     2.904244668710000
72.57500000     2.905463159790000
72.60000000     2.906429432820000
72.62500000     2.907141621420000
72.65000000     2.907600517020000
72.67500000     2.907809529850000
72.70000000     2.907774264160000
72.72500000     2.907507887570000
72.75000000     2.907004040180000
72.77500000     2.906300252340000
72.80000000     2.905393874090000
72.82500000     2.904305392360000
72.85000000     2.903051870810000
72.87500000     2.901651497350000
72.90000000     2.900123261980000
72.92500000     2.898486705850000
72.95000000     2.896761692740000
72.97500000     2.894968203740000
73.00000000     2.893126155600000
73.02500000     2.891255243810000
73.05000000     2.889374810650000
73.07500000     2.887503738230000
73.10000000     2.885660365700000
73.12500000     2.883862429120000
73.15000000     2.882127022070000
73.17500000     2.880470574960000
73.20000000     2.878908850230000
73.22500000     2.877456951050000
73.25000000     2.876129340350000
73.27500000     2.874939867470000
73.30000000     2.873901799500000
73.32500000     2.873027854590000
73.35000000     2.872330309800000
73.37500000     2.871820798400000
73.40000000     2.871510386560000
73.42500000     2.871410221300000
73.45000000     2.871530450370000
73.47500000     2.871881122040000
73.50000000     2.872471579780000
73.52500000     2.873310814120000
73.55000000     2.874407241050000
73.57500000     2.875768664290000
73.60000000     2.877402197040000
73.62500000     2.879314158110000
73.65000000     2.881509950590000
73.67500000     2.883993922320000
73.70000000     2.886769208060000
73.72500000     2.889837554800000
73.75000000     2.893199132150000
73.77500000     2.896852330390000
73.80000000     2.900793550240000
73.82500000     2.905016988990000
73.85000000     2.909514428930000
73.87500000     2.914275035490000
73.90000000     2.919285173320000
73.92500000     2.924528249980000
73.95000000     2.929984597300000
73.97500000     2.935631401160000
74.00000000     2.941442690240000
74.02500000     2.947389393710000
74.05000000     2.953439476700000
74.07500000     2.959558160800000
74.10000000     2.965708234070000
74.12500000     2.971850452590000
74.15000000     2.977944031160000
74.17500000     2.983947217060000
74.20000000     2.989817935770000
74.22500000     2.995514492860000
74.25000000     3.000996312130000
74.27500000     3.006224686730000
74.30000000     3.011163517730000
74.32500000     3.015780013790000
74.35000000     3.020045325840000
74.37500000     3.023935092600000
74.40000000     3.027429875850000
74.42500000     3.030515468770000
74.45000000     3.033183066670000
74.47500000     3.035429295490000
74.50000000     3.037256099930000
74.52500000     3.038670499240000
74.55000000     3.039684223630000
74.57500000     3.040313249100000
74.60000000     3.040577134870000
74.62500000     3.040498848770000
74.65000000     3.040105727090000
74.67500000     3.039414456750000
74.70000000     3.038471307630000
74.72500000     3.037291220420000
74.75000000     3.035906987820000
74.77500000     3.034346757620000
74.80000000     3.032637797720000
74.82500000     3.030806051260000
74.85000000     3.028875811330000
74.87500000     3.026869487590000
74.90000000     3.024807441320000
74.92500000     3.022707881140000
74.95000000     3.020586814320000
74.97500000     3.018458047160000
75.00000000     3.016333227260000
75.02500000     3.014221920350000
75.05000000     3.012131715080000
75.07500000     3.010068349300000
75.10000000     3.008035851890000
75.12500000     3.006036694970000
75.15000000     3.004071951910000
75.17500000     3.002141457550000
75.20000000     3.000243967510000
75.22500000     2.998377314310000
75.25000000     2.996538558290000
75.27500000     2.994724131990000
75.30000000     2.992929976910000
75.32500000     2.991151672040000
75.35000000     2.989384553640000
75.37500000     2.987623826020000
75.40000000     2.985864663110000
75.42500000     2.984102300900000
75.45000000     2.982332120630000
75.47500000     2.980549723030000
75.50000000     2.978750993580000
75.52500000     2.976932158990000
75.55000000     2.975089835210000
75.57500000     2.973221067140000
75.60000000     2.971323360250000
75.62500000     2.969394704510000
75.65000000     2.967433590810000
75.67500000     2.965439020390000
75.70000000     2.963410507520000
75.72500000     2.961348076010000
75.75000000     2.959252250040000
75.77500000     2.957124039730000
75.80000000     2.954964922020000
75.82500000     2.952776817580000
75.85000000     2.950562064050000
75.87500000     2.948323386440000
75.90000000     2.946063865180000
75.92500000     2.943786902310000
75.95000000     2.941496186570000
75.97500000     2.939195657600000
76.00000000     2.936889470100000
76.02500000     2.934581958060000
76.05000000     2.932277599690000
76.07500000     2.929980983260000
76.10000000     2.927696774220000
76.12500000     2.925429683730000
76.15000000     2.923184438870000
76.17500000     2.920965754560000
76.20000000     2.918778307300000
76.22500000     2.916626710750000
76.25000000     2.914515493040000
76.27500000     2.912449075870000
76.30000000     2.910431755220000
76.32500000     2.908467683540000
76.35000000     2.906560853360000
76.37500000     2.904715082080000
76.40000000     2.902933997800000
76.42500000     2.901221026040000
76.45000000     2.899579377110000
76.47500000     2.898012034040000
76.50000000     2.896521740860000
76.52500000     2.895110991020000
76.55000000     2.893782016000000
76.57500000     2.892536773710000
76.60000000     2.891376936890000
76.62500000     2.890303881250000
76.65000000     2.889318673340000
76.67500000     2.888422058270000
76.70000000     2.887614447180000
76.72500000     2.886895904640000
76.75000000     2.886266133760000
76.77500000     2.885723245440000
76.80000000     2.885269933010000
76.82500000     2.884900918870000
76.85000000     2.884615685970000
76.87500000     2.884411945040000
76.90000000     2.884287014020000
76.92500000     2.884237810500000
76.95000000     2.884260730690000
76.97500000     2.884351790380000
77.00000000     2.884506580460000
77.02500000     2.884720256680000
77.05000000     2.884987559460000
77.07500000     2.885302827190000
77.10000000     2.885660014820000
77.12500000     2.886052717700000
77.15000000     2.886474200790000
77.17500000     2.886917433240000
77.20000000     2.887375128310000
77.22500000     2.887839788770000
77.25000000     2.888303757390000
77.27500000     2.888759272320000
77.30000000     2.889198527050000
77.32500000     2.889613734140000
77.35000000     2.889997192260000
77.37500000     2.890341355570000
77.40000000     2.890638904780000
77.42500000     2.890882818490000
77.45000000     2.891066443990000
77.47500000     2.891183566420000
77.50000000     2.891228474930000
77.52500000     2.891196024950000
77.55000000     2.891081691490000
77.57500000     2.890881613330000
77.60000000     2.890592702860000
77.62500000     2.890212569530000
77.65000000     2.889739597770000
77.67500000     2.889173646560000
77.70000000     2.888513506270000
77.72500000     2.887758500550000
77.75000000     2.886916364520000
77.77500000     2.885983788080000
77.80000000     2.884965894130000
77.82500000     2.883866599140000
77.85000000     2.882690558040000
77.87500000     2.881443095010000
77.90000000     2.880130154540000
77.92500000     2.878758249460000
77.95000000     2.877334407280000
77.97500000     2.875866115820000
78.00000000     2.874361268780000
78.02500000     2.872828112070000
78.05000000     2.871275191480000
78.07500000     2.869711302400000
78.10000000     2.868145442270000
78.12500000     2.866586765950000
78.15000000     2.865044544660000
78.17500000     2.863528128480000
78.20000000     2.862046912550000
78.22500000     2.860610306980000
78.25000000     2.859227710190000
78.27500000     2.857908485450000
78.30000000     2.856661940150000
78.32500000     2.855497307530000
78.35000000     2.854423729920000
78.37500000     2.853450243210000
78.40000000     2.852585770270000
78.42500000     2.851837960430000
78.45000000     2.851218770980000
78.47500000     2.850733365080000
78.50000000     2.850391036310000
78.52500000     2.850199851530000
78.55000000     2.850167601780000
78.57500000     2.850301784030000
78.60000000     2.850609621530000
78.62500000     2.851097803980000
78.65000000     2.851772717920000
78.67500000     2.852640214020000
78.70000000     2.853705555430000
78.72500000     2.854973337520000
78.75000000     2.856447390300000
78.77500000     2.858130671660000
78.80000000     2.860025150990000
78.82500000     2.862131684160000
78.85000000     2.864449880960000
78.87500000     2.866977966600000
78.90000000     2.869712639860000
78.92500000     2.872648930560000
78.95000000     2.875780060370000
78.97500000     2.879097310810000
79.00000000     2.882589903670000
79.02500000     2.886244899160000
79.05000000     2.890047117740000
79.07500000     2.893979091910000
79.10000000     2.898021054300000
79.12500000     2.902150968270000
79.15000000     2.906344606680000
79.17500000     2.910575683680000
79.20000000     2.914816043180000
79.22500000     2.919035905900000
79.25000000     2.923204174970000
79.27500000     2.927288797900000
79.30000000     2.931257180100000
79.32500000     2.935076642710000
79.35000000     2.938714914750000
79.37500000     2.942140647470000
79.40000000     2.945323936800000
79.42500000     2.948236838440000
79.45000000     2.950853859250000
79.47500000     2.953152408810000
79.50000000     2.955113195970000
79.52500000     2.956720556600000
79.55000000     2.957962701650000
79.57500000     2.958831877330000
79.60000000     2.959324433060000
79.62500000     2.959440737880000
79.65000000     2.959185194470000
79.67500000     2.958567189080000
79.70000000     2.957590250240000
79.72500000     2.956286527700000
79.75000000     2.954658260710000
79.77500000     2.952730217110000
79.80000000     2.950524093890000
79.82500000     2.948063024070000
79.85000000     2.945371150180000
79.87500000     2.942473190940000
79.90000000     2.939394036950000
79.92500000     2.936158385300000
79.95000000     2.932790417810000
79.97500000     2.929313526320000
