20.00000000     2.459709675680000
20.02500000     2.459711528260000
20.05000000     2.459713591110000
20.07500000     2.459715863010000
20.10000000     2.459718340610000
20.12500000     2.459721018290000
20.15000000     2.459723888280000
20.17500000     2.459726940880000
20.20000000     2.459730164820000
20.22500000     2.459733547600000
20.25000000     2.459737075890000
20.27500000     2.459740735800000
20.30000000     2.459744513060000
20.32500000     2.459748393170000
20.35000000     2.459752361350000
20.37500000     2.459756402540000
20.40000000     2.459760501200000
20.42500000     2.459764641280000
20.45000000     2.459768806050000
20.47500000     2.459772978100000
20.50000000     2.459777139290000
20.52500000     2.459781270850000
20.55000000     2.459785353500000
20.57500000     2.459789367600000
20.60000000     2.459793293350000
20.62500000     2.459797110950000
20.65000000     2.459800800760000
20.67500000     2.459804343420000
20.70000000     2.459807719960000
20.72500000     2.459810911910000
20.75000000     2.459813901220000
20.77500000     2.459816670210000
20.80000000     2.459819201380000
20.82500000     2.459821477360000
20.85000000     2.459823480630000
20.87500000     2.459825195720000
20.90000000     2.459826612800000
20.92500000     2.459827725410000
20.95000000     2.459828494580000
20.97500000     2.459828820490000
21.00000000     2.459828729110000
21.02500000     2.459828349160000
21.05000000     2.459827659780000
21.07500000     2.459826580220000
21.10000000     2.459825093100000
21.12500000     2.459823196960000
21.15000000     2.459820898140000
21.17500000     2.459818193500000
21.20000000     2.459815081510000
21.22500000     2.459811561060000
21.25000000     2.459807631780000
21.27500000     2.459803294020000
21.30000000     2.459798549160000
21.32500000     2.459793399900000
21.35000000     2.459787850590000
21.37500000     2.459781907500000
21.40000000     2.459775579050000
21.42500000     2.459768875850000
21.45000000     2.459761810680000
21.47500000     2.459754398340000
21.50000000     2.459746655380000
21.52500000     2.459738599770000
21.55000000     2.459730250600000
21.57500000     2.459721627720000
21.60000000     2.459712751480000
21.62500000     2.459703642510000
21.65000000     2.459694321640000
21.67500000     2.459684809810000
21.70000000     2.459675128160000
21.72500000     2.459665298130000
21.75000000     2.459655341600000
21.77500000     2.459645281040000
21.80000000     2.459635139640000
21.82500000     2.459624941430000
21.85000000     2.459614711280000
21.87500000     2.459604474880000
21.90000000     2.459594258660000
21.92500000     2.459584089630000
21.95000000     2.459573995160000
21.97500000     2.459564002750000
22.00000000     2.459554139800000
22.02500000     2.459544433360000
22.05000000     2.459534909940000
22.07500000     2.459525595280000
22.10000000     2.459516514210000
22.12500000     2.459507690410000
22.15000000     2.459499146410000
22.17500000     2.459490903740000
22.20000000     2.459482982870000
22.22500000     2.459475403360000
22.25000000     2.459468183910000
22.27500000     2.459461342380000
22.30000000     2.459454895830000
22.32500000     2.459448860370000
22.35000000     2.459443251910000
22.37500000     2.459438086000000
22.40000000     2.459433377830000
22.42500000     2.459429142420000
22.45000000     2.459425394010000
22.47500000     2.459422144610000
22.50000000     2.459419400360000
22.52500000     2.459417158050000
22.55000000     2.459415406100000
22.57500000     2.459414170310000
22.60000000     2.459413539350000
22.62500000     2.459413506100000
22.65000000     2.459413869060000
22.67500000     2.459414590960000
22.70000000     2.459415773330000
22.72500000     2.459417420180000
22.75000000     2.459419520870000
22.77500000     2.459422053650000
22.80000000     2.459425012710000
22.82500000     2.459428388940000
22.85000000     2.459432172410000
22.87500000     2.459436351070000
22.90000000     2.459440910100000
22.92500000     2.459445831470000
22.95000000     2.459451093820000
22.97500000     2.459456672660000
23.00000000     2.459462540770000
23.02500000     2.459468668880000
23.05000000     2.459475026280000
23.07500000     2.459481581510000
23.10000000     2.459488302860000
23.12500000     2.459495158760000
23.15000000     2.459502117910000
23.17500000     2.459509149390000
23.20000000     2.459516222560000
23.22500000     2.459523306890000
23.25000000     2.459530371840000
23.27500000     2.459537386790000
23.30000000     2.459544320980000
23.32500000     2.459551143650000
23.35000000     2.459557824160000
23.37500000     2.459564332270000
23.40000000     2.459570638440000
23.42500000     2.459576714090000
23.45000000     2.459582531830000
23.47500000     2.459588065860000
23.50000000     2.459593291990000
23.52500000     2.459598187580000
23.55000000     2.459602731380000
23.57500000     2.459606903430000
23.60000000     2.459610684780000
23.62500000     2.459614057110000
23.65000000     2.459617003460000
23.67500000     2.459619510980000
23.70000000     2.459621571320000
23.72500000     2.459623176380000
23.75000000     2.459624274360000
23.77500000     2.459624736610000
23.80000000     2.459624624600000
23.82500000     2.459624121290000
23.85000000     2.459623201450000
23.87500000     2.459621763990000
23.90000000     2.459619801000000
23.92500000     2.459617324580000
23.95000000     2.459614353630000
23.97500000     2.459610893090000
24.00000000     2.459606949530000
24.02500000     2.459602529090000
24.05000000     2.459597637990000
24.07500000     2.459592282760000
24.10000000     2.459586470760000
24.12500000     2.459580210820000
24.15000000     2.459573513950000
24.17500000     2.459566393880000
24.20000000     2.459558867540000
24.22500000     2.459550955190000
24.25000000     2.459542680300000
24.27500000     2.459534069110000
24.30000000     2.459525150070000
24.32500000     2.459515953010000
24.35000000     2.459506508300000
24.37500000     2.459496846120000
24.40000000     2.459486995740000
24.42500000     2.459476985090000
24.45000000     2.459466840490000
24.47500000     2.459456586640000
24.50000000     2.459446246850000
24.52500000     2.459435843380000
24.55000000     2.459425397880000
24.57500000     2.459414931950000
24.60000000     2.459404467550000
24.62500000     2.459394027370000
24.65000000     2.459383635070000
24.67500000     2.459373315300000
24.70000000     2.459363093470000
24.72500000     2.459352995500000
24.75000000     2.459343047470000
24.77500000     2.459333275260000
24.80000000     2.459323704130000
24.82500000     2.459314358340000
24.85000000     2.459305260660000
24.87500000     2.459296431970000
24.90000000     2.459287891100000
24.92500000     2.459279654770000
24.95000000     2.459271737630000
24.97500000     2.459264152490000
25.00000000     2.459256910540000
25.02500000     2.459250021570000
25.05000000     2.459243494420000
25.07500000     2.459237337410000
25.10000000     2.459231557930000
25.12500000     2.459226162790000
25.15000000     2.459221158600000
25.17500000     2.459216551690000
25.20000000     2.459212347410000
25.22500000     2.459208549080000
25.25000000     2.459205157100000
25.27500000     2.459202169030000
25.30000000     2.459199579890000
25.32500000     2.459197382530000
25.35000000     2.459195565800000
25.37500000     2.459194115250000
25.40000000     2.459193025430000
25.42500000     2.459192335540000
25.45000000     2.459192078430000
25.47500000     2.459192174250000
25.50000000     2.459192509390000
25.52500000     2.459193102790000
25.55000000     2.459193991520000
25.57500000     2.459195164600000
25.60000000     2.459196596650000
25.62500000     2.459198274320000
25.65000000     2.459200184790000
25.67500000     2.459202316020000
25.70000000     2.459204656270000
25.72500000     2.459207193870000
25.75000000     2.459209916700000
25.77500000     2.459212811610000
25.80000000     2.459215863900000
25.82500000     2.459219057160000
25.85000000     2.459222373210000
25.87500000     2.459225792400000
25.90000000     2.459229294070000
25.92500000     2.459232857130000
25.95000000     2.459236460750000
25.97500000     2.459240085020000
26.00000000     2.459243711430000
26.02500000     2.459247323400000
26.05000000     2.459250906460000
26.07500000     2.459254448350000
26.10000000     2.459257938950000
26.12500000     2.459261370010000
26.15000000     2.459264734860000
26.17500000     2.459268028000000
26.20000000     2.459271244720000
26.22500000     2.459274380760000
26.25000000     2.459277432060000
26.27500000     2.459280394540000
26.30000000     2.459283264140000
26.32500000     2.459286036770000
26.35000000     2.459288708550000
26.37500000     2.459291275970000
26.40000000     2.459293736150000
26.42500000     2.459296087130000
26.45000000     2.459298328080000
26.47500000     2.459300459500000
26.50000000     2.459302483350000
26.52500000     2.459304403000000
26.55000000     2.459306223090000
26.57500000     2.459307949400000
26.60000000     2.459309588610000
26.62500000     2.459311148110000
26.65000000     2.459312635790000
26.67500000     2.459314059830000
26.70000000     2.459315428570000
26.72500000     2.459316750370000
26.75000000     2.459318033530000
26.77500000     2.459319286200000
26.80000000     2.459320516420000
26.82500000     2.459321732140000
26.85000000     2.459322941210000
26.87500000     2.459324151390000
26.90000000     2.459325370370000
26.92500000     2.459326605780000
26.95000000     2.459327865120000
26.97500000     2.459329155800000
27.00000000     2.459330485010000
27.02500000     2.459331859700000
27.05000000     2.459333286450000
27.07500000     2.459334771420000
27.10000000     2.459336320270000
27.12500000     2.459337938030000
27.15000000     2.459339629100000
27.17500000     2.459341397110000
27.20000000     2.459343244950000
27.22500000     2.459345174680000
27.25000000     2.459347187610000
27.27500000     2.459349284270000
27.30000000     2.459351464380000
27.32500000     2.459353726770000
27.35000000     2.459356069410000
27.37500000     2.459358489400000
27.40000000     2.459360982980000
27.42500000     2.459363545610000
27.45000000     2.459366172000000
27.47500000     2.459368856210000
27.50000000     2.459371591650000
27.52500000     2.459374371230000
27.55000000     2.459377187330000
27.57500000     2.459380031870000
27.60000000     2.459382896320000
27.62500000     2.459385771740000
27.65000000     2.459388648760000
27.67500000     2.459391517580000
27.70000000     2.459394368010000
27.72500000     2.459397189460000
27.75000000     2.459399970980000
27.77500000     2.459402701320000
27.80000000     2.459405368970000
27.82500000     2.459407962250000
27.85000000     2.459410469350000
27.87500000     2.459412878440000
27.90000000     2.459415177730000
27.92500000     2.459417355630000
27.95000000     2.459419400780000
27.97500000     2.459421302180000
28.00000000     2.459423049840000
28.02500000     2.459424635370000
28.05000000     2.459426050630000
28.07500000     2.459427285880000
28.10000000     2.459428327790000
28.12500000     2.459429162760000
28.15000000     2.459429785490000
28.17500000     2.459430160490000
28.20000000     2.459430251770000
28.22500000     2.459430144400000
28.25000000     2.459429868430000
28.27500000     2.459429385090000
28.30000000     2.459428672390000
28.32500000     2.459427731030000
28.35000000     2.459426568810000
28.37500000     2.459425188040000
28.40000000     2.459423588540000
28.42500000     2.459421771040000
28.45000000     2.459419736920000
28.47500000     2.459417487520000
28.50000000     2.459415024010000
28.52500000     2.459412347750000
28.55000000     2.459409460790000
28.57500000     2.459406366200000
28.60000000     2.459403068500000
28.62500000     2.459399573900000
28.65000000     2.459395890550000
28.67500000     2.459392028590000
28.70000000     2.459388000190000
28.72500000     2.459383819380000
28.75000000     2.459379501800000
28.77500000     2.459375064240000
28.80000000     2.459370524230000
28.82500000     2.459365899500000
28.85000000     2.459361207410000
28.87500000     2.459356464590000
28.90000000     2.459351686480000
28.92500000     2.459346887160000
28.95000000     2.459342079240000
28.97500000     2.459337273950000
29.00000000     2.459332481300000
29.02500000     2.459327710440000
29.05000000     2.459322969990000
29.07500000     2.459318268440000
29.10000000     2.459313614530000
29.12500000     2.459309017500000
29.15000000     2.459304487350000
29.17500000     2.459300035140000
29.20000000     2.459295672460000
29.22500000     2.459291411330000
29.25000000     2.459287264060000
29.27500000     2.459283242830000
29.30000000     2.459279359070000
29.32500000     2.459275622970000
29.35000000     2.459272043090000
29.37500000     2.459268626020000
29.40000000     2.459265376020000
29.42500000     2.459262294880000
29.45000000     2.459259382200000
29.47500000     2.459256635770000
29.50000000     2.459254052220000
29.52500000     2.459251627500000
29.55000000     2.459249357400000
29.57500000     2.459247238020000
29.60000000     2.459245266010000
29.62500000     2.459243438580000
29.65000000     2.459241753430000
29.67500000     2.459240208370000
29.70000000     2.459238800920000
29.72500000     2.459237528020000
29.75000000     2.459236385640000
29.77500000     2.459235368270000
29.80000000     2.459234468420000
29.82500000     2.459233677870000
29.85000000     2.459232986940000
29.87500000     2.459232383770000
29.90000000     2.459231853470000
29.92500000     2.459231379760000
29.95000000     2.459230946050000
29.97500000     2.459230536080000
30.00000000     2.459230134500000
30.02500000     2.459229727050000
30.05000000     2.459229300980000
30.07500000     2.459228845250000
30.10000000     2.459228350570000
30.12500000     2.459227809310000
30.15000000     2.459227215180000
30.17500000     2.459226562900000
30.20000000     2.459225847770000
30.22500000     2.459225065420000
30.25000000     2.459224211370000
30.27500000     2.459223280790000
30.30000000     2.459222268260000
30.32500000     2.459221167580000
30.35000000     2.459219971690000
30.37500000     2.459218672930000
30.40000000     2.459217263080000
30.42500000     2.459215733710000
30.45000000     2.459214076760000
30.47500000     2.459212285240000
30.50000000     2.459210353720000
30.52500000     2.459208279060000
30.55000000     2.459206060580000
30.57500000     2.459203700180000
30.60000000     2.459201202210000
30.62500000     2.459198573280000
30.65000000     2.459195821910000
30.67500000     2.459192958120000
30.70000000     2.459189993050000
30.72500000     2.459186938470000
30.75000000     2.459183806450000
30.77500000     2.459180609050000
30.80000000     2.459177358110000
30.82500000     2.459174065170000
30.85000000     2.459170741450000
30.87500000     2.459167397960000
30.90000000     2.459164045610000
30.92500000     2.459160695390000
30.95000000     2.459157358590000
30.97500000     2.459154046890000
31.00000000     2.459150772540000
31.02500000     2.459147548400000
31.05000000     2.459144387990000
31.07500000     2.459141305400000
31.10000000     2.459138315180000
31.12500000     2.459135432160000
31.15000000     2.459132671550000
31.17500000     2.459130048780000
31.20000000     2.459127579410000
31.22500000     2.459125279080000
31.25000000     2.459123163440000
31.27500000     2.459121247610000
31.30000000     2.459119546000000
31.32500000     2.459118069650000
31.35000000     2.459116829870000
31.37500000     2.459115832360000
31.40000000     2.459115101560000
31.42500000     2.459114688070000
31.45000000     2.459114610160000
31.47500000     2.459114782900000
31.50000000     2.459115149900000
31.52500000     2.459115760050000
31.55000000     2.459116635020000
31.57500000     2.459117778840000
31.60000000     2.459119182150000
31.62500000     2.459120846730000
31.65000000     2.459122775820000
31.67500000     2.459124973520000
31.70000000     2.459127444100000
31.72500000     2.459130191280000
31.75000000     2.459133217420000
31.77500000     2.459136522690000
31.80000000     2.459140103970000
31.82500000     2.459143954140000
31.85000000     2.459148061840000
31.87500000     2.459152411600000
31.90000000     2.459156984500000
31.92500000     2.459161759020000
31.95000000     2.459166712240000
31.97500000     2.459171820930000
32.00000000     2.459177062590000
32.02500000     2.459182416350000
32.05000000     2.459187863540000
32.07500000     2.459193387920000
32.10000000     2.459198975640000
32.12500000     2.459204614830000
32.15000000     2.459210294990000
32.17500000     2.459216006260000
32.20000000     2.459221738630000
32.22500000     2.459227481210000
32.25000000     2.459233221760000
32.27500000     2.459238946330000
32.30000000     2.459244639270000
32.32500000     2.459250283430000
32.35000000     2.459255860650000
32.37500000     2.459261352370000
32.40000000     2.459266740430000
32.42500000     2.459272007870000
32.45000000     2.459277139730000
32.47500000     2.459282123610000
32.50000000     2.459286950210000
32.52500000     2.459291613510000
32.55000000     2.459296110840000
32.57500000     2.459300442720000
32.60000000     2.459304612580000
32.62500000     2.459308626310000
32.65000000     2.459312491850000
32.67500000     2.459316218770000
32.70000000     2.459319817980000
32.72500000     2.459323301510000
32.75000000     2.459326682440000
32.77500000     2.459329975030000
32.80000000     2.459333194930000
32.82500000     2.459336359420000
32.85000000     2.459339487850000
32.87500000     2.459342602000000
32.90000000     2.459345726550000
32.92500000     2.459348889390000
32.95000000     2.459352121990000
32.97500000     2.459355459630000
33.00000000     2.459358941540000
33.02500000     2.459362611240000
33.05000000     2.459366517060000
33.07500000     2.459370713110000
33.10000000     2.459375261810000
33.12500000     2.459380240180000
33.15000000     2.459385756960000
33.17500000     2.459392003070000
33.20000000     2.459399412790000
33.22500000     2.459409235780000
33.25000000     2.459425794550000
33.27500000     2.459466522450000
33.30000000     2.459613212810000
33.32500000     2.460310918420000
33.35000000     2.464347865880000
33.37500000     2.491030784270000
33.40000000     2.673062289340000
33.42500000     3.416271820420000
33.45000000     4.040568903570000
33.47500000     4.125494769440000
33.50000000     3.982038247080000
33.52500000     3.776386272220000
33.55000000     3.591623002080000
33.57500000     3.447180325500000
33.60000000     3.341543681430000
33.62500000     3.267285515150000
33.65000000     3.216450687570000
33.67500000     3.182517778540000
33.70000000     3.159713157650000
33.72500000     3.145794138500000
33.75000000     3.136383993110000
33.77500000     3.129776529140000
33.80000000     3.125698925300000
33.82500000     3.122716949200000
33.85000000     3.120347113370000
33.87500000     3.118267035390000
33.90000000     3.116264093350000
33.92500000     3.114209602290000
33.95000000     3.112027718420000
33.97500000     3.109681845100000
34.00000000     3.107152830400000
34.02500000     3.104442999710000
34.05000000     3.101555564370000
34.07500000     3.098502423240000
34.10000000     3.095298435120000
34.12500000     3.091960046050000
34.15000000     3.088504386510000
34.17500000     3.084941118950000
34.20000000     3.081285630890000
34.22500000     3.077550867430000
34.25000000     3.073747199170000
34.27500000     3.069884028590000
34.30000000     3.065971917490000
34.32500000     3.062018434430000
34.35000000     3.058033144010000
34.37500000     3.054023943290000
34.40000000     3.049993695920000
34.42500000     3.045945602930000
34.45000000     3.041883285050000
34.47500000     3.037810129830000
34.50000000     3.033728821310000
34.52500000     3.029641119710000
34.55000000     3.025549372090000
34.57500000     3.021455924720000
34.60000000     3.017362243780000
34.62500000     3.013269592910000
34.65000000     3.009178838380000
34.67500000     3.005090800930000
34.70000000     3.001006524220000
34.72500000     2.996926833250000
34.75000000     2.992852094110000
34.77500000     2.988782808740000
34.80000000     2.984719615870000
34.82500000     2.980662894800000
34.85000000     2.976612842750000
34.87500000     2.972569725670000
34.90000000     2.968533958680000
34.92500000     2.964505923630000
34.95000000     2.960485807800000
34.97500000     2.956473687340000
35.00000000     2.952469721050000
35.02500000     2.948474168920000
35.05000000     2.944487281140000
35.07500000     2.940509011490000
35.10000000     2.936539235370000
35.12500000     2.932578710280000
35.15000000     2.928627661840000
35.17500000     2.924685896860000
35.20000000     2.920753595900000
35.22500000     2.916830769450000
35.25000000     2.912917589090000
35.27500000     2.909014307200000
35.30000000     2.905121007620000
35.32500000     2.901237870750000
35.35000000     2.897365050210000
35.37500000     2.893502654990000
35.40000000     2.889650822240000
35.42500000     2.885809655680000
35.45000000     2.881979271710000
35.47500000     2.878159805510000
35.50000000     2.874351695040000
35.52500000     2.870555178850000
35.55000000     2.866770090840000
35.57500000     2.862996503630000
35.60000000     2.859234633140000
35.62500000     2.855484680600000
35.65000000     2.851746819490000
35.67500000     2.848021216330000
35.70000000     2.844308050990000
35.72500000     2.840607539490000
35.75000000     2.836919684470000
35.77500000     2.833244400880000
35.80000000     2.829581992070000
35.82500000     2.825933075420000
35.85000000     2.822298058090000
35.87500000     2.818676811270000
35.90000000     2.815068977820000
35.92500000     2.811474590910000
35.95000000     2.807894209460000
35.97500000     2.804328439610000
36.00000000     2.800777478790000
36.02500000     2.797241165050000
36.05000000     2.793719375520000
36.07500000     2.790212307740000
36.10000000     2.786720397920000
36.12500000     2.783244027960000
36.15000000     2.779783337360000
36.17500000     2.776338291350000
36.20000000     2.772908890550000
36.22500000     2.769495304580000
36.25000000     2.766097827890000
36.27500000     2.762716734790000
36.30000000     2.759352179800000
36.32500000     2.756004217550000
36.35000000     2.752672895990000
36.37500000     2.749358337600000
36.40000000     2.746060754560000
36.42500000     2.742780374400000
36.45000000     2.739517351780000
36.47500000     2.736271758570000
36.50000000     2.733043641930000
36.52500000     2.729833080850000
36.55000000     2.726640198060000
36.57500000     2.723465134210000
36.60000000     2.720308016910000
36.62500000     2.717168937670000
36.65000000     2.714047928840000
36.67500000     2.710945114460000
36.70000000     2.707860797810000
36.72500000     2.704795212010000
36.75000000     2.701748388070000
36.77500000     2.698720277940000
36.80000000     2.695710881450000
36.82500000     2.692720252250000
36.85000000     2.689748448470000
36.87500000     2.686795506390000
36.90000000     2.683861448090000
36.92500000     2.680946281560000
36.95000000     2.678050125010000
36.97500000     2.675173326540000
37.00000000     2.672315754450000
37.02500000     2.669477115710000
37.05000000     2.666657417480000
37.07500000     2.663856825370000
37.10000000     2.661075422120000
37.12500000     2.658313301630000
37.15000000     2.655570546620000
37.17500000     2.652846938400000
37.20000000     2.650142354910000
37.22500000     2.647456878010000
37.25000000     2.644790726660000
37.27500000     2.642143162960000
37.30000000     2.639513444590000
37.32500000     2.636902081500000
37.35000000     2.634309813180000
37.37500000     2.631736552760000
37.40000000     2.629181956560000
37.42500000     2.626645976910000
37.45000000     2.624127935790000
37.47500000     2.621627125400000
37.50000000     2.619144811020000
37.52500000     2.616682477170000
37.55000000     2.614239788240000
37.57500000     2.611814954990000
37.60000000     2.609407174510000
37.62500000     2.607016374380000
37.65000000     2.604642800750000
37.67500000     2.602287172210000
37.70000000     2.599950266890000
37.72500000     2.597632133990000
37.75000000     2.595332393690000
37.77500000     2.593051272420000
37.80000000     2.590789381440000
37.82500000     2.588547307330000
37.85000000     2.586324977220000
37.87500000     2.584121404050000
37.90000000     2.581935217190000
37.92500000     2.579764333590000
37.95000000     2.577607990850000
37.97500000     2.575467692470000
38.00000000     2.573344206450000
38.02500000     2.571237559080000
38.05000000     2.569146775300000
38.07500000     2.567070888750000
38.10000000     2.565008700340000
38.12500000     2.562959965300000
38.15000000     2.560925079770000
38.17500000     2.558904795580000
38.20000000     2.556905492840000
38.22500000     2.554925490850000
38.25000000     2.552959919570000
38.27500000     2.551010493250000
38.30000000     2.549076759190000
38.32500000     2.547157075920000
38.35000000     2.545250664200000
38.37500000     2.543358755350000
38.40000000     2.541483197740000
38.42500000     2.539624876400000
38.45000000     2.537784035980000
38.47500000     2.535960563150000
38.50000000     2.534154066000000
38.52500000     2.532363777650000
38.55000000     2.530588871700000
38.57500000     2.528829698300000
38.60000000     2.527086997450000
38.62500000     2.525361742310000
38.65000000     2.523655172630000
38.67500000     2.521968579380000
38.70000000     2.520302777260000
38.72500000     2.518657803800000
38.75000000     2.517033463740000
38.77500000     2.515429976100000
38.80000000     2.513848555620000
38.82500000     2.512290279800000
38.85000000     2.510755822560000
38.87500000     2.509245833870000
38.90000000     2.507760773560000
38.92500000     2.506300733320000
38.95000000     2.504865720870000
38.97500000     2.503455907140000
39.00000000     2.502071574410000
39.02500000     2.500712899140000
39.05000000     2.499379741920000
39.07500000     2.498071528750000
39.10000000     2.496787230280000
39.12500000     2.495525412150000
39.15000000     2.494284315680000
39.17500000     2.493061928150000
39.20000000     2.491856015400000
39.22500000     2.490664116870000
39.25000000     2.489483526940000
39.27500000     2.488311284710000
39.30000000     2.487144193060000
39.32500000     2.485978875180000
39.35000000     2.484811872310000
39.37500000     2.483639782110000
39.40000000     2.482459410970000
39.42500000     2.481267925780000
39.45000000     2.480063001650000
39.47500000     2.478842957830000
39.50000000     2.477606874160000
39.52500000     2.476354681680000
39.55000000     2.475087215080000
39.57500000     2.473806220240000
39.60000000     2.472514315330000
39.62500000     2.471214904490000
39.65000000     2.469912043820000
39.67500000     2.468610262820000
39.70000000     2.467314349940000
39.72500000     2.466029115020000
39.75000000     2.464759145090000
39.77500000     2.463508570410000
39.80000000     2.462280857230000
39.82500000     2.461078641130000
39.85000000     2.459903611750000
39.87500000     2.458756455720000
39.90000000     2.457636860820000
39.92500000     2.456543580640000
39.95000000     2.455474554940000
39.97500000     2.454427077910000
40.00000000     2.453398002980000
40.02500000     2.452383970330000
40.05000000     2.451381640940000
40.07500000     2.450387919890000
40.10000000     2.449400151840000
40.12500000     2.448416273130000
40.15000000     2.447434908640000
40.17500000     2.446455406270000
40.20000000     2.445477808460000
40.22500000     2.444502766340000
40.25000000     2.443531408240000
40.27500000     2.442565179060000
40.30000000     2.441605668940000
40.32500000     2.440654450160000
40.35000000     2.439712938190000
40.37500000     2.438782288930000
40.40000000     2.437863338160000
40.42500000     2.436956583830000
40.45000000     2.436062206520000
40.47500000     2.435180119410000
40.50000000     2.434310037120000
40.52500000     2.433451552140000
40.55000000     2.432604208520000
40.57500000     2.431767564810000
40.60000000     2.430941241200000
40.62500000     2.430124948440000
40.65000000     2.429318499550000
40.67500000     2.428521806620000
40.70000000     2.427734867360000
40.72500000     2.426957745280000
40.75000000     2.426190547640000
40.77500000     2.425433404600000
40.80000000     2.424686452110000
40.82500000     2.423949820200000
40.85000000     2.423223624760000
40.87500000     2.422507963110000
40.90000000     2.421802912860000
40.92500000     2.421108533080000
40.95000000     2.420424866390000
40.97500000     2.419751940960000
41.00000000     2.419089771870000
41.02500000     2.418438362810000
41.05000000     2.417797707300000
41.07500000     2.417167789630000
41.10000000     2.416548585720000
41.12500000     2.415940063700000
41.15000000     2.415342184530000
41.17500000     2.414754902380000
41.20000000     2.414178165260000
41.22500000     2.413611915670000
41.25000000     2.413056091650000
41.27500000     2.412510628000000
41.30000000     2.411975457860000
41.32500000     2.411450514680000
41.35000000     2.410935731330000
41.37500000     2.410431040630000
41.40000000     2.409936375170000
41.42500000     2.409451666010000
41.45000000     2.408976847140000
41.47500000     2.408511942470000
41.50000000     2.408060518920000
41.52500000     2.407779533130000
41.55000000     2.412660691640000
41.57500000     2.580721296090000
41.60000000     2.842884584660000
41.62500000     2.823622699950000
41.65000000     2.706545608770000
41.67500000     2.600323966690000
41.70000000     2.538786711050000
41.72500000     2.508338342800000
41.75000000     2.493338604720000
41.77500000     2.484889995660000
41.80000000     2.479072816830000
41.82500000     2.474391680920000
41.85000000     2.470339306020000
41.87500000     2.466746570380000
41.90000000     2.463547318480000
41.92500000     2.460721562790000
41.95000000     2.458253164820000
41.97500000     2.456083984730000
42.00000000     2.454117519910000
42.02500000     2.452264636400000
42.05000000     2.450480900700000
42.07500000     2.448767198970000
42.10000000     2.447143931740000
42.12500000     2.445625024750000
42.15000000     2.444208134390000
42.17500000     2.442882780250000
42.20000000     2.441638824570000
42.22500000     2.440469291580000
42.25000000     2.439370882660000
42.27500000     2.438348263570000
42.30000000     2.437408978560000
42.32500000     2.436566551360000
42.35000000     2.435813837750000
42.37500000     2.435158246530000
42.40000000     2.434620104750000
42.42500000     2.434213671580000
42.45000000     2.433955716070000
42.47500000     2.433861622450000
42.50000000     2.433937022980000
42.52500000     2.434222707470000
42.55000000     2.434781815150000
42.57500000     2.435672518830000
42.60000000     2.436950593290000
42.62500000     2.438688906430000
42.65000000     2.440973284720000
42.67500000     2.443869754830000
42.70000000     2.447385408590000
42.72500000     2.451438823310000
42.75000000     2.455851869640000
42.77500000     2.460374318770000
42.80000000     2.464748500610000
42.82500000     2.468797782420000
42.85000000     2.472493832940000
42.87500000     2.475964183730000
42.90000000     2.479446402100000
42.92500000     2.483227730330000
42.95000000     2.487597383930000
42.97500000     2.492812077190000
43.00000000     2.499058477160000
43.02500000     2.506405038740000
43.05000000     2.514750623390000
43.07500000     2.523792774960000
43.10000000     2.533045455320000
43.12500000     2.541922253070000
43.15000000     2.549865939250000
43.17500000     2.556471691870000
43.20000000     2.561551561630000
43.22500000     2.565117346430000
43.25000000     2.567320714340000
43.27500000     2.568442681980000
43.30000000     2.568680153550000
43.32500000     2.568236630950000
43.35000000     2.567344539540000
43.37500000     2.566174497780000
43.40000000     2.564841094820000
43.42500000     2.563403146660000
43.45000000     2.561893795150000
43.47500000     2.560345805660000
43.50000000     2.558790124640000
43.52500000     2.557246699030000
43.55000000     2.555721802260000
43.57500000     2.554210952260000
43.60000000     2.552704153390000
43.62500000     2.551193107860000
43.65000000     2.549677248140000
43.67500000     2.548163784150000
43.70000000     2.546661800110000
43.72500000     2.545175929060000
43.75000000     2.543704543430000
43.77500000     2.542242554240000
43.80000000     2.540785385440000
43.82500000     2.539331197610000
43.85000000     2.537880654950000
43.87500000     2.536435464460000
43.90000000     2.534997087960000
43.92500000     2.533566277980000
43.95000000     2.532143281560000
43.97500000     2.530728235700000
44.00000000     2.529321440700000
44.02500000     2.527923457240000
44.05000000     2.526535081550000
44.07500000     2.525157252670000
44.10000000     2.523790941530000
44.12500000     2.522437075490000
44.15000000     2.521096527580000
44.17500000     2.519770152110000
44.20000000     2.518458829750000
44.22500000     2.517163502450000
44.25000000     2.515885190130000
44.27500000     2.514624986280000
44.30000000     2.513384034840000
44.32500000     2.512163497420000
44.35000000     2.510964546300000
44.37500000     2.509788421240000
44.40000000     2.508636519960000
44.42500000     2.507510467380000
44.45000000     2.506412164240000
44.47500000     2.505343782550000
44.50000000     2.504307682630000
44.52500000     2.503306339620000
44.55000000     2.502342452430000
44.57500000     2.501419100230000
44.60000000     2.500539875250000
44.62500000     2.499709090490000
44.65000000     2.498931863740000
44.67500000     2.498214013340000
44.70000000     2.497562114190000
44.72500000     2.496983849850000
44.75000000     2.496488430150000
44.77500000     2.496087007570000
44.80000000     2.495793494480000
44.82500000     2.495624968990000
44.85000000     2.495600988270000
44.87500000     2.495744189050000
44.90000000     2.496081541130000
44.92500000     2.496647402370000
44.95000000     2.497484394730000
44.97500000     2.498643840930000
45.00000000     2.500191881950000
45.02500000     2.502216983380000
45.05000000     2.504829228320000
45.07500000     2.508152263650000
45.10000000     2.512315800380000
45.12500000     2.517452453120000
45.15000000     2.523688751390000
45.17500000     2.531117726470000
45.20000000     2.539757015320000
45.22500000     2.549506079370000
45.25000000     2.560113316740000
45.27500000     2.571166543740000
45.30000000     2.582124810130000
45.32500000     2.592396611050000
45.35000000     2.601444223010000
45.37500000     2.608877803610000
45.40000000     2.614507856980000
45.42500000     2.618336492550000
45.45000000     2.620533943630000
45.47500000     2.621382317660000
45.50000000     2.621114771460000
45.52500000     2.620026679190000
45.55000000     2.618394489850000
45.57500000     2.616416665790000
45.60000000     2.614212089670000
45.62500000     2.611864349140000
45.65000000     2.609453233070000
45.67500000     2.607040232500000
45.70000000     2.604652383520000
45.72500000     2.602307549920000
45.75000000     2.600025961360000
45.77500000     2.597809156200000
45.80000000     2.595645196670000
45.82500000     2.593528092100000
45.85000000     2.591458364480000
45.87500000     2.589439833940000
45.90000000     2.587476164660000
45.92500000     2.585564077730000
45.95000000     2.583695388030000
45.97500000     2.581864352220000
46.00000000     2.580068542470000
46.02500000     2.578306910160000
46.05000000     2.576579859230000
46.07500000     2.574888470640000
46.10000000     2.573232954970000
46.12500000     2.571612816370000
46.15000000     2.570027727670000
46.17500000     2.568477697790000
46.20000000     2.566963114210000
46.22500000     2.565484809290000
46.25000000     2.564043879500000
46.27500000     2.562641600820000
46.30000000     2.561279534300000
46.32500000     2.559959712030000
46.35000000     2.558684614030000
46.37500000     2.557457036990000
46.40000000     2.556280117120000
46.42500000     2.555157448490000
46.45000000     2.554093161030000
46.47500000     2.553091966040000
46.50000000     2.552159230870000
46.52500000     2.551301304330000
46.55000000     2.550525630070000
46.57500000     2.549840627990000
46.60000000     2.549255974290000
46.62500000     2.548783463300000
46.65000000     2.548437231720000
46.67500000     2.548232090880000
46.70000000     2.548183651950000
46.72500000     2.548311236910000
46.75000000     2.548638699400000
46.77500000     2.549194702050000
46.80000000     2.550014466150000
46.82500000     2.551138150670000
46.85000000     2.552609532820000
46.87500000     2.554483372480000
46.90000000     2.556832704750000
46.92500000     2.559740425950000
46.95000000     2.563282027280000
46.97500000     2.567523632150000
47.00000000     2.572534179430000
47.02500000     2.578384816360000
47.05000000     2.585130248140000
47.07500000     2.592788122440000
47.10000000     2.601323261910000
47.12500000     2.610633924880000
47.15000000     2.620541728660000
47.17500000     2.630790881990000
47.20000000     2.641061168400000
47.22500000     2.650995176600000
47.25000000     2.660236165640000
47.27500000     2.668468979090000
47.30000000     2.675454855270000
47.32500000     2.681052715010000
47.35000000     2.685223542850000
47.37500000     2.688013001290000
47.40000000     2.689558658730000
47.42500000     2.690009399290000
47.45000000     2.689547573230000
47.47500000     2.688357070550000
47.50000000     2.686618270520000
47.52500000     2.684494293860000
47.55000000     2.682082106740000
47.57500000     2.679446888260000
47.60000000     2.676683932050000
47.62500000     2.673872989380000
47.65000000     2.671040496620000
47.67500000     2.668212013320000
47.70000000     2.665410755320000
47.72500000     2.662653741920000
47.75000000     2.659957004250000
47.77500000     2.657321285380000
47.80000000     2.654737359020000
47.82500000     2.652204605440000
47.85000000     2.649729680370000
47.87500000     2.647317013440000
47.90000000     2.644966971260000
47.92500000     2.642676116800000
47.95000000     2.640440201220000
47.97500000     2.638257681040000
48.00000000     2.636128873790000
48.02500000     2.634054484230000
48.05000000     2.632035376850000
48.07500000     2.630071873930000
48.10000000     2.628163587000000
48.12500000     2.626310087470000
48.15000000     2.624511217930000
48.17500000     2.622767175610000
48.20000000     2.621078707140000
48.22500000     2.619447004030000
48.25000000     2.617873394640000
48.27500000     2.616359344410000
48.30000000     2.614906617390000
48.32500000     2.613517319140000
48.35000000     2.612193931980000
48.37500000     2.610939109700000
48.40000000     2.609755612650000
48.42500000     2.608647188120000
48.45000000     2.607618333200000
48.47500000     2.606673582760000
48.50000000     2.605817975380000
48.52500000     2.605057296780000
48.55000000     2.604398272400000
48.57500000     2.603848059640000
48.60000000     2.603413300770000
48.62500000     2.603100133000000
48.65000000     2.602915616510000
48.67500000     2.602869339920000
48.70000000     2.602972605390000
48.72500000     2.603237524850000
48.75000000     2.603678005620000
48.77500000     2.604309766110000
48.80000000     2.605146754180000
48.82500000     2.606200432500000
48.85000000     2.607484218230000
48.87500000     2.609014109130000
48.90000000     2.610808297100000
48.92500000     2.612886573690000
48.95000000     2.615263712940000
48.97500000     2.617942820760000
49.00000000     2.620919770840000
49.02500000     2.624192258050000
49.05000000     2.627756712540000
49.07500000     2.631600240860000
49.10000000     2.635699141340000
49.12500000     2.640019780120000
49.15000000     2.644518090240000
49.17500000     2.649139514560000
49.20000000     2.653820251670000
49.22500000     2.658489283990000
49.25000000     2.663071034550000
49.27500000     2.667488647330000
49.30000000     2.671667646700000
49.32500000     2.675539623920000
49.35000000     2.679045620490000
49.37500000     2.682138743060000
49.40000000     2.684784696230000
49.42500000     2.686960022210000
49.45000000     2.688661839040000
49.47500000     2.689911046230000
49.50000000     2.690713035650000
49.52500000     2.691095692670000
49.55000000     2.691092011420000
49.57500000     2.690737649230000
49.60000000     2.690073872270000
49.62500000     2.689131026440000
49.65000000     2.687949859330000
49.67500000     2.686579155650000
49.70000000     2.685051487990000
49.72500000     2.683384124390000
49.75000000     2.681590772600000
49.77500000     2.679694666250000
49.80000000     2.677725512990000
49.82500000     2.675707504870000
49.85000000     2.673653545470000
49.87500000     2.671573006480000
49.90000000     2.669476610410000
49.92500000     2.667373018180000
49.95000000     2.665269335680000
49.97500000     2.663172408600000
50.00000000     2.661088740160000
50.02500000     2.659025096110000
50.05000000     2.656986697470000
50.07500000     2.654975141610000
50.10000000     2.652989694970000
50.12500000     2.651030072450000
50.15000000     2.649098578970000
50.17500000     2.647200568960000
50.20000000     2.645342580950000
50.22500000     2.643529759200000
50.25000000     2.641764710360000
50.27500000     2.640048039420000
50.30000000     2.638379655410000
50.32500000     2.636760086850000
50.35000000     2.635191157450000
50.37500000     2.633675802310000
50.40000000     2.632217435490000
50.42500000     2.630819382820000
50.45000000     2.629484638300000
50.47500000     2.628216001640000
50.50000000     2.627016327230000
50.52500000     2.625888633870000
50.55000000     2.624836672130000
50.57500000     2.623865687530000
50.60000000     2.622981332920000
50.62500000     2.622188791180000
50.65000000     2.621493749320000
50.67500000     2.620902881700000
50.70000000     2.620422646380000
50.72500000     2.620058586800000
50.75000000     2.619816589060000
50.77500000     2.619704530990000
50.80000000     2.619731966910000
50.82500000     2.619909213610000
50.85000000     2.620247948970000
50.87500000     2.620761264670000
50.90000000     2.621461327500000
50.92500000     2.622357017150000
50.95000000     2.623457571670000
50.97500000     2.624775912700000
51.00000000     2.626325477570000
51.02500000     2.628119577090000
51.05000000     2.630172097880000
51.07500000     2.632492078550000
51.10000000     2.635078649030000
51.12500000     2.637925788600000
51.15000000     2.641029890340000
51.17500000     2.644386372120000
51.20000000     2.647981891130000
51.22500000     2.651794045460000
51.25000000     2.655793832300000
51.27500000     2.659945221010000
51.30000000     2.664204405560000
51.32500000     2.668520652890000
51.35000000     2.672837906090000
51.37500000     2.677096614630000
51.40000000     2.681235891990000
51.42500000     2.685195957850000
51.45000000     2.688920668850000
51.47500000     2.692359937470000
51.50000000     2.695471611880000
51.52500000     2.698221997080000
51.55000000     2.700586990700000
51.57500000     2.702551895420000
51.60000000     2.704124269120000
51.62500000     2.705313886400000
51.65000000     2.706123465610000
51.67500000     2.706580106570000
51.70000000     2.706705059290000
51.72500000     2.706526104780000
51.75000000     2.706080463630000
51.77500000     2.705394392120000
51.80000000     2.704489045030000
51.82500000     2.703399933260000
51.85000000     2.702165526950000
51.87500000     2.700808713740000
51.90000000     2.699345624660000
51.92500000     2.697789811910000
51.95000000     2.696154806750000
51.97500000     2.694460410990000
52.00000000     2.692726120810000
52.02500000     2.690966255920000
52.05000000     2.689192031780000
52.07500000     2.687410979800000
52.10000000     2.685630339280000
52.12500000     2.683857954130000
52.15000000     2.682100066340000
52.17500000     2.680362152740000
52.20000000     2.678649065700000
52.22500000     2.676964793560000
52.25000000     2.675313606050000
52.27500000     2.673700135170000
52.30000000     2.672128551900000
52.32500000     2.670601959120000
52.35000000     2.669122094450000
52.37500000     2.667690067330000
52.40000000     2.666307810400000
52.42500000     2.664978909550000
52.45000000     2.663708010720000
52.47500000     2.662499435380000
52.50000000     2.661356658750000
52.52500000     2.660282582980000
52.55000000     2.659278697940000
52.57500000     2.658345953340000
52.60000000     2.657487121070000
52.62500000     2.656706240260000
52.65000000     2.656007058470000
52.67500000     2.655393877590000
52.70000000     2.654870988150000
52.72500000     2.654441363330000
52.75000000     2.654107625780000
52.77500000     2.653873443490000
52.80000000     2.653742692310000
52.82500000     2.653719053270000
52.85000000     2.653807131380000
52.87500000     2.654012011960000
52.90000000     2.654337625870000
52.92500000     2.654785723230000
52.95000000     2.655356824410000
52.97500000     2.656051903140000
53.00000000     2.656872306110000
53.02500000     2.657819966870000
53.05000000     2.658896724140000
53.07500000     2.660102857230000
53.10000000     2.661436173490000
53.12500000     2.662890560500000
53.15000000     2.664458329240000
53.17500000     2.666133153530000
53.20000000     2.667909532770000
53.22500000     2.669777951340000
53.25000000     2.671723293860000
53.27500000     2.673728329070000
53.30000000     2.675776478670000
53.32500000     2.677851398360000
53.35000000     2.679935352320000
53.37500000     2.682008671700000
53.40000000     2.684050553650000
53.42500000     2.686040167090000
53.45000000     2.687957122630000
53.47500000     2.689781737520000
53.50000000     2.691495669850000
53.52500000     2.693084360330000
53.55000000     2.694536121140000
53.57500000     2.695836171690000
53.60000000     2.696969274320000
53.62500000     2.697928564980000
53.65000000     2.698715192630000
53.67500000     2.699326975180000
53.70000000     2.699758953680000
53.72500000     2.700013479330000
53.75000000     2.700099634300000
53.77500000     2.700025606030000
53.80000000     2.699797192750000
53.82500000     2.699421702720000
53.85000000     2.698907167680000
53.87500000     2.698259465880000
53.90000000     2.697488034240000
53.92500000     2.696610694050000
53.95000000     2.695643162650000
53.97500000     2.694592076760000
54.00000000     2.693462058490000
54.02500000     2.692262238740000
54.05000000     2.691002508640000
54.07500000     2.689689757550000
54.10000000     2.688329235160000
54.12500000     2.686927344260000
54.15000000     2.685492720800000
54.17500000     2.684034121660000
54.20000000     2.682557844660000
54.22500000     2.681068181070000
54.25000000     2.679569151990000
54.27500000     2.678065306900000
54.30000000     2.676560833290000
54.32500000     2.675059296220000
54.35000000     2.673564133320000
54.37500000     2.672078546050000
54.40000000     2.670605423280000
54.42500000     2.669147463010000
54.45000000     2.667707099920000
54.47500000     2.666286555150000
54.50000000     2.664888023480000
54.52500000     2.663513694600000
54.55000000     2.662165628150000
54.57500000     2.660845575970000
54.60000000     2.659554858540000
54.62500000     2.658294479830000
54.65000000     2.657065400240000
54.67500000     2.655869013790000
54.70000000     2.654707517190000
54.72500000     2.653583593090000
54.75000000     2.652499633190000
54.77500000     2.651457320150000
54.80000000     2.650457634760000
54.82500000     2.649500664600000
54.85000000     2.648586233960000
54.87500000     2.647714721860000
54.90000000     2.646887169350000
54.92500000     2.646104754670000
54.95000000     2.645368319350000
54.97500000     2.644678710490000
55.00000000     2.644037206520000
55.02500000     2.643445099410000
55.05000000     2.642902800560000
55.07500000     2.642409948320000
55.10000000     2.641966189400000
55.12500000     2.641571633390000
55.15000000     2.641226932630000
55.17500000     2.640932467490000
55.20000000     2.640687622410000
55.22500000     2.640491260860000
55.25000000     2.640342719920000
55.27500000     2.640241887760000
55.30000000     2.640188301850000
55.32500000     2.640180507480000
55.35000000     2.640216154230000
55.37500000     2.640292463660000
55.40000000     2.640406586300000
55.42500000     2.640555397110000
55.45000000     2.640735350070000
55.47500000     2.640942825130000
55.50000000     2.641174281520000
55.52500000     2.641425998430000
55.55000000     2.641693856860000
55.57500000     2.641973369170000
55.60000000     2.642259797820000
55.62500000     2.642548247520000
55.65000000     2.642833722960000
55.67500000     2.643111170110000
55.70000000     2.643375517500000
55.72500000     2.643621738140000
55.75000000     2.643844907280000
55.77500000     2.644040256190000
55.80000000     2.644203221340000
55.82500000     2.644329518960000
55.85000000     2.644415190600000
55.87500000     2.644456636430000
55.90000000     2.644450642840000
55.92500000     2.644394418420000
55.95000000     2.644285622900000
55.97500000     2.644122154730000
56.00000000     2.643902162600000
56.02500000     2.643624423870000
56.05000000     2.643288127390000
56.07500000     2.642892153390000
56.10000000     2.642436067740000
56.12500000     2.641922441460000
56.15000000     2.641355325420000
56.17500000     2.640736559280000
56.20000000     2.640065807490000
56.22500000     2.639343437930000
56.25000000     2.638571467170000
56.27500000     2.637752297820000
56.30000000     2.636888313660000
56.32500000     2.635982408500000
56.35000000     2.635036999720000
56.37500000     2.634053035760000
56.40000000     2.633031241030000
56.42500000     2.631973903980000
56.45000000     2.630884830630000
56.47500000     2.629767913500000
56.50000000     2.628626191970000
56.52500000     2.627462040880000
56.55000000     2.626277429240000
56.57500000     2.625074220320000
56.60000000     2.623854527510000
56.62500000     2.622620519740000
56.65000000     2.621374293060000
56.67500000     2.620117932560000
56.70000000     2.618853346600000
56.72500000     2.617582254240000
56.75000000     2.616306368820000
56.77500000     2.615027390340000
56.80000000     2.613746897460000
56.82500000     2.612466365350000
56.85000000     2.611187220660000
56.87500000     2.609910859580000
56.90000000     2.608638651710000
56.92500000     2.607371908510000
56.95000000     2.606111839930000
56.97500000     2.604859566690000
57.00000000     2.603616177900000
57.02500000     2.602382767020000
57.05000000     2.601160420100000
57.07500000     2.599950179880000
57.10000000     2.598753012440000
57.12500000     2.597569795510000
57.15000000     2.596401345790000
57.17500000     2.595248486900000
57.20000000     2.594112130550000
57.22500000     2.592993325010000
57.25000000     2.591893235510000
57.27500000     2.590813050830000
57.30000000     2.589753842560000
57.32500000     2.588716441110000
57.35000000     2.587701413960000
57.37500000     2.586709150880000
57.40000000     2.585739985580000
57.42500000     2.584794316950000
57.45000000     2.583872732210000
57.47500000     2.582976098080000
57.50000000     2.582105504780000
57.52500000     2.581262143800000
57.55000000     2.580447227370000
57.57500000     2.579661885140000
57.60000000     2.578907034250000
57.62500000     2.578183316910000
57.65000000     2.577491255550000
57.67500000     2.576831315300000
57.70000000     2.576203884430000
57.72500000     2.575609479360000
57.75000000     2.575048863510000
57.77500000     2.574522986460000
57.80000000     2.574032853530000
57.82500000     2.573579207620000
57.85000000     2.573162284090000
57.87500000     2.572782062680000
57.90000000     2.572438691880000
57.92500000     2.572132532370000
57.95000000     2.571864183960000
57.97500000     2.571634234660000
58.00000000     2.571442675390000
58.02500000     2.571288882120000
58.05000000     2.571172317080000
58.07500000     2.571092812090000
58.10000000     2.571050112970000
58.12500000     2.571043769120000
58.15000000     2.571073354620000
58.17500000     2.571138338440000
58.20000000     2.571237722070000
58.22500000     2.571369969090000
58.25000000     2.571533265000000
58.27500000     2.571725720810000
58.30000000     2.571945337370000
58.32500000     2.572189776590000
58.35000000     2.572456353950000
58.37500000     2.572742215720000
58.40000000     2.573044188420000
58.42500000     2.573359036080000
58.45000000     2.573683573500000
58.47500000     2.574014577440000
58.50000000     2.574348774890000
58.52500000     2.574682648480000
58.55000000     2.575012536410000
58.57500000     2.575334838660000
58.60000000     2.575646038990000
58.62500000     2.575942697920000
58.65000000     2.576221486440000
58.67500000     2.576479295720000
58.70000000     2.576713065380000
58.72500000     2.576919988240000
58.75000000     2.577097610850000
58.77500000     2.577243622900000
58.80000000     2.577356050310000
58.82500000     2.577433356370000
58.85000000     2.577474092760000
58.87500000     2.577476939860000
58.90000000     2.577440933790000
58.92500000     2.577365543410000
58.95000000     2.577250676780000
58.97500000     2.577096521910000
59.00000000     2.576903059840000
59.02500000     2.576670293310000
59.05000000     2.576399150030000
59.07500000     2.576091620690000
59.10000000     2.575750000460000
59.12500000     2.575375999780000
59.15000000     2.574970469170000
59.17500000     2.574533912300000
59.20000000     2.574067264730000
59.22500000     2.573572333060000
59.25000000     2.573051657630000
59.27500000     2.572507892820000
59.30000000     2.571943099920000
59.32500000     2.571358582280000
59.35000000     2.570755259030000
59.37500000     2.570134173760000
59.40000000     2.569496877270000
59.42500000     2.568845224800000
59.45000000     2.568180988470000
59.47500000     2.567505851260000
59.50000000     2.566821535640000
59.52500000     2.566129768890000
59.55000000     2.565432197350000
59.57500000     2.564730383090000
59.60000000     2.564025842960000
59.62500000     2.563320077070000
59.65000000     2.562614551560000
59.67500000     2.561910664830000
59.70000000     2.561209761460000
59.72500000     2.560513164190000
59.75000000     2.559822181010000
59.77500000     2.559138096960000
59.80000000     2.558462178840000
59.82500000     2.557795693820000
59.85000000     2.557139888680000
59.87500000     2.556495972910000
59.90000000     2.555865134430000
59.92500000     2.555248547840000
59.95000000     2.554647373140000
59.97500000     2.554062759190000
60.00000000     2.553495857200000
60.02500000     2.552947842590000
60.05000000     2.552419940870000
60.07500000     2.551913436600000
60.10000000     2.551429624330000
60.12500000     2.550969591560000
60.15000000     2.550534042210000
60.17500000     2.550123551530000
60.20000000     2.549739065490000
60.22500000     2.549381927880000
60.25000000     2.549053526620000
60.27500000     2.548755045510000
60.30000000     2.548487403080000
60.32500000     2.548251351130000
60.35000000     2.548047652560000
60.37500000     2.547877228550000
60.40000000     2.547741185610000
60.42500000     2.547640595910000
60.45000000     2.547576286960000
60.47500000     2.547548851910000
60.50000000     2.547558618570000
60.52500000     2.547605692450000
60.55000000     2.547690327460000
60.57500000     2.547813004770000
60.60000000     2.547974052490000
60.62500000     2.548173423000000
60.65000000     2.548410884360000
60.67500000     2.548685470560000
60.70000000     2.548996549280000
60.72500000     2.549343700120000
60.75000000     2.549724893770000
60.77500000     2.550137089850000
60.80000000     2.550578916270000
60.82500000     2.551048942150000
60.85000000     2.551544393570000
60.87500000     2.552061171790000
60.90000000     2.552595620850000
60.92500000     2.553145057630000
60.95000000     2.553706267770000
60.97500000     2.554275358920000
61.00000000     2.554848054610000
61.02500000     2.555420078700000
61.05000000     2.555987266720000
61.07500000     2.556545487750000
61.10000000     2.557090722280000
61.12500000     2.557618582620000
61.15000000     2.558124357610000
61.17500000     2.558603997980000
61.20000000     2.559054064300000
61.22500000     2.559471456710000
61.25000000     2.559853038880000
61.27500000     2.560196068460000
61.30000000     2.560498454990000
61.32500000     2.560758555990000
61.35000000     2.560974773640000
61.37500000     2.561146139800000
61.40000000     2.561271707620000
61.42500000     2.561350704070000
61.45000000     2.561382652010000
61.47500000     2.561367658710000
61.50000000     2.561306400140000
61.52500000     2.561199813690000
61.55000000     2.561048598500000
61.57500000     2.560853647230000
61.60000000     2.560616717660000
61.62500000     2.560340289140000
61.65000000     2.560027197670000
61.67500000     2.559680127350000
61.70000000     2.559300901160000
61.72500000     2.558890499780000
61.75000000     2.558449983000000
61.77500000     2.557981278710000
61.80000000     2.557487163800000
61.82500000     2.556970669770000
61.85000000     2.556434472710000
61.87500000     2.555880551470000
61.90000000     2.555310036600000
61.92500000     2.554723784010000
61.95000000     2.554123413560000
61.97500000     2.553511308490000
62.00000000     2.552889584810000
62.02500000     2.552259698860000
62.05000000     2.551623040630000
62.07500000     2.550981359820000
62.10000000     2.550336560060000
62.12500000     2.549690389570000
62.15000000     2.549044398790000
62.17500000     2.548400053070000
62.20000000     2.547758810190000
62.22500000     2.547122121190000
62.25000000     2.546491400960000
62.27500000     2.545868011790000
62.30000000     2.545253266820000
62.32500000     2.544648438280000
62.35000000     2.544054770370000
62.37500000     2.543473502040000
62.40000000     2.542905869460000
62.42500000     2.542353086920000
62.45000000     2.541816330150000
62.47500000     2.541296757120000
62.50000000     2.540795570050000
62.52500000     2.540313970450000
62.55000000     2.539852953710000
62.57500000     2.539413294260000
62.60000000     2.538995732550000
62.62500000     2.538601082910000
62.65000000     2.538230312880000
62.67500000     2.537884588800000
62.70000000     2.537565060730000
62.72500000     2.537272545420000
62.75000000     2.537007565210000
62.77500000     2.536770677460000
62.80000000     2.536562591190000
62.82500000     2.536384043860000
62.85000000     2.536235678850000
62.87500000     2.536117874370000
62.90000000     2.536030650780000
62.92500000     2.535973861620000
62.95000000     2.535947456160000
62.97500000     2.535951344740000
63.00000000     2.535985102000000
63.02500000     2.536048138860000
63.05000000     2.536140149320000
63.07500000     2.536260900360000
63.10000000     2.536410062500000
63.12500000     2.536586515350000
63.15000000     2.536788052990000
63.17500000     2.537012751290000
63.20000000     2.537259097600000
63.22500000     2.537524549910000
63.25000000     2.537806069690000
63.27500000     2.538100651770000
63.30000000     2.538405448310000
63.32500000     2.538718011330000
63.35000000     2.539035349380000
63.37500000     2.539354074680000
63.40000000     2.539670839080000
63.42500000     2.539982341920000
63.45000000     2.540285189590000
63.47500000     2.540575831140000
63.50000000     2.540850985090000
63.52500000     2.541107683120000
63.55000000     2.541343182780000
63.57500000     2.541554885690000
63.60000000     2.541740533050000
63.62500000     2.541897744530000
63.65000000     2.542024114000000
63.67500000     2.542118113220000
63.70000000     2.542178477380000
63.72500000     2.542203704990000
63.75000000     2.542192945100000
63.77500000     2.542145769280000
63.80000000     2.542061966980000
63.82500000     2.541941223670000
63.85000000     2.541783758430000
63.87500000     2.541590562460000
63.90000000     2.541363051430000
63.92500000     2.541102966510000
63.95000000     2.540812247170000
63.97500000     2.540492373260000
64.00000000     2.540144025510000
64.02500000     2.539767744820000
64.05000000     2.539364867970000
64.07500000     2.538937775720000
64.10000000     2.538489373590000
64.12500000     2.538022438320000
64.15000000     2.537539194850000
64.17500000     2.537041027080000
64.20000000     2.536528874050000
64.22500000     2.536004147650000
64.25000000     2.535469037530000
64.27500000     2.534926019170000
64.30000000     2.534377227060000
64.32500000     2.533824279980000
64.35000000     2.533268654850000
64.37500000     2.532712132520000
64.40000000     2.532156824430000
64.42500000     2.531604860880000
64.45000000     2.531058168260000
64.47500000     2.530518523020000
64.50000000     2.529987718730000
64.52500000     2.529467650700000
64.55000000     2.528960282480000
64.57500000     2.528467593360000
64.60000000     2.527991594550000
64.62500000     2.527534317100000
64.65000000     2.527097640250000
64.67500000     2.526683238540000
64.70000000     2.526292820580000
64.72500000     2.525928222760000
64.75000000     2.525591345280000
64.77500000     2.525284266650000
64.80000000     2.525009252550000
64.82500000     2.524768422330000
64.85000000     2.524563576730000
64.87500000     2.524396511070000
64.90000000     2.524269446330000
64.92500000     2.524184975800000
64.95000000     2.524145621780000
64.97500000     2.524153622850000
65.00000000     2.524210922160000
65.02500000     2.524319138030000
65.05000000     2.524480166870000
65.07500000     2.524696135690000
65.10000000     2.524969786270000
65.12500000     2.525302970330000
65.15000000     2.525697753730000
65.17500000     2.526154461620000
65.20000000     2.526674823990000
65.22500000     2.527257591290000
65.25000000     2.527902586580000
65.27500000     2.528609394320000
65.30000000     2.529375928670000
65.32500000     2.530201073300000
65.35000000     2.531082568560000
65.37500000     2.532017446560000
65.40000000     2.533003542160000
65.42500000     2.534037022690000
65.45000000     2.535110226930000
65.47500000     2.536214465640000
65.50000000     2.537341604040000
65.52500000     2.538483799220000
65.55000000     2.539633207850000
65.57500000     2.540781627310000
65.60000000     2.541920253470000
65.62500000     2.543039613650000
65.65000000     2.544130631360000
65.67500000     2.545186110100000
65.70000000     2.546199044110000
65.72500000     2.547160708440000
65.75000000     2.548063798770000
65.77500000     2.548903245570000
65.80000000     2.549674160000000
65.82500000     2.550371788900000
65.85000000     2.550994158360000
65.87500000     2.551540779810000
65.90000000     2.552012744460000
65.92500000     2.552413282440000
65.95000000     2.552746009120000
65.97500000     2.553013597430000
66.00000000     2.553218638260000
66.02500000     2.553364097090000
66.05000000     2.553452823670000
66.07500000     2.553487490350000
66.10000000     2.553472154120000
66.12500000     2.553411839560000
66.15000000     2.553311045680000
66.17500000     2.553174050920000
66.20000000     2.553005983550000
66.22500000     2.552812466130000
66.25000000     2.552598888990000
66.27500000     2.552370017770000
66.30000000     2.552129644150000
66.32500000     2.551880719930000
66.35000000     2.551626192710000
66.37500000     2.551369774820000
66.40000000     2.551115919780000
66.42500000     2.550869153360000
66.45000000     2.550633457450000
66.47500000     2.550412161930000
66.50000000     2.550208259070000
66.52500000     2.550024720660000
66.55000000     2.549864589700000
66.57500000     2.549730937310000
66.60000000     2.549626829180000
66.62500000     2.549555330070000
66.65000000     2.549519502610000
66.67500000     2.549522195720000
66.70000000     2.549565701230000
66.72500000     2.549652228600000
66.75000000     2.549784567270000
66.77500000     2.549965806800000
66.80000000     2.550198601850000
66.82500000     2.550485082240000
66.85000000     2.550827049700000
66.87500000     2.551225866700000
66.90000000     2.551683258520000
66.92500000     2.552198274190000
66.95000000     2.552771477800000
66.97500000     2.553402691920000
67.00000000     2.554090597710000
67.02500000     2.554835342540000
67.05000000     2.555634054520000
67.07500000     2.556485006190000
67.10000000     2.557387059380000
67.12500000     2.558334908970000
67.15000000     2.559323310540000
67.17500000     2.560347951630000
67.20000000     2.561401918710000
67.22500000     2.562477332200000
67.25000000     2.563566941500000
67.27500000     2.564663333320000
67.30000000     2.565758390310000
67.32500000     2.566843614910000
67.35000000     2.567910475970000
67.37500000     2.568950851610000
67.40000000     2.569956847540000
67.42500000     2.570920147690000
67.45000000     2.571833247030000
67.47500000     2.572689294400000
67.50000000     2.573483815150000
67.52500000     2.574213523960000
67.55000000     2.574875201570000
67.57500000     2.575465247130000
67.60000000     2.575982353520000
67.62500000     2.576428969950000
67.65000000     2.576808184350000
67.67500000     2.577121541110000
67.70000000     2.577370407720000
67.72500000     2.577557082280000
67.75000000     2.577685164160000
67.77500000     2.577759339830000
67.80000000     2.577784363670000
67.82500000     2.577765034080000
67.85000000     2.577706846150000
67.87500000     2.577616156630000
67.90000000     2.577499467180000
67.92500000     2.577362988420000
67.95000000     2.577213613150000
67.97500000     2.577059274400000
68.00000000     2.576907879970000
68.02500000     2.576766399200000
68.05000000     2.576641143470000
68.07500000     2.576538812360000
68.10000000     2.576467253080000
68.12500000     2.576435296790000
68.15000000     2.576452030740000
68.17500000     2.576526884710000
68.20000000     2.576670250310000
68.22500000     2.576893426520000
68.25000000     2.577208275600000
68.27500000     2.577627558350000
68.30000000     2.578165542520000
68.32500000     2.578837238000000
68.35000000     2.579657909070000
68.37500000     2.580644268990000
68.40000000     2.581817302730000
68.42500000     2.583201631310000
68.45000000     2.584822610860000
68.47500000     2.586709581070000
68.50000000     2.588897577420000
68.52500000     2.591421496760000
68.55000000     2.594309321830000
68.57500000     2.597586151130000
68.60000000     2.601284397410000
68.62500000     2.605440273320000
68.65000000     2.610084443340000
68.67500000     2.615239884680000
68.70000000     2.620920591840000
68.72500000     2.627127507500000
68.75000000     2.633844726470000
68.77500000     2.641036601550000
68.80000000     2.648645558770000
68.82500000     2.656591214050000
68.85000000     2.664771614840000
68.87500000     2.673066855880000
68.90000000     2.681345061800000
68.92500000     2.689470250240000
68.95000000     2.697311157160000
68.97500000     2.704749911970000
69.00000000     2.711689420340000
69.02500000     2.718058693320000
69.05000000     2.723815568000000
69.07500000     2.728946616580000
69.10000000     2.733464483140000
69.12500000     2.737402827880000
69.15000000     2.740809508290000
69.17500000     2.743742626240000
69.20000000     2.746273407270000
69.22500000     2.748480258610000
69.25000000     2.750419672860000
69.27500000     2.752145894050000
69.30000000     2.753723764710000
69.32500000     2.755204277220000
69.35000000     2.756624755850000
69.37500000     2.758021964140000
69.40000000     2.759427573740000
69.42500000     2.760865534060000
69.45000000     2.762353714430000
69.47500000     2.763905037900000
69.50000000     2.765527922410000
69.52500000     2.767227053240000
69.55000000     2.769003023150000
69.57500000     2.770852174130000
69.60000000     2.772768142550000
69.62500000     2.774742856160000
69.65000000     2.776765293690000
69.67500000     2.778821337220000
69.70000000     2.780895220230000
69.72500000     2.782970105770000
69.75000000     2.785027099750000
69.77500000     2.787045946370000
69.80000000     2.789006354830000
69.82500000     2.790887604850000
69.85000000     2.792669891280000
69.87500000     2.794334801440000
69.90000000     2.795864844790000
69.92500000     2.797244247030000
69.95000000     2.798458881980000
69.97500000     2.799496106210000
70.00000000     2.800345693330000
70.02500000     2.801001086160000
70.05000000     2.801458442890000
70.07500000     2.801715925260000
70.10000000     2.801776408200000
70.12500000     2.801643034400000
70.15000000     2.801318930610000
70.17500000     2.800810129140000
70.20000000     2.800125225280000
70.22500000     2.799272012840000
70.25000000     2.798258022050000
70.27500000     2.797097362610000
70.30000000     2.795809636890000
70.32500000     2.794404512210000
70.35000000     2.792884492450000
70.37500000     2.791261927310000
70.40000000     2.789552045320000
70.42500000     2.787762658320000
70.45000000     2.785904909240000
70.47500000     2.783987738290000
70.50000000     2.782019971760000
70.52500000     2.780010853710000
70.55000000     2.777968311000000
70.57500000     2.775901400420000
70.60000000     2.773816207360000
70.62500000     2.771718454370000
70.65000000     2.769614194130000
70.67500000     2.767509884090000
70.70000000     2.765411809300000
70.72500000     2.763323354730000
70.75000000     2.761245387880000
70.77500000     2.759178222780000
70.80000000     2.757124362960000
70.82500000     2.755089583410000
70.85000000     2.753080952180000
70.87500000     2.751104229600000
70.90000000     2.749162271910000
70.92500000     2.747255375800000
70.95000000     2.745382938770000
70.97500000     2.743544876720000
71.00000000     2.741742175900000
71.02500000     2.739976596610000
71.05000000     2.738250049850000
71.07500000     2.736564194220000
71.10000000     2.734920332100000
71.12500000     2.733319506070000
71.15000000     2.731762665010000
71.17500000     2.730250779230000
71.20000000     2.728784862060000
71.22500000     2.727365902540000
71.25000000     2.725994758810000
71.27500000     2.724672104250000
71.30000000     2.723398508580000
71.32500000     2.722174597480000
71.35000000     2.721000687630000
71.37500000     2.719876438400000
71.40000000     2.718801721210000
71.42500000     2.717777041700000
71.45000000     2.716802896520000
71.47500000     2.715879702990000
71.50000000     2.715007480060000
71.52500000     2.714185703430000
71.55000000     2.713413565470000
71.57500000     2.712690206900000
71.60000000     2.712014993910000
71.62500000     2.711387525350000
71.65000000     2.710807499080000
71.67500000     2.710273918280000
71.70000000     2.709785181650000
71.72500000     2.709340006610000
71.75000000     2.708937434540000
71.77500000     2.708576355120000
71.80000000     2.708255334770000
71.82500000     2.707972744730000
71.85000000     2.707726795210000
71.87500000     2.707515497990000
71.90000000     2.707336767380000
71.92500000     2.707188511910000
71.95000000     2.707068650100000
71.97500000     2.706975020200000
72.00000000     2.706905292800000
72.02500000     2.706857209610000
72.05000000     2.706828826480000
72.07500000     2.706818435510000
72.10000000     2.706824393270000
72.12500000     2.706845087150000
72.15000000     2.706879004450000
72.17500000     2.706924804250000
72.20000000     2.706981362060000
72.22500000     2.707047798880000
72.25000000     2.707123504470000
72.27500000     2.707208161850000
72.30000000     2.707301768030000
72.32500000     2.707404651750000
72.35000000     2.707517484960000
72.37500000     2.707641299820000
72.40000000     2.707777496560000
72.42500000     2.707927848530000
72.45000000     2.708094506830000
72.47500000     2.708280003770000
72.50000000     2.708487255970000
72.52500000     2.708719559510000
72.55000000     2.708980569000000
72.57500000     2.709274290660000
72.60000000     2.709605096010000
72.62500000     2.709977721630000
72.65000000     2.710397231430000
72.67500000     2.710868980250000
72.70000000     2.711398592800000
72.72500000     2.711991937440000
72.75000000     2.712654958830000
72.77500000     2.713393617770000
72.80000000     2.714214583980000
72.82500000     2.715125065700000
72.85000000     2.716131768330000
72.87500000     2.717240693230000
72.90000000     2.718457673000000
72.92500000     2.719788384870000
72.95000000     2.721238612610000
72.97500000     2.722813364820000
73.00000000     2.724514859240000
73.02500000     2.726346425770000
73.05000000     2.728313162480000
73.07500000     2.730418745430000
73.10000000     2.732662005790000
73.12500000     2.735037833640000
73.15000000     2.737540722540000
73.17500000     2.740165693220000
73.20000000     2.742906107830000
73.22500000     2.745751669230000
73.25000000     2.748689213350000
73.27500000     2.751703792210000
73.30000000     2.754778010450000
73.32500000     2.757891893240000
73.35000000     2.761023532260000
73.37500000     2.764149483640000
73.40000000     2.767245035990000
73.42500000     2.770284658000000
73.45000000     2.773242569560000
73.47500000     2.776093350700000
73.50000000     2.778812416570000
73.52500000     2.781376445190000
73.55000000     2.783764511530000
73.57500000     2.785958387870000
73.60000000     2.787943713000000
73.62500000     2.789711989220000
73.65000000     2.791251166370000
73.67500000     2.792549943840000
73.70000000     2.793612664370000
73.72500000     2.794443323310000
73.75000000     2.795041929730000
73.77500000     2.795414185750000
73.80000000     2.795570995010000
73.82500000     2.795527694660000
73.85000000     2.795298212040000
73.87500000     2.794895179820000
73.90000000     2.794333436320000
73.92500000     2.793627413830000
73.95000000     2.792792097400000
73.97500000     2.791847099070000
74.00000000     2.790812495980000
74.02500000     2.789703655210000
74.05000000     2.788532603480000
74.07500000     2.787311562080000
74.10000000     2.786056458170000
74.12500000     2.784782940830000
74.15000000     2.783503414840000
74.17500000     2.782229957590000
74.20000000     2.780975189760000
74.22500000     2.779751075940000
74.25000000     2.778569025400000
74.27500000     2.777440303290000
74.30000000     2.776375945970000
74.32500000     2.775386791040000
74.35000000     2.774483645960000
74.37500000     2.773677361410000
74.40000000     2.772978836870000
74.42500000     2.772399677490000
74.45000000     2.771950553900000
74.47500000     2.771642231460000
74.50000000     2.771488626630000
74.52500000     2.771504186130000
74.55000000     2.771701799790000
74.57500000     2.772092944060000
74.60000000     2.772689440390000
74.62500000     2.773505136790000
74.65000000     2.774554924080000
74.67500000     2.775855355430000
74.70000000     2.777424160870000
74.72500000     2.779276845030000
74.75000000     2.781425009810000
74.77500000     2.783882314360000
74.80000000     2.786667233280000
74.82500000     2.789793051790000
74.85000000     2.793264259320000
74.87500000     2.797084851530000
74.90000000     2.801260726640000
74.92500000     2.805791168150000
74.95000000     2.810666739850000
74.97500000     2.815874265430000
75.00000000     2.821396067360000
75.02500000     2.827206407250000
75.05000000     2.833270627370000
75.07500000     2.839545443610000
75.10000000     2.845979507650000
75.12500000     2.852514399590000
75.15000000     2.859085857550000
75.17500000     2.865625199520000
75.20000000     2.872061094390000
75.22500000     2.878321729450000
75.25000000     2.884337221020000
75.27500000     2.890042030980000
75.30000000     2.895377195470000
75.32500000     2.900292264540000
75.35000000     2.904746653050000
75.37500000     2.908709852240000
75.40000000     2.912163294070000
75.42500000     2.915099248850000
75.45000000     2.917525008940000
75.47500000     2.919457307250000
75.50000000     2.920907987150000
75.52500000     2.921908784150000
75.55000000     2.922494569400000
75.57500000     2.922695830410000
75.60000000     2.922550179180000
75.62500000     2.922101457430000
75.65000000     2.921388375210000
75.67500000     2.920443316140000
75.70000000     2.919300160560000
75.72500000     2.917998694270000
75.75000000     2.916570144270000
75.77500000     2.915029303540000
75.80000000     2.913396909690000
75.82500000     2.911702678370000
75.85000000     2.909964167040000
75.87500000     2.908194812450000
75.90000000     2.906407729040000
75.92500000     2.904613974890000
75.95000000     2.902822311620000
75.97500000     2.901039702770000
76.00000000     2.899271670200000
76.02500000     2.897522466350000
76.05000000     2.895795312820000
76.07500000     2.894092179580000
76.10000000     2.892414165230000
76.12500000     2.890761379090000
76.15000000     2.889133278770000
76.17500000     2.887528845940000
76.20000000     2.885946672600000
76.22500000     2.884384753920000
76.25000000     2.882840730630000
76.27500000     2.881312181520000
76.30000000     2.879796826880000
76.32500000     2.878292258370000
76.35000000     2.876795514460000
76.37500000     2.875302994940000
76.40000000     2.873810965830000
76.42500000     2.872316274850000
76.45000000     2.870816621760000
76.47500000     2.869310176500000
76.50000000     2.867794913570000
76.52500000     2.866268274200000
76.55000000     2.864727387570000
76.57500000     2.863169613590000
76.60000000     2.861593015070000
76.62500000     2.859996289260000
76.65000000     2.858378387290000
76.67500000     2.856738521460000
76.70000000     2.855076148280000
76.72500000     2.853390819730000
76.75000000     2.851682157690000
76.77500000     2.849949945170000
76.80000000     2.848194274600000
76.82500000     2.846415613540000
76.85000000     2.844614770680000
76.87500000     2.842792820940000
76.90000000     2.840951045700000
76.92500000     2.839090879110000
76.95000000     2.837213928740000
76.97500000     2.835322129510000
77.00000000     2.833417600410000
77.02500000     2.831502304810000
77.05000000     2.829577905600000
77.07500000     2.827646313900000
77.10000000     2.825710091630000
77.12500000     2.823772013870000
77.15000000     2.821834698070000
77.17500000     2.819900653660000
77.20000000     2.817972392950000
77.22500000     2.816052465080000
77.25000000     2.814143442750000
77.27500000     2.812247911640000
77.30000000     2.810368467910000
77.32500000     2.808507708920000
77.35000000     2.806668222220000
77.37500000     2.804852576000000
77.40000000     2.803063311670000
77.42500000     2.801302935800000
77.45000000     2.799573905120000
77.47500000     2.797878605150000
77.50000000     2.796219329510000
77.52500000     2.794598269090000
77.55000000     2.793017522500000
77.57500000     2.791479118310000
77.60000000     2.789985049960000
77.62500000     2.788537245040000
77.65000000     2.787137289940000
77.67500000     2.785786549420000
77.70000000     2.784486657020000
77.72500000     2.783239613360000
77.75000000     2.782047479040000
77.77500000     2.780912036850000
77.80000000     2.779834698700000
77.82500000     2.778816608350000
77.85000000     2.777858803010000
77.87500000     2.776962276870000
77.90000000     2.776127267820000
77.92500000     2.775353714220000
77.95000000     2.774642118200000
77.97500000     2.773992834410000
78.00000000     2.773405559970000
78.02500000     2.772879960660000
78.05000000     2.772415123640000
78.07500000     2.772009839440000
78.10000000     2.771663537220000
78.12500000     2.771375634670000
78.15000000     2.771143749250000
78.17500000     2.770963944970000
78.20000000     2.770832833570000
78.22500000     2.770747478080000
78.25000000     2.770704337250000
78.27500000     2.770699315150000
78.30000000     2.770728148550000
78.32500000     2.770786375780000
78.35000000     2.770869176070000
78.37500000     2.770971361730000
78.40000000     2.771087451050000
78.42500000     2.771211731060000
78.45000000     2.771338339690000
78.47500000     2.771461343640000
78.50000000     2.771574781760000
78.52500000     2.771672706900000
78.55000000     2.771749251930000
78.57500000     2.771798705980000
78.60000000     2.771815565700000
78.62500000     2.771794597090000
78.65000000     2.771730934560000
78.67500000     2.771620158830000
78.70000000     2.771458331880000
78.72500000     2.771242028920000
78.75000000     2.770968349750000
78.77500000     2.770635004170000
78.80000000     2.770240442240000
78.82500000     2.769783326720000
78.85000000     2.769262353270000
78.87500000     2.768678037520000
78.90000000     2.768032764160000
78.92500000     2.767328720070000
78.95000000     2.766566880430000
78.97500000     2.765747693100000
79.00000000     2.764873757210000
79.02500000     2.763949717660000
79.05000000     2.762980067580000
79.07500000     2.761969059830000
79.10000000     2.760920993310000
79.12500000     2.759839753210000
79.15000000     2.758729830700000
79.17500000     2.757597197730000
79.20000000     2.756447406080000
79.22500000     2.755285527690000
79.25000000     2.754117010420000
79.27500000     2.752947547170000
79.30000000     2.751783192450000
79.32500000     2.750630228030000
79.35000000     2.749494863750000
79.37500000     2.748383321130000
79.40000000     2.747301892770000
79.42500000     2.746256944000000
79.45000000     2.745254978980000
79.47500000     2.744302638990000
79.50000000     2.743406703800000
79.52500000     2.742574243710000
79.55000000     2.741812167060000
79.57500000     2.741127180310000
79.60000000     2.740526679830000
79.62500000     2.740018612510000
79.65000000     2.739611371690000
79.67500000     2.739312791440000
79.70000000     2.739130463480000
79.72500000     2.739074669330000
79.75000000     2.739156621170000
79.77500000     2.739386234240000
79.80000000     2.739771525190000
79.82500000     2.740319492930000
79.85000000     2.741037987330000
79.87500000     2.741936110520000
79.90000000     2.743024584120000
79.92500000     2.744314666820000
79.95000000     2.745815632140000
79.97500000     2.747533425310000
