-50.00000000     0.99993357910699998126
-49.90234375     0.99993910049500001058
-49.80468750     0.99994610777500003707
-49.70703125     0.99995435688300005062
-49.60937500     0.99996361414000001222
-49.51171875     0.99997363026300001287
-49.41406250     0.99998414270100000056
-49.31640625     0.99999488286299997863
-49.21875000     1.00000558299000008589
-49.12109375     1.00001598329999996650
-49.02343750     1.00002583901000008382
-48.92578125     1.00003492587000009095
-48.82812500     1.00004304212999994839
-48.73046875     1.00005001822000005873
-48.63281250     1.00005577679000001723
-48.53515625     1.00006035430999995484
-48.43750000     1.00006345027000009829
-48.33984375     1.00006464604000000485
-48.24218750     1.00006444290000007236
-48.14453125     1.00006326920999999430
-48.04687500     1.00006097931999993200
-47.94921875     1.00005758702999991705
-47.85156250     1.00005322461000001333
-47.75390625     1.00004811196999998657
-47.65625000     1.00004244235000006036
-47.55859375     1.00003641228000006436
-47.46093750     1.00003021787000001552
-47.36328125     1.00002404905000008561
-47.26562500     1.00001808442999995385
-47.16796875     1.00001248622999994176
-47.07031250     1.00000739748999989409
-46.97265625     1.00000294029999992063
-46.87500000     0.99999919743900000935
-46.77734375     0.99999616818399994500
-46.67968750     0.99999390010400002193
-46.58203125     0.99999265591800001740
-46.48437500     0.99999241805000005368
-46.38671875     0.99999282930300004146
-46.28906250     0.99999379950599998068
-46.19140625     0.99999540898299998926
-46.09375000     0.99999760838499995863
-45.99609375     1.00000027749000008903
-45.89843750     1.00000331010000009790
-45.80078125     1.00000660151999998249
-45.70312500     1.00001005069000004077
-45.60546875     1.00001356016999998211
-45.50781250     1.00001703795999996593
-45.41015625     1.00002039912000006971
-45.31250000     1.00002356689999993833
-45.21484375     1.00002647303999991912
-45.11718750     1.00002905678000009182
-45.01953125     1.00003126859999991183
-44.92187500     1.00003309366999992847
-44.82421875     1.00003453836000000265
-44.72656250     1.00003546729000003523
-44.62890625     1.00003576562000007222
-44.53125000     1.00003562565000003737
-44.43359375     1.00003515408000009934
-44.33593750     1.00003428151000006707
-44.23828125     1.00003301468000005414
-44.14062500     1.00003140549999991471
-44.04296875     1.00002953042999997990
-43.94531250     1.00002746533000008711
-43.84765625     1.00002529289999997353
-43.75000000     1.00002310119000004107
-43.65234375     1.00002098099000003018
-43.55468750     1.00001902166000000705
-43.45703125     1.00001729448000009626
-43.35937500     1.00001582836000002530
-43.26171875     1.00001470290999994184
-43.16406250     1.00001411271999995911
-43.06640625     1.00001402975999997835
-42.96875000     1.00001426233999990423
-42.87109375     1.00001478569999990853
-42.77343750     1.00001563248000002737
-42.67578125     1.00001676184999999109
-42.57812500     1.00001808373999989676
-42.48046875     1.00001951811000000525
-42.38281250     1.00002098570999997662
-42.28515625     1.00002241410000003441
-42.18750000     1.00002374164999996431
-42.08984375     1.00002492065000003763
-41.99218750     1.00002591907000004667
-41.89453125     1.00002672188000008013
-41.79687500     1.00002733411000011010
-41.69921875     1.00002777690000010935
-41.60156250     1.00002806549000000658
-41.50390625     1.00002819576999990581
-41.40625000     1.00002819861999991957
-41.30859375     1.00002810954000009858
-41.21093750     1.00002791993999995412
-41.11328125     1.00002761364999992466
-41.01562500     1.00002717198000001808
-40.91796875     1.00002657943000006213
-40.82031250     1.00002582852000010405
-40.72265625     1.00002492765999995150
-40.62500000     1.00002390949000008469
-40.52734375     1.00002282524000007946
-40.42968750     1.00002172337999994944
-40.33203125     1.00002066375999998371
-40.23437500     1.00001988982999989730
-40.13671875     1.00001962256999998857
-40.03906250     1.00001971749000007073
-39.94140625     1.00002008052999991072
-39.84375000     1.00002079486999995162
-39.74609375     1.00002185089000006357
-39.64843750     1.00002315015000009524
-39.55078125     1.00002455289000002914
-39.45312500     1.00002594298000002659
-39.35546875     1.00002718499999998514
-39.25781250     1.00002798335000009367
-39.16015625     1.00002821186999990566
-39.06250000     1.00002809999999997537
-38.96484375     1.00002773865000005316
-38.86718750     1.00002706501000004913
-38.76953125     1.00002615478000000948
-38.67187500     1.00002516093999993529
-38.57421875     1.00002420843999995093
-38.47656250     1.00002339272999996034
-38.37890625     1.00002284028999999244
-38.28125000     1.00002263241999989063
-38.18359375     1.00002265537000001316
-38.08593750     1.00002281846999996340
-37.98828125     1.00002311971000001911
-37.89062500     1.00002348958999998096
-37.79296875     1.00002384808000011063
-37.69531250     1.00002415268000000026
-37.59765625     1.00002439222000005792
-37.50000000     1.00002457917999998394
-37.40234375     1.00002473901000010770
-37.30468750     1.00002488690999991050
-37.20703125     1.00002501370999996588
-37.10937500     1.00002511047999997906
-37.01171875     1.00002519473000006656
-36.91406250     1.00002529667000006341
-36.81640625     1.00002543484999995016
-36.71875000     1.00002560266000006806
-36.62109375     1.00002574132999999534
-36.52343750     1.00002579611000008697
-36.42578125     1.00002565447999991477
-36.32812500     1.00002516724000001247
-36.23046875     1.00002435373999998269
-36.13281250     1.00002329678000001500
-36.03515625     1.00002205169000002449
-35.93750000     1.00002074526000006571
-35.83984375     1.00001961959999996488
-35.74218750     1.00001889587000003523
-35.64453125     1.00001860094000005752
-35.54687500     1.00001889807999999604
-35.44921875     1.00002034206000001149
-35.35156250     1.00002302021000000209
-35.25390625     1.00002635242999993181
-35.15625000     1.00002983476000006924
-35.05859375     1.00003305439000000909
-34.96093750     1.00003547400999992512
-34.86328125     1.00003676267999996874
-34.76562500     1.00003710632999998076
-34.66796875     1.00003595345000007022
-34.57031250     1.00003217417000000999
-34.47265625     1.00002628859999997957
-34.37500000     1.00001958955999992185
-34.27734375     1.00001276269999994639
-34.17968750     1.00000646553000005490
-34.08203125     1.00000158003999994882
-33.98437500     0.99999859717999994846
-33.88671875     0.99999733679199998004
-33.78906250     0.99999805020700005542
-33.69140625     1.00000227518999995624
-33.59375000     1.00001014834999990555
-33.49609375     1.00001979482000002974
-33.39843750     1.00003003869000006709
-33.30078125     1.00004019256999998611
-33.20312500     1.00004937803999993662
-33.10546875     1.00005654135999999532
-33.00781250     1.00006112492999998942
-32.91015625     1.00006322913000000874
-32.81250000     1.00006294943999995972
-32.71484375     1.00005869766000010657
-32.61718750     1.00004973021999998828
-32.51953125     1.00003809848999991594
-32.42187500     1.00002522645000002655
-32.32421875     1.00001169593000005520
-32.22656250     0.99999834791300001857
-32.12890625     0.99998617216200003099
-32.03125000     0.99997614646599997101
-31.93359375     0.99996907963199999081
-31.83593750     0.99996518887399998832
-31.73828125     0.99996385791800002085
-31.64062500     0.99996583120100002162
-31.54296875     0.99997300435600000590
-31.44531250     0.99998437432599995844
-31.34765625     0.99999784998499996469
-31.25000000     1.00001281632999994287
-31.15234375     1.00002868504999997690
-31.05468750     1.00004455452000007298
-30.95703125     1.00005946695000003110
-30.85937500     1.00007252185999995220
-30.76171875     1.00008282512000001852
-30.66406250     1.00008981541999997233
-30.56640625     1.00009343441000009278
-30.46875000     1.00009432182000002065
-30.37109375     1.00009139293999993470
-30.27343750     1.00008296793000006630
-30.17578125     1.00007059075000004356
-30.07812500     1.00005595311999995189
-29.98046875     1.00003937710000001537
-29.88281250     1.00002142834999996346
-29.78515625     1.00000295076999989874
-29.68750000     0.99998482962199997104
-29.58984375     0.99996790989600004007
-29.49218750     0.99995298071100002790
-29.39453125     0.99994076905300000035
-29.29687500     0.99993195763400000153
-29.19921875     0.99992668324099998056
-29.10156250     0.99992442202400000362
-29.00390625     0.99992537332399999972
-28.90625000     0.99993124931099996999
-28.80859375     0.99994193672800002481
-28.71093750     0.99995553329999997683
-28.61328125     0.99997143049699999118
-28.51562500     0.99998935893200002756
-28.41796875     1.00000867449000008236
-28.32031250     1.00002860189999998042
-28.22265625     1.00004836312999989545
-28.12500000     1.00006720213999988900
-28.02734375     1.00008440430999989701
-27.92968750     1.00009930892000009628
-27.83203125     1.00011128887999989345
-27.73437500     1.00011980031000002889
-27.63671875     1.00012478020999995287
-27.53906250     1.00012680714000001814
-27.44140625     1.00012552324999992592
-27.34375000     1.00011926712000009942
-27.24609375     1.00010841348000001361
-27.14843750     1.00009461959000001130
-27.05078125     1.00007824936000000449
-26.95312500     1.00005950781000008121
-26.85546875     1.00003894690999994843
-26.75781250     1.00001722639000001358
-26.66015625     0.99999502043099997017
-26.56250000     0.99997300543300005060
-26.46484375     0.99995184641400003400
-26.36718750     0.99993217796300004618
-26.26953125     0.99991458515700004650
-26.17187500     0.99989959584300003304
-26.07421875     0.99988772342099996315
-25.97656250     0.99987937378100000263
-25.87890625     0.99987453233099998773
-25.78125000     0.99987260706299996293
-25.68359375     0.99987398313499997737
-25.58593750     0.99988018659599997573
-25.48828125     0.99989071688800001958
-25.39062500     0.99990410472000001985
-25.29296875     0.99992012617000003427
-25.19531250     0.99993862308799996708
-25.09765625     0.99995912412400000946
-25.00000000     0.99998107206399999836
-24.90234375     1.00000389480000007048
-24.80468750     1.00002700918000009267
-24.70703125     1.00004982981000001274
-24.60937500     1.00007178342999991649
-24.51171875     1.00009232349000010132
-24.41406250     1.00011094223000007730
-24.31640625     1.00012717926999994411
-24.21875000     1.00014062698999994794
-24.12109375     1.00015084658999997558
-24.02343750     1.00015766828999996818
-23.92578125     1.00016121567999993758
-23.82812500     1.00016205201000007996
-23.73046875     1.00015929388999991190
-23.63281250     1.00015175908999998100
-23.53515625     1.00014064273999991883
-23.43750000     1.00012684555000008757
-23.33984375     1.00011031826999996497
-23.24218750     1.00009127456999991068
-23.14453125     1.00007012227999991794
-23.04687500     1.00004730677999997823
-22.94921875     1.00002329017999991301
-22.85156250     0.99999855172200002862
-22.75390625     0.99997357977199996526
-22.65625000     0.99994886119399994939
-22.55859375     0.99992487125600004738
-22.46093750     0.99990206419500005097
-22.36328125     0.99988086453500002460
-22.26562500     0.99986165946500005219
-22.16796875     0.99984479166499995451
-22.07031250     0.99983056123900004852
-21.97265625     0.99981924861399995574
-21.87500000     0.99981112086000001327
-21.77734375     0.99980612195999996050
-21.67968750     0.99980385280700001527
-21.58203125     0.99980426578399994586
-21.48437500     0.99980846372300002933
-21.38671875     0.99981655617499998190
-21.28906250     0.99982735171600001234
-21.19140625     0.99984058686800003635
-21.09375000     0.99985627718500003080
-20.99609375     0.99987417215399998494
-20.89843750     0.99989393877199994609
-20.80078125     0.99991523112500002579
-20.70312500     0.99993768922899994855
-20.60546875     0.99996094020899994881
-20.50781250     0.99998460524199994648
-20.41015625     1.00000830680000007966
-20.31250000     1.00003167518000002367
-20.21484375     1.00005435437000000931
-20.11718750     1.00007600732999990534
-20.01953125     1.00009632045999996564
-19.92187500     1.00011500719000001602
-19.82421875     1.00013181051000010768
-19.72656250     1.00014650511000002808
-19.62890625     1.00015889406999991529
-19.53125000     1.00016879887000009752
-19.43359375     1.00017602004000005778
-19.33593750     1.00018060007999998184
-19.23828125     1.00018279057000003540
-19.14062500     1.00018281209000003962
-19.04296875     1.00017985915999996216
-18.94531250     1.00017355986999989526
-18.84765625     1.00016487166000000997
-18.75000000     1.00015408649000003827
-18.65234375     1.00014113736999998849
-18.55468750     1.00012617172000006782
-18.45703125     1.00010940983000007343
-18.35937500     1.00009107910999994751
-18.26171875     1.00007141488000006468
-18.16406250     1.00005066202000003628
-18.06640625     1.00002907196000001555
-17.96875000     1.00000689945999998720
-17.87109375     0.99998439968099994690
-17.77343750     0.99996182540300004860
-17.67578125     0.99993942422100001721
-17.57812500     0.99991743567599999931
-17.48046875     0.99989608841499999503
-17.38281250     0.99987559743999998574
-17.28515625     0.99985616158199996928
-17.18750000     0.99983796133699998077
-17.08984375     0.99982115720599995523
-16.99218750     0.99980588866499997547
-16.89453125     0.99979227372199996893
-16.79687500     0.99978040945699997444
-16.69921875     0.99977037405900004430
-16.60156250     0.99976222883700005539
-16.50390625     0.99975606073099998472
-16.40625000     0.99975187480500005144
-16.30859375     0.99974955216799998858
-16.21093750     0.99974875641899996204
-16.11328125     0.99974973914800002728
-16.01562500     0.99975307797400003729
-15.91796875     0.99975834696300003301
-15.82031250     0.99976507927400004583
-15.72265625     0.99977331153299997535
-15.62500000     0.99978301058800000956
-15.52734375     0.99979405122099995751
-15.42968750     0.99980629937400000706
-15.33203125     0.99981962125900003535
-15.23437500     0.99983387997100003908
-15.13671875     0.99984893614600001133
-15.03906250     0.99986464952800002681
-14.94140625     0.99988088008400000106
-14.84375000     0.99989748882800000285
-14.74609375     0.99991433855500000405
-14.64843750     0.99993129460600005398
-14.55078125     0.99994822573599995152
-14.45312500     0.99996500514800001902
-14.35546875     0.99998151167399995654
-14.25781250     0.99999763102999994491
-14.16015625     1.00001325701999999040
-14.06250000     1.00002829254999991981
-13.96484375     1.00004265028999994591
-13.86718750     1.00005625293999989012
-13.76953125     1.00006903312999995137
-13.67187500     1.00008093291999999863
-13.57421875     1.00009190320999996615
-13.47656250     1.00010190305000001842
-13.37890625     1.00011089912000006308
-13.28125000     1.00011886541999994726
-13.18359375     1.00012578307000010724
-13.08593750     1.00013164059000003725
-12.98828125     1.00013643320000000791
-12.89062500     1.00014014949999996418
-12.79296875     1.00014278417999991078
-12.69531250     1.00014440748000010828
-12.59765625     1.00014515452999996903
-12.50000000     1.00014508297000004333
-12.40234375     1.00014394046000010263
-12.30468750     1.00014171438999999175
-12.20703125     1.00013871448000002395
-12.10937500     1.00013499158999996652
-12.01171875     1.00013053054999989655
-11.91406250     1.00012537644999999209
-11.81640625     1.00011958530000000245
-11.71875000     1.00011321138999997871
-11.62109375     1.00010630981000003814
-11.52343750     1.00009893736999999625
-11.42578125     1.00009115208999999069
-11.32812500     1.00008301241999997266
-11.23046875     1.00007457642000008313
-11.13281250     1.00006590081999990893
-11.03515625     1.00005704008999996013
-10.93750000     1.00004804576000005945
-10.83984375     1.00003896604999997777
-10.74218750     1.00002984583000009700
-10.64453125     1.00002072690000010091
-10.54687500     1.00001164854999990972
-10.44921875     1.00000264815999995172
-10.35156250     0.99999376173900000886
-10.25390625     0.99998502416599999165
-10.15625000     0.99997646916899995961
-10.05859375     0.99996812892700004394
-9.96093750     0.99996003346600004225
-9.86328125     0.99995220996300004934
-9.76562500     0.99994468212099996141
-9.66796875     0.99993746976300001972
-9.57031250     0.99993058871600004611
-9.47265625     0.99992405100299996956
-9.37500000     0.99991786532000004328
-9.27734375     0.99991203769100001075
-9.17968750     0.99990657219000000921
-9.08203125     0.99990147159599995774
-8.98437500     0.99989673784999999473
-8.88671875     0.99989237225000004994
-8.78906250     0.99988837536700003739
-8.69140625     0.99988474672500005092
-8.59375000     0.99988148435500001643
-8.49609375     0.99987858436300003362
-8.39843750     0.99987604065400004227
-8.30078125     0.99987384485899999387
-8.20312500     0.99987198653099995660
-8.10546875     0.99987045387600004265
-8.00781250     0.99986923478099998253
-7.91015625     0.99986832296299998912
-7.81250000     0.99986770498599997214
-7.71484375     0.99986735504000001651
-7.61718750     0.99986722412600004262
-7.51953125     0.99986732978899994784
-7.42187500     0.99986773963300001888
-7.32421875     0.99986840747299998711
-7.22656250     0.99986927291799998496
-7.12890625     0.99987033911300005062
-7.03125000     0.99987160231500005203
-6.93359375     0.99987304604500004679
-6.83593750     0.99987465293800004140
-6.73828125     0.99987640722199999654
-6.64062500     0.99987829462300004124
-6.54296875     0.99988030250600001825
-6.44531250     0.99988242009799999099
-6.34765625     0.99988463834600005420
-6.25000000     0.99988694942900002705
-6.15234375     0.99988934604699997166
-6.05468750     0.99989182068799997705
-5.95703125     0.99989436505700002300
-5.85937500     0.99989696979999997950
-5.76171875     0.99989962461500003776
-5.66406250     0.99990231869699996992
-5.56640625     0.99990504142600000748
-5.46875000     0.99990778307799998981
-5.37109375     0.99991053540700003399
-5.27343750     0.99991329193599998160
-5.17578125     0.99991604790999999430
-5.07812500     0.99991879993400001325
-4.98046875     0.99992154539599997776
-4.88281250     0.99992428182799997227
-4.78515625     0.99992700632300002273
-4.68750000     0.99992971513299999664
-4.58984375     0.99993240350500001146
-4.49218750     0.99993506580299995612
-4.39453125     0.99993769587900005469
-4.29687500     0.99994028764900000361
-4.19921875     0.99994283577499998295
-4.10156250     0.99994533630799997681
-4.00390625     0.99994778713800003267
-3.90625000     0.99995018813500002874
-3.80859375     0.99995254088999996345
-3.71093750     0.99995484809699997086
-3.61328125     0.99995711270300002838
-3.51562500     0.99995933701200001575
-3.41796875     0.99996152198099996777
-3.32031250     0.99996366687000004525
-3.22265625     0.99996576932799996484
-3.12500000     0.99996782587199994907
-3.02734375     0.99996983262100003209
-2.92968750     0.99997178608799996979
-2.83203125     0.99997368383300000438
-2.73437500     0.99997552484899998593
-2.63671875     0.99997730961300002051
-2.53906250     0.99997903983799996119
-2.44140625     0.99998071799199994558
-2.34375000     0.99998234670700003601
-2.24609375     0.99998392818899994872
-2.14843750     0.99998546374999996988
-2.05078125     0.99998695356500000297
-1.95312500     0.99998839672899997311
-1.85546875     0.99998979163699996953
-1.75781250     0.99999113661299998679
-1.66015625     0.99999243064599996345
-1.56250000     0.99999367400700001074
-1.46484375     0.99999486855200003799
-1.36718750     0.99999601757599998475
-1.26953125     0.99999712523399997277
-1.17187500     0.99999819566699998941
-1.07421875     0.99999923209200003438
-0.97656250     1.00000023610999999590
-0.87890625     1.00000120743999998396
-0.78125000     1.00000214408999998916
-0.68359375     1.00000304298999997954
-0.58593750     1.00000390077999989913
-0.48828125     1.00000471456999995290
-0.39062500     1.00000548266000000019
-0.29296875     1.00000620494000003191
-0.19531250     1.00000688307999996418
-0.09765625     1.00000752047000007749
0.00000000     1.00000812188000010039
0.09765625     1.00000869265000003061
0.19531250     1.00000923776000005816
0.29296875     1.00000976058000001778
0.39062500     1.00001026217999999801
0.48828125     1.00001074117000010588
0.58593750     1.00001119453000009152
0.68359375     1.00001161899999990723
0.78125000     1.00001201255000005119
0.87890625     1.00001237516000007766
0.97656250     1.00001270873999992261
1.07421875     1.00001301658000008032
1.17187500     1.00001330243999997371
1.26953125     1.00001356977999988906
1.36718750     1.00001382132000005143
1.46484375     1.00001405887999994526
1.56250000     1.00001428340000009243
1.66015625     1.00001449477000003974
1.75781250     1.00001469160999989505
1.85546875     1.00001487147999990057
1.95312500     1.00001503147000003757
2.05078125     1.00001516913000010334
2.14843750     1.00001528356000002340
2.24609375     1.00001537596999989788
2.34375000     1.00001544994000002298
2.44140625     1.00001551127999999125
2.53906250     1.00001556672999991626
2.63671875     1.00001562188000003850
2.73437500     1.00001568008999996984
2.83203125     1.00001574276000004815
2.92968750     1.00001580964000003071
3.02734375     1.00001587885999998484
3.12500000     1.00001594717000008572
3.22265625     1.00001601046999999411
3.32031250     1.00001606370999995832
3.41796875     1.00001610103999993839
3.51562500     1.00001612227999991944
3.61328125     1.00001613337999994968
3.71093750     1.00001613999000005251
3.80859375     1.00001614697999996473
3.90625000     1.00001615867000004378
4.00390625     1.00001617691999999948
4.10156250     1.00001620089999998520
4.19921875     1.00001622981999993556
4.29687500     1.00001626266999998904
4.39453125     1.00001629711999995287
4.49218750     1.00001633034000003697
4.58984375     1.00001636045000008579
4.68750000     1.00001638713000007286
4.78515625     1.00001641131000007512
4.88281250     1.00001643478000001863
4.98046875     1.00001646060999993537
5.07812500     1.00001649322999996983
5.17578125     1.00001653657000000308
5.27343750     1.00001659203999992975
5.37109375     1.00001665917999993383
5.46875000     1.00001673759999998303
5.56640625     1.00001682818999992897
5.66406250     1.00001693401000002481
5.76171875     1.00001706120999989125
5.85937500     1.00001721998999992813
5.95703125     1.00001742612000010801
6.05468750     1.00001770381999999238
6.15234375     1.00001808939999992099
6.25000000     1.00001863857000006242
6.34765625     1.00001943413999994092
6.44531250     1.00002059204000004478
6.54296875     1.00002227011999988981
6.64062500     1.00002467966000008204
6.73828125     1.00002810193999991384
6.83593750     1.00003291338999988902
6.93359375     1.00003963135999995870
7.03125000     1.00004896641000007307
7.12890625     1.00006187391000000986
7.22656250     1.00007962522999993560
7.32421875     1.00010389733000004675
7.42187500     1.00013688121999999581
7.51953125     1.00018141571999996664
7.61718750     1.00024115080999997929
7.71484375     1.00032074474999999047
7.81250000     1.00042609855999997670
7.91015625     1.00056463104000004094
8.00781250     1.00074559550999997448
8.10546875     1.00098043748999998570
8.20312500     1.00128319373999996600
8.30078125     1.00167093209999991110
8.39843750     1.00216422647999992002
8.49609375     1.00278765464000008123
8.59375000     1.00357030520000001239
8.69140625     1.00454627850999989036
8.78906250     1.00575515803999993025
8.88671875     1.00724242296000010555
8.98437500     1.00905977234000010512
9.08203125     1.01126532068999996916
9.17968750     1.01392361239999995171
9.27734375     1.01710542555000005294
9.37500000     1.02088740338999994783
9.47265625     1.02535135935000010221
9.57031250     1.03058307462999998450
9.66796875     1.03667079069999990004
9.76562500     1.04370345076000003992
9.86328125     1.05176852109000007474
9.96093750     1.06094939500999996262
10.05859375     1.07132242492999996131
10.15625000     1.08295364063999999260
10.25390625     1.09589524749999989162
10.35156250     1.11018200322000004654
10.44921875     1.12582759693000000745
10.54687500     1.14282117556999995855
10.64453125     1.16112416700000009584
10.74218750     1.18066754063000001196
10.83984375     1.20134965841000007636
10.93750000     1.22303492517999989886
11.03515625     1.24555345077999990444
11.13281250     1.26870177715999998824
11.23046875     1.29224459820999992843
11.32812500     1.31591760197000007260
11.42578125     1.33943174655000007967
11.52343750     1.36247878246999998275
11.62109375     1.38473730289000007687
11.71875000     1.40587943446000007697
11.81640625     1.42557923346999992908
11.91406250     1.44352203477999996295
12.01171875     1.45941148878000004352
12.10937500     1.47297104706999992807
12.20703125     1.48394462091000001180
12.30468750     1.49207030328000000985
12.40234375     1.49724600012000008675
12.50000000     1.49969041092999999520
12.59765625     1.49948753453000005464
12.69531250     1.49598493229000006899
12.79296875     1.48896704956000003328
12.89062500     1.47923705795000004493
12.98828125     1.46701620630000006962
13.08593750     1.45234161912000003802
13.18359375     1.43545199534000000874
13.28125000     1.41664108583000003527
13.37890625     1.39621709077000000221
13.47656250     1.37450122655000006588
13.57421875     1.35182141933999999672
13.67187500     1.32850386010000010018
13.76953125     1.30486530066999995014
13.86718750     1.28120624654000003773
13.96484375     1.25780509175000010380
14.06250000     1.23491333412000003911
14.16015625     1.21275196023000009227
14.25781250     1.19150902772000000240
14.35546875     1.17133842102999996548
14.45312500     1.15235971295000005910
14.55078125     1.13465902720999989306
14.64843750     1.11829076559000006874
14.74609375     1.10328004278000002536
14.84375000     1.08962566575000008307
14.94140625     1.07730349437999994855
15.03906250     1.06627001827000000844
15.13671875     1.05646599458999990162
15.23437500     1.04782001825999993017
15.33203125     1.04025191602999989016
15.42968750     1.03367586808000000431
15.52734375     1.02800320759000007875
15.62500000     1.02314487917999996647
15.72265625     1.01901350985999994414
15.82031250     1.01552509946000002472
15.91796875     1.01260026511999989829
16.01562500     1.01016502267000007897
16.11328125     1.00815137370000007522
16.21093750     1.00649772156999994799
16.30859375     1.00514896042999990478
16.40625000     1.00405633496000001870
16.50390625     1.00317717585000010239
16.60156250     1.00247453035000000376
16.69921875     1.00191671661000003546
16.79687500     1.00147683403999998575
16.89453125     1.00113225538999994768
16.99218750     1.00086412096999999299
17.08984375     1.00065685068999998819
17.18750000     1.00049768526000004698
17.28515625     1.00037626418000002992
17.38281250     1.00028424478999999891
17.48046875     1.00021496432000001064
17.57812500     1.00016314448000009918
17.67578125     1.00012463706000009900
17.77343750     1.00009620752999994764
17.87109375     1.00007535335999997450
17.96875000     1.00006015328999997571
18.06640625     1.00004914350000007062
18.16406250     1.00004121741999996154
18.26171875     1.00003554525000004638
18.35937500     1.00003150688000008728
18.45703125     1.00002864305000005452
18.55468750     1.00002661854999996827
18.65234375     1.00002518939000006881
18.75000000     1.00002417909999996581
18.84765625     1.00002346139000009018
18.94531250     1.00002294602000008084
19.04296875     1.00002256846999992845
19.14062500     1.00002228363999989824
19.23828125     1.00002206030000007075
19.33593750     1.00002187689999999520
19.43359375     1.00002171868000000465
19.53125000     1.00002157560999993535
19.62890625     1.00002144094999989576
19.72656250     1.00002131022999996013
19.82421875     1.00002118050000010641
19.92187500     1.00002104984999995452
20.01953125     1.00002091706000006965
20.11718750     1.00002078136999994484
20.21484375     1.00002064229999998446
20.31250000     1.00002049958999994494
20.41015625     1.00002035308000003511
20.50781250     1.00002020267000002463
20.60546875     1.00002004834999991267
20.70312500     1.00001989007999991799
20.80078125     1.00001972787000004139
20.89843750     1.00001956172000006084
20.99609375     1.00001939163999997717
21.09375000     1.00001921761000001077
21.19140625     1.00001903964999994123
21.28906250     1.00001885773999998896
21.38671875     1.00001867187999993192
21.48437500     1.00001848203999998965
21.58203125     1.00001828820999993930
21.67968750     1.00001809038000000207
21.77734375     1.00001788849999995179
21.87500000     1.00001768257000001050
21.97265625     1.00001747254999995285
22.07031250     1.00001725839999999756
22.16796875     1.00001704009999992095
22.26562500     1.00001681760999994175
22.36328125     1.00001659090000005747
22.46093750     1.00001635993000004277
22.55859375     1.00001612466999989515
22.65625000     1.00001588508000005540
22.75390625     1.00001564112000007611
22.85156250     1.00001539274999995399
22.94921875     1.00001513994999990942
23.04687500     1.00001488265999993743
23.14453125     1.00001462087000003720
23.24218750     1.00001435451999998172
23.33984375     1.00001408358999999137
23.43750000     1.00001380805000006369
23.53515625     1.00001352784999997247
23.63281250     1.00001324295999993730
23.73046875     1.00001295335999995650
23.82812500     1.00001265901000002678
23.92578125     1.00001235987999992361
24.02343750     1.00001205594000008858
24.12109375     1.00001174718000007680
24.21875000     1.00001143356000010698
24.31640625     1.00001111505999995543
24.41406250     1.00001079166000006460
24.51171875     1.00001046332999998789
24.60937500     1.00001013007999994819
24.70703125     1.00000979185999994137
24.80468750     1.00000944867999996823
24.90234375     1.00000910050000002549
