-50.00000000     0.99999663927399995433
-49.90234375     0.99999651986699999995
-49.80468750     0.99999639177300003734
-49.70703125     0.99999625567299998963
-49.60937500     0.99999611241200003775
-49.51171875     0.99999596301799997811
-49.41406250     0.99999580872799997966
-49.31640625     0.99999565100999998624
-49.21875000     0.99999549158500000701
-49.12109375     0.99999533244299998458
-49.02343750     0.99999517586200004082
-48.92578125     0.99999502442300003402
-48.82812500     0.99999488103099998249
-48.73046875     0.99999474899499996017
-48.63281250     0.99999463202700000775
-48.53515625     0.99999453317800002239
-48.43750000     0.99999445509100004514
-48.33984375     0.99999440877099998737
-48.24218750     0.99999440201500000569
-48.14453125     0.99999443166400003857
-48.04687500     0.99999450230800002171
-47.94921875     0.99999462416499995676
-47.85156250     0.99999480600000001385
-47.75390625     0.99999505559900003782
-47.65625000     0.99999538000300003393
-47.55859375     0.99999578732799998537
-47.46093750     0.99999628628899994709
-47.36328125     0.99999688594199998004
-47.26562500     0.99999759555300005154
-47.16796875     0.99999842455400000940
-47.07031250     0.99999938246800001984
-46.97265625     1.00000047881000009298
-46.87500000     1.00000172297000000654
-46.77734375     1.00000312410000002927
-46.67968750     1.00000469091999999449
-46.58203125     1.00000643159999991205
-46.48437500     1.00000835349999994683
-46.38671875     1.00001046305999996555
-46.28906250     1.00001276551999995768
-46.19140625     1.00001526473000001971
-46.09375000     1.00001796287000010999
-45.99609375     1.00002086020000002797
-45.89843750     1.00002395478000005724
-45.80078125     1.00002724219000005412
-45.70312500     1.00003071527000009233
-45.60546875     1.00003436379999999239
-45.50781250     1.00003817427999996958
-45.41015625     1.00004212963999994379
-45.31250000     1.00004620900999996458
-45.21484375     1.00005038753999997425
-45.11718750     1.00005463622000001500
-45.01953125     1.00005892177999999859
-44.92187500     1.00006320664999992509
-44.82421875     1.00006744897000010575
-44.72656250     1.00007160271000006269
-44.62890625     1.00007561786000009896
-44.53125000     1.00007944085000000101
-44.43359375     1.00008301498999996326
-44.33593750     1.00008627999000010433
-44.23828125     1.00008917093999993853
-44.14062500     1.00009163233999998077
-44.04296875     1.00009365632000002400
-43.94531250     1.00009515563999995535
-43.84765625     1.00009585819999990974
-43.75000000     1.00009581163000005333
-43.65234375     1.00009516865999992241
-43.55468750     1.00009382686999992451
-43.45703125     1.00009169213000004284
-43.35937500     1.00008870113999992491
-43.26171875     1.00008485422000004128
-43.16406250     1.00008016157999990448
-43.06640625     1.00007463796000006795
-42.96875000     1.00006831289000008844
-42.87109375     1.00006123266000002126
-42.77343750     1.00005346075000001171
-42.67578125     1.00004507788000007729
-42.57812500     1.00003618173000008440
-42.48046875     1.00002688608999990016
-42.38281250     1.00001731972999996501
-42.28515625     1.00000762469000004096
-42.18750000     0.99999795381300005115
-42.08984375     0.99998846754199999243
-41.99218750     0.99997932985199999845
-41.89453125     0.99997070341799998427
-41.79687500     0.99996274417899999598
-41.69921875     0.99995559682199997020
-41.60156250     0.99994939095599999490
-41.50390625     0.99994421689599999326
-41.40625000     0.99994006291500003858
-41.30859375     0.99993697486400001662
-41.21093750     0.99993528919899998808
-41.11328125     0.99993499150499998152
-41.01562500     0.99993564104599996778
-40.91796875     0.99993715767699997699
-40.82031250     0.99993968034500002595
-40.72265625     0.99994318675000004593
-40.62500000     0.99994754412599995419
-40.52734375     0.99995261325800000041
-40.42968750     0.99995825592400000570
-40.33203125     0.99996434695299996065
-40.23437500     0.99997078592900001670
-40.13671875     0.99997749874499997080
-40.03906250     0.99998442814300003700
-39.94140625     0.99999152224400000843
-39.84375000     0.99999872685000001926
-39.74609375     1.00000598103999993604
-39.64843750     1.00001321303999990420
-39.55078125     1.00002033468000006700
-39.45312500     1.00002723837999996093
-39.35546875     1.00003381797999990610
-39.25781250     1.00004004179999994584
-39.16015625     1.00004594752000008917
-39.06250000     1.00005099660999996480
-38.96484375     1.00005379018999995822
-38.86718750     1.00005426008999998011
-38.76953125     1.00005339172000007331
-38.67187500     1.00005119392000008105
-38.57421875     1.00004735198999994417
-38.47656250     1.00004253766999995356
-38.37890625     1.00003857820000008338
-38.28125000     1.00003661366000007327
-38.18359375     1.00003617389000010185
-38.08593750     1.00003676636000005118
-37.98828125     1.00003815299999998523
-37.89062500     1.00003910955000008265
-37.79296875     1.00003892465000010503
-37.69531250     1.00003635140999991293
-37.59765625     1.00002814849999999147
-37.50000000     1.00001154058000008007
-37.40234375     0.99998884089799999764
-37.30468750     0.99996615471000005471
-37.20703125     0.99994984772700001852
-37.10937500     0.99994275618899997049
-37.01171875     0.99994197105200000042
-36.91406250     0.99995110704099998689
-36.81640625     0.99997914850600000403
-36.71875000     1.00002019013000009728
-36.62109375     1.00006022093000002116
-36.52343750     1.00009124278999994573
-36.42578125     1.00011061371999998570
-36.32812500     1.00011928699999996795
-36.23046875     1.00011984439999990215
-36.13281250     1.00010826686000009467
-36.03515625     1.00008211229000010256
-35.93750000     1.00005065002999993240
-35.83984375     1.00002033350999997019
-35.74218750     0.99999215289999998646
-35.64453125     0.99996663409300001746
-35.54687500     0.99994445695400002716
-35.44921875     0.99992614045999994588
-35.35156250     0.99991212847999999536
-35.25390625     0.99990263009699997809
-35.15625000     0.99989745736299995293
-35.05859375     0.99989575441599998218
-34.96093750     0.99989823952699996568
-34.86328125     0.99990654304500004024
-34.76562500     0.99991923331800003361
-34.66796875     0.99993449124900002367
-34.57031250     0.99995201313100001705
-34.47265625     0.99997134490499994808
-34.37500000     0.99999181472900000589
-34.27734375     1.00001277574999991593
-34.17968750     1.00003365005000000032
-34.08203125     1.00005391767000006986
-33.98437500     1.00007311500999995779
-33.88671875     1.00009084196000008760
-33.78906250     1.00010677191000008079
-33.69140625     1.00012065952000006597
-33.59375000     1.00013233857000005678
-33.49609375     1.00014171292000009217
-33.39843750     1.00014870216999995911
-33.30078125     1.00015336674999999467
-33.20312500     1.00015591000999992666
-33.10546875     1.00015675647000001902
-33.00781250     1.00015568606000004870
-32.91015625     1.00015217160999991819
-32.81250000     1.00014681032999996901
-32.71484375     1.00014016888000001337
-32.61718750     1.00013225503000002803
-32.51953125     1.00012317935000005775
-32.42187500     1.00011313805999990656
-32.32421875     1.00010232503000007220
-32.22656250     1.00009092191000004135
-32.12890625     1.00007910061000004909
-32.03125000     1.00006702286999993312
-31.93359375     1.00005484066000005505
-31.83593750     1.00004269776000009884
-31.73828125     1.00003073149000010211
-31.64062500     1.00001907407999990340
-31.54296875     1.00000785403999992162
-31.44531250     0.99999719708900003390
-31.34765625     0.99998722625699998368
-31.25000000     0.99997806342399997437
-31.15234375     0.99996983635000002977
-31.05468750     0.99996269385600000668
-30.95703125     0.99995682637500005185
-30.85937500     0.99995248051600005290
-30.76171875     0.99994988306999998962
-30.66406250     0.99994906126500004984
-30.56640625     0.99995081360299997719
-30.46875000     0.99995629978800004700
-30.37109375     0.99996615650499998118
-30.27343750     0.99998145581499997547
-30.17578125     1.00000388215999991282
-30.07812500     1.00003554457999999094
-29.98046875     1.00007922055999998179
-29.88281250     1.00013856948000001701
-29.78515625     1.00021821764000007349
-29.68750000     1.00032401820999994335
-29.58984375     1.00046334050000007565
-29.49218750     1.00064538626999999238
-29.39453125     1.00088155015999991093
-29.29687500     1.00118582055999993941
-29.19921875     1.00157521878999999920
-29.10156250     1.00207027406000004355
-29.00390625     1.00269552296000008518
-28.90625000     1.00348001454000002042
-28.80859375     1.00445780469999990103
-28.71093750     1.00566842655999999501
-28.61328125     1.00715731162000010634
-28.51562500     1.00897611776000006856
-28.41796875     1.01118291694999995478
-28.32031250     1.01384220811000003160
-28.22265625     1.01702473742000010226
-28.12500000     1.02080713116999999279
-28.02734375     1.02527117281999990972
-27.92968750     1.03050260256999992592
-27.83203125     1.03658964033999989596
-27.73437500     1.04362122994000006138
-27.63671875     1.05168484886999991090
-27.53906250     1.06086390644000005956
-27.44140625     1.07123477493999996746
-27.34375000     1.08286351420000004353
-27.24609375     1.09580237444000005986
-27.14843750     1.11008617252999997049
-27.05078125     1.12572867006999999262
-26.95312500     1.14271910054999992212
-26.85546875     1.16101899223000004646
-26.75781250     1.18055942445999995094
-26.66015625     1.20123887465000001029
-26.56250000     1.22292187026999998878
-26.46484375     1.24543864884999999632
-26.36718750     1.26858586745999990519
-26.26953125     1.29212830943000001049
-26.17187500     1.31580174853999998241
-26.07421875     1.33931725287999991991
-25.97656250     1.36236667098999997272
-25.87890625     1.38462860913999996626
-25.78125000     1.40577514816000004316
-25.68359375     1.42548036673000000363
-25.58593750     1.44342968081000000424
-25.48828125     1.45932664636000009040
-25.39062500     1.47289442790000002503
-25.29296875     1.48387700625999996440
-25.19531250     1.49201264265999999914
-25.09765625     1.49719857220000007736
-25.00000000     1.49965122458999999822
-24.90234375     1.49945744491999999326
-24.80468750     1.49596755288000005102
-24.70703125     1.48895996658999996143
-24.60937500     1.47923813923000002646
-24.51171875     1.46702555275000001700
-24.41406250     1.45235872448000002954
-24.31640625     1.43547594352999996481
-24.21875000     1.41667087635999999762
-24.12109375     1.39625168276000000134
-24.02343750     1.37453954898000008100
-23.92578125     1.35186239741999991715
-23.82812500     1.32854644304000002464
-23.73046875     1.30490848623999999845
-23.63281250     1.28124910196000008078
-23.53515625     1.25784677030000002773
-23.43750000     1.23495308720000007696
-23.33984375     1.21278914510999991094
-23.24218750     1.19154311201999996150
-23.14453125     1.17136898404999989509
-23.04687500     1.15238644320999994441
-22.94921875     1.13468171598000000522
-22.85156250     1.11830929839000003945
-22.75390625     1.10329439062999989929
-22.65625000     1.08963587569999997839
-22.55859375     1.07730967761999996135
-22.46093750     1.06627233790000008895
-22.36328125     1.05646465575999992659
-22.26562500     1.04781525849000001216
-22.16796875     1.04024399616000007285
-22.07031250     1.03366506739000008075
-21.97265625     1.02798981747999995662
-21.87500000     1.02312918591000001634
-21.77734375     1.01899577373999994379
-21.67968750     1.01550552996999998712
-21.58203125     1.01257904212000005018
-21.48437500     1.01014235564999999006
-21.38671875     1.00812748071000002348
-21.28906250     1.00647278511999993533
-21.19140625     1.00512313548000009611
-21.09375000     1.00402975866999999432
-20.99609375     1.00314996806000000795
-20.89843750     1.00244679424999993955
-20.80078125     1.00188854026999996094
-20.70312500     1.00144829199000007236
-20.60546875     1.00110341017000004094
-20.50781250     1.00083502463999995946
-20.41015625     1.00062754631000006000
-20.31250000     1.00046820820000004204
-20.21484375     1.00034664335999989859
-20.11718750     1.00025450375999991337
-20.01953125     1.00018512219999999857
-19.92187500     1.00013321681999989288
-19.82421875     1.00009463651000007900
-19.72656250     1.00006614445000008295
-19.62890625     1.00004523634000008769
-19.53125000     1.00002998948999999307
-19.43359375     1.00001893905000005525
-19.33593750     1.00001097742999989215
-19.23828125     1.00000527433000008237
-19.14062500     1.00000120972999995139
-19.04296875     0.99999832399999999399
-18.94531250     0.99999628145599994689
-18.84765625     0.99999483794900001499
-18.75000000     0.99999381692800004551
-18.65234375     0.99999309193499996695
-18.55468750     0.99999257276800002092
-18.45703125     0.99999219512399994958
-18.35937500     0.99999191391499997472
-18.26171875     0.99999169797800002701
-18.16406250     0.99999152582600003836
-18.06640625     0.99999138276199994735
-17.96875000     0.99999125884200001924
-17.87109375     0.99999114740799999179
-17.77343750     0.99999104405899996717
-17.67578125     0.99999094592699999673
-17.57812500     0.99999085118200004008
-17.48046875     0.99999075868099995823
-17.38281250     0.99999066774000000546
-17.28515625     0.99999057796900003847
-17.18750000     0.99999048916900001860
-17.08984375     0.99999040126100002812
-16.99218750     0.99999031423799999985
-16.89453125     0.99999022813799998133
-16.79687500     0.99999014302099997753
-16.69921875     0.99999005896000003890
-16.60156250     0.99998997603200001638
-16.50390625     0.99998989431200002720
-16.40625000     0.99998981387499996654
-16.30859375     0.99998973479200004011
-16.21093750     0.99998965712800003125
-16.11328125     0.99998958094500001170
-16.01562500     0.99998950630000005280
-15.91796875     0.99998943324400002552
-15.82031250     0.99998936182800002292
-15.72265625     0.99998929209599995982
-15.62500000     0.99998922409000001732
-15.52734375     0.99998915784899999881
-15.42968750     0.99998909340999997397
-15.33203125     0.99998903080699996782
-15.23437500     0.99998897007099996070
-15.13671875     0.99998891123199995512
-15.03906250     0.99998885431799999779
-14.94140625     0.99998879935499995764
-14.84375000     0.99998874636799994775
-14.74609375     0.99998869538000001445
-14.64843750     0.99998864641200002623
-14.55078125     0.99998859948600005154
-14.45312500     0.99998855462100000313
-14.35546875     0.99998851183399994902
-14.25781250     0.99998847114199995723
-14.16015625     0.99998843256199998475
-14.06250000     0.99998839610800005495
-13.96484375     0.99998836179600003593
-13.86718750     0.99998832963899997317
-13.76953125     0.99998829965199997893
-13.67187500     0.99998827184200000939
-13.57421875     0.99998824621000004242
-13.47656250     0.99998822275999998954
-13.37890625     0.99998820151099998554
-13.28125000     0.99998818251300003457
-13.18359375     0.99998816581299998507
-13.08593750     0.99998815137700003408
-12.98828125     0.99998813903399996761
-12.89062500     0.99998812860899999322
-12.79296875     0.99998812037800000052
-12.69531250     0.99998811497700001993
-12.59765625     0.99998811238200002727
-12.50000000     0.99998811170400003778
-12.40234375     0.99998811239899998426
-12.30468750     0.99998811502300000154
-12.20703125     0.99998812045800000714
-12.10937500     0.99998812872300002486
-12.01171875     0.99998813917600004597
-11.91406250     0.99998815155099995966
-11.81640625     0.99998816602399998033
-11.71875000     0.99998818276500001101
-11.62109375     0.99998820180900005461
-11.52343750     0.99998822310799995172
-11.42578125     0.99998824661600005381
-11.32812500     0.99998827231200004828
-11.23046875     0.99998830019499995725
-11.13281250     0.99998833026500000276
-11.03515625     0.99998836251599998448
-10.93750000     0.99998839693599994582
-10.83984375     0.99998843351199995233
-10.74218750     0.99998847223099995851
-10.64453125     0.99998851308100000779
-10.54687500     0.99998855605000003255
-10.44921875     0.99998860112300003156
-10.35156250     0.99998864828599998145
-10.25390625     0.99998869752399999200
-10.15625000     0.99998874882099997308
-10.05859375     0.99998880216099994556
-9.96093750     0.99998885752699995244
-9.86328125     0.99998891490200003673
-9.76562500     0.99998897426699995261
-9.66796875     0.99998903560499996512
-9.57031250     0.99998909889599996159
-9.47265625     0.99998916412000005138
-9.37500000     0.99998923125700001080
-9.27734375     0.99998930028699994921
-9.17968750     0.99998937118899999810
-9.08203125     0.99998944394099997801
-8.98437500     0.99998951852200002044
-8.88671875     0.99998959490799999017
-8.78906250     0.99998967307700004081
-8.69140625     0.99998975300699999291
-8.59375000     0.99998983467299995542
-8.49609375     0.99998991805100001518
-8.39843750     0.99999000311800001484
-8.30078125     0.99999008984799997446
-8.20312500     0.99999017821699998088
-8.10546875     0.99999026819900005414
-8.00781250     0.99999035976999994801
-7.91015625     0.99999045290199994884
-7.81250000     0.99999054757100003243
-7.71484375     0.99999064375000001892
-7.61718750     0.99999074141199995047
-7.51953125     0.99999084053099995817
-7.42187500     0.99999094107999997316
-7.32421875     0.99999104303200003763
-7.22656250     0.99999114635999997169
-7.12890625     0.99999125103599995068
-7.03125000     0.99999135703300001676
-6.93359375     0.99999146432300001219
-6.83593750     0.99999157287899997915
-6.73828125     0.99999168267299998192
-6.64062500     0.99999179367599999591
-6.54296875     0.99999190586200004116
-6.44531250     0.99999201920199998206
-6.34765625     0.99999213366799999392
-6.25000000     0.99999224923200003001
-6.15234375     0.99999236586600004362
-6.05468750     0.99999248354299996588
-5.95703125     0.99999260223300001638
-5.85937500     0.99999272190999999310
-5.76171875     0.99999284254499998248
-5.66406250     0.99999296411000004881
-5.56640625     0.99999308657700003433
-5.46875000     0.99999320991999995911
-5.37109375     0.99999333410900004271
-5.27343750     0.99999345911799997211
-5.17578125     0.99999358491900003365
-5.07812500     0.99999371148500004747
-4.98046875     0.99999383878799996683
-4.88281250     0.99999396680099994494
-4.78515625     0.99999409549800000185
-4.68750000     0.99999422485099997981
-4.58984375     0.99999435483300003202
-4.49218750     0.99999448541900004539
-4.39453125     0.99999461658099997319
-4.29687500     0.99999474829400003539
-4.19921875     0.99999488053100005214
-4.10156250     0.99999501326700002135
-4.00390625     0.99999514647499998521
-3.90625000     0.99999528013000005267
-3.80859375     0.99999541420699999961
-3.71093750     0.99999554868100004601
-3.61328125     0.99999568352699996776
-3.51562500     0.99999581871999998484
-3.41796875     0.99999595423499998414
-3.32031250     0.99999609004800005252
-3.22265625     0.99999622613500005475
-3.12500000     0.99999636247199996664
-3.02734375     0.99999649903599996392
-2.92968750     0.99999663580200004454
-2.83203125     0.99999677274800002902
-2.73437500     0.99999690985000000421
-2.63671875     0.99999704708600001268
-2.53906250     0.99999718443399998602
-2.44140625     0.99999732187000001105
-2.34375000     0.99999745937200001933
-2.24609375     0.99999759692000000921
-2.14843750     0.99999773448999995651
-2.05078125     0.99999787206299994846
-1.95312500     0.99999800961600004978
-1.85546875     0.99999814712500001423
-1.75781250     0.99999828456100003926
-1.66015625     0.99999842191099996835
-1.56250000     0.99999855919400004733
-1.46484375     0.99999869645600003576
-1.36718750     0.99999883369599995575
-1.26953125     0.99999897078699995223
-1.17187500     0.99999910752999998653
-1.07421875     0.99999924379799998153
-0.97656250     0.99999937962300000649
-0.87890625     0.99999951516600005252
-0.78125000     0.99999965060999995714
-0.68359375     0.99999978605200001702
-0.58593750     0.99999992144600002852
-0.48828125     1.00000005664000002348
-0.39062500     1.00000019148000007796
-0.29296875     1.00000032583000009190
-0.19531250     1.00000045965000006198
-0.09765625     1.00000059298999999235
0.00000000     1.00000072590000010919
0.09765625     1.00000085841999997172
0.19531250     1.00000099057000002567
0.29296875     1.00000112233000004736
0.39062500     1.00000125365000003264
0.48828125     1.00000138448999997820
0.58593750     1.00000151481000010278
0.68359375     1.00000164460999996230
0.78125000     1.00000177386999999918
0.87890625     1.00000190258999999138
0.97656250     1.00000203074999993724
1.07421875     1.00000215834000005799
1.17187500     1.00000228534999990870
1.26953125     1.00000241175999993182
1.36718750     1.00000253755999990446
1.46484375     1.00000266272000004619
1.56250000     1.00000278723999991293
1.66015625     1.00000291109999994710
1.75781250     1.00000303428999992583
1.85546875     1.00000315679000006952
1.95312500     1.00000327859999993407
2.05078125     1.00000339968999996110
2.14843750     1.00000352006999992938
2.24609375     1.00000363970000005764
2.34375000     1.00000375858999990264
2.44140625     1.00000387670999990597
2.53906250     1.00000399407000006846
2.63671875     1.00000411062999994272
2.73437500     1.00000422639999997365
2.83203125     1.00000434135999993757
2.92968750     1.00000445550000005568
3.02734375     1.00000456880000010429
3.12500000     1.00000468126000008340
3.22265625     1.00000479286999999218
3.32031250     1.00000490361000005102
3.41796875     1.00000501348000003787
3.51562500     1.00000512244999995026
3.61328125     1.00000523053000001106
3.71093750     1.00000533770999999739
3.80859375     1.00000544395999990677
3.90625000     1.00000554927999996124
4.00390625     1.00000565366999993877
4.10156250     1.00000575711000005974
4.19921875     1.00000585959000010128
4.29687500     1.00000596111000006339
4.39453125     1.00000606164999994441
4.49218750     1.00000616120999996639
4.58984375     1.00000625976999990563
4.68750000     1.00000635731999998335
4.78515625     1.00000645386999997832
4.88281250     1.00000654940000011095
4.98046875     1.00000664389999993631
5.07812500     1.00000673735999989766
5.17578125     1.00000682977999999501
5.27343750     1.00000692115000000548
5.37109375     1.00000701144999992742
5.46875000     1.00000710068999998370
5.56640625     1.00000718885999995145
5.66406250     1.00000727594000005105
5.76171875     1.00000736193000006047
5.85937500     1.00000744682999997970
5.95703125     1.00000753062000002913
6.05468750     1.00000761330999998755
6.15234375     1.00000769487000007452
6.25000000     1.00000777532000006964
6.34765625     1.00000785462999997044
6.44531250     1.00000793280999999979
6.54296875     1.00000800984999993481
6.64062500     1.00000808573999999673
6.73828125     1.00000816047999996350
6.83593750     1.00000823406000005633
6.93359375     1.00000830647000005236
7.03125000     1.00000837771999995240
7.12890625     1.00000844778999997686
7.22656250     1.00000851667999990369
7.32421875     1.00000858437999995409
7.42187500     1.00000865089999990687
7.51953125     1.00000871621999998240
7.61718750     1.00000878033999995864
7.71484375     1.00000884326000005764
7.81250000     1.00000890498000005735
7.91015625     1.00000896546999995529
8.00781250     1.00000902475999997598
8.10546875     1.00000908281999989491
8.20312500     1.00000913965999993493
8.30078125     1.00000919527000009523
8.39843750     1.00000924964999993172
8.49609375     1.00000930280000011052
8.59375000     1.00000935470999996468
8.69140625     1.00000940536999993746
8.78906250     1.00000945479000002969
8.88671875     1.00000950296000001849
8.98437500     1.00000954988999990469
9.08203125     1.00000959554999990786
9.17968750     1.00000963997000003047
9.27734375     1.00000968312000004801
9.37500000     1.00000972500999996129
9.47265625     1.00000976562999999153
9.57031250     1.00000980498999991752
9.66796875     1.00000984307999996048
9.76562500     1.00000987989999989836
9.86328125     1.00000991543999995237
9.96093750     1.00000994970999990130
10.05859375     1.00000998270999996720
10.15625000     1.00001001441999992636
10.25390625     1.00001004485000000166
10.35156250     1.00001007399999997105
10.44921875     1.00001010186000005575
10.54687500     1.00001012844000003454
10.64453125     1.00001015372999990660
10.74218750     1.00001017772999989397
10.83984375     1.00001020043999999665
10.93750000     1.00001022185999999259
11.03515625     1.00001024199000010384
11.13281250     1.00001026083000010836
11.23046875     1.00001027836000000448
11.32812500     1.00001029460000001592
11.42578125     1.00001030954999992062
11.52343750     1.00001032321999994146
11.62109375     1.00001033559000007678
11.71875000     1.00001034664000010288
11.81640625     1.00001035634000001728
11.91406250     1.00001036471000004369
12.01171875     1.00001037184999996832
12.10937500     1.00001037790000002481
12.20703125     1.00001038269999997787
12.30468750     1.00001038587000001812
12.40234375     1.00001038738999992184
12.50000000     1.00001038778999995493
12.59765625     1.00001038738999992184
12.69531250     1.00001038587000001812
12.79296875     1.00001038269999997787
12.89062500     1.00001037790000002481
12.98828125     1.00001037184999996832
13.08593750     1.00001036471000004369
13.18359375     1.00001035634000001728
13.28125000     1.00001034664000010288
13.37890625     1.00001033559000007678
13.47656250     1.00001032321999994146
13.57421875     1.00001030954999992062
13.67187500     1.00001029460000001592
13.76953125     1.00001027836000000448
13.86718750     1.00001026083000010836
13.96484375     1.00001024199000010384
14.06250000     1.00001022185999999259
14.16015625     1.00001020043999999665
14.25781250     1.00001017772999989397
14.35546875     1.00001015372999990660
14.45312500     1.00001012844000003454
14.55078125     1.00001010186000005575
14.64843750     1.00001007399999997105
14.74609375     1.00001004485000000166
14.84375000     1.00001001441999992636
14.94140625     1.00000998270999996720
15.03906250     1.00000994970999990130
15.13671875     1.00000991543999995237
15.23437500     1.00000987989999989836
15.33203125     1.00000984307999996048
15.42968750     1.00000980498999991752
15.52734375     1.00000976562999999153
15.62500000     1.00000972500999996129
15.72265625     1.00000968312000004801
15.82031250     1.00000963997000003047
15.91796875     1.00000959554999990786
16.01562500     1.00000954988999990469
16.11328125     1.00000950296000001849
16.21093750     1.00000945479000002969
16.30859375     1.00000940536999993746
16.40625000     1.00000935470999996468
16.50390625     1.00000930280000011052
16.60156250     1.00000924964999993172
16.69921875     1.00000919527000009523
16.79687500     1.00000913965999993493
16.89453125     1.00000908281999989491
16.99218750     1.00000902475999997598
17.08984375     1.00000896546999995529
17.18750000     1.00000890498000005735
17.28515625     1.00000884326000005764
17.38281250     1.00000878033999995864
17.48046875     1.00000871621999998240
17.57812500     1.00000865089999990687
17.67578125     1.00000858437999995409
17.77343750     1.00000851667999990369
17.87109375     1.00000844778999997686
17.96875000     1.00000837771999995240
18.06640625     1.00000830647000005236
18.16406250     1.00000823406000005633
18.26171875     1.00000816047999996350
18.35937500     1.00000808573999999673
18.45703125     1.00000800984999993481
18.55468750     1.00000793280999999979
18.65234375     1.00000785462999997044
18.75000000     1.00000777532000006964
18.84765625     1.00000769487000007452
18.94531250     1.00000761330999998755
19.04296875     1.00000753062000002913
19.14062500     1.00000744682999997970
19.23828125     1.00000736193000006047
19.33593750     1.00000727594000005105
19.43359375     1.00000718885999995145
19.53125000     1.00000710068999998370
19.62890625     1.00000701144999992742
19.72656250     1.00000692115000000548
19.82421875     1.00000682977999999501
19.92187500     1.00000673735999989766
20.01953125     1.00000664389999993631
20.11718750     1.00000654940000011095
20.21484375     1.00000645386999997832
20.31250000     1.00000635731999998335
20.41015625     1.00000625976999990563
20.50781250     1.00000616120999996639
20.60546875     1.00000606164999994441
20.70312500     1.00000596111000006339
20.80078125     1.00000585959000010128
20.89843750     1.00000575711000005974
20.99609375     1.00000565366999993877
21.09375000     1.00000554927999996124
21.19140625     1.00000544395999990677
21.28906250     1.00000533770999999739
21.38671875     1.00000523053000001106
21.48437500     1.00000512244999995026
21.58203125     1.00000501348000003787
21.67968750     1.00000490361000005102
21.77734375     1.00000479286999999218
21.87500000     1.00000468126000008340
21.97265625     1.00000456880000010429
22.07031250     1.00000445550000005568
22.16796875     1.00000434135999993757
22.26562500     1.00000422639999997365
22.36328125     1.00000411062999994272
22.46093750     1.00000399407000006846
22.55859375     1.00000387670999990597
22.65625000     1.00000375858999990264
22.75390625     1.00000363970000005764
22.85156250     1.00000352006999992938
22.94921875     1.00000339968999996110
23.04687500     1.00000327859999993407
23.14453125     1.00000315679000006952
23.24218750     1.00000303428999992583
23.33984375     1.00000291109999994710
23.43750000     1.00000278723999991293
23.53515625     1.00000266272000004619
23.63281250     1.00000253755999990446
23.73046875     1.00000241175999993182
23.82812500     1.00000228534999990870
23.92578125     1.00000215834000005799
24.02343750     1.00000203074999993724
24.12109375     1.00000190258999999138
24.21875000     1.00000177386999999918
24.31640625     1.00000164460999996230
24.41406250     1.00000151481000010278
24.51171875     1.00000138448999997820
24.60937500     1.00000125365000003264
24.70703125     1.00000112233000004736
24.80468750     1.00000099057000002567
24.90234375     1.00000085841999997172
