-50.00000000     1.00005429567000003743
-49.90234375     1.00004140281999998052
-49.80468750     1.00002832238999994630
-49.70703125     1.00001526561000009252
-49.60937500     1.00000244572000007715
-49.51171875     0.99999007417300000977
-49.41406250     0.99997835665299994456
-49.31640625     0.99996748903699994582
-49.21875000     0.99995765596399999176
-49.12109375     0.99994903183200001262
-49.02343750     0.99994175223000003605
-48.92578125     0.99993581821699994983
-48.82812500     0.99993129644900002884
-48.73046875     0.99992875452499996314
-48.63281250     0.99992828439299996646
-48.53515625     0.99992925083299999400
-48.43750000     0.99993153705000004106
-48.33984375     0.99993537268300003440
-48.24218750     0.99994075965100004399
-48.14453125     0.99994753938000002780
-48.04687500     0.99995553610300003111
-47.94921875     0.99996457143700001602
-47.85156250     0.99997445074099999829
-47.75390625     0.99998496294299998866
-47.65625000     0.99999588511399994939
-47.55859375     1.00000698730999992847
-47.46093750     1.00001803793000010323
-47.36328125     1.00002880915000003093
-47.26562500     1.00003908246000006166
-47.16796875     1.00004865386999997057
-47.07031250     1.00005733708000010829
-46.97265625     1.00006496415999990290
-46.87500000     1.00007140695000007469
-46.77734375     1.00007665348000007732
-46.67968750     1.00008068231999991404
-46.58203125     1.00008307005000007806
-46.48437500     1.00008366945999993547
-46.38671875     1.00008306741000008167
-46.28906250     1.00008148075000002919
-46.19140625     1.00007872846999990024
-46.09375000     1.00007485913999993876
-45.99609375     1.00007004692999990070
-45.89843750     1.00006447998000003174
-45.80078125     1.00005834175999996916
-45.70312500     1.00005181883000004994
-45.60546875     1.00004509964000010136
-45.50781250     1.00003836891000008613
-45.41015625     1.00003180247999989838
-45.31250000     1.00002556246000007256
-45.21484375     1.00001979312999988991
-45.11718750     1.00001461898000010287
-45.01953125     1.00001014339999994007
-44.92187500     1.00000642931999994545
-44.82421875     1.00000345780000010620
-44.72656250     1.00000128330000004340
-44.62890625     1.00000015327000002507
-44.53125000     0.99999998952000002106
-44.43359375     1.00000045459000008741
-44.33593750     1.00000149277000005554
-44.23828125     1.00000316858999993563
-44.14062500     1.00000543120999996205
-44.04296875     1.00000816386000002112
-43.94531250     1.00001127026999991898
-43.84765625     1.00001465532000000103
-43.75000000     1.00001822697999998013
-43.65234375     1.00002189598000001958
-43.55468750     1.00002557650999990280
-43.45703125     1.00002918686999997533
-43.35937500     1.00003264964000004866
-43.26171875     1.00003589164000006306
-43.16406250     1.00003884280999999490
-43.06640625     1.00004143739999995510
-42.96875000     1.00004363312999999813
-42.87109375     1.00004543555999991788
-42.77343750     1.00004674486999989291
-42.67578125     1.00004734011000007143
-42.57812500     1.00004733923999999945
-42.48046875     1.00004693759000007347
-42.38281250     1.00004609974000002737
-42.28515625     1.00004480149000007927
-42.18750000     1.00004308187999990665
-42.08984375     1.00004104028999996068
-41.99218750     1.00003877112000005845
-41.89453125     1.00003637771000009060
-41.79687500     1.00003396795000010222
-41.69921875     1.00003164983999992543
-41.60156250     1.00002952538000000615
-41.50390625     1.00002767546999993264
-41.40625000     1.00002613806999995916
-41.30859375     1.00002498459999999980
-41.21093750     1.00002436209000000744
-41.11328125     1.00002423397000006489
-41.01562500     1.00002439316999991448
-40.91796875     1.00002477299000003264
-40.82031250     1.00002537901999999370
-40.72265625     1.00002613544999996442
-40.62500000     1.00002694828999993959
-40.52734375     1.00002776192999998095
-40.42968750     1.00002855384000000072
-40.33203125     1.00002933556000006554
-40.23437500     1.00003014277000001897
-40.13671875     1.00003102042000002747
-40.03906250     1.00003200937999991993
-39.94140625     1.00003313430999996037
-39.84375000     1.00003439271999994276
-39.74609375     1.00003575626999996473
-39.64843750     1.00003719152999992481
-39.55078125     1.00003862496999995635
-39.45312500     1.00003969240999990298
-39.35546875     1.00004006022999991643
-39.25781250     1.00003992032000010859
-39.16015625     1.00003938492999999710
-39.06250000     1.00003830863999998435
-38.96484375     1.00003667951999997143
-38.86718750     1.00003464859000001930
-38.76953125     1.00003244516000000530
-38.67187500     1.00003026148000007112
-38.57421875     1.00002843552999998167
-38.47656250     1.00002746149999999226
-38.37890625     1.00002730680000007091
-38.28125000     1.00002762449999993422
-38.18359375     1.00002838816000005906
-38.08593750     1.00002960491999992598
-37.98828125     1.00003107383000000574
-37.89062500     1.00003251988999997124
-37.79296875     1.00003374062999994543
-37.69531250     1.00003452442999996030
-37.59765625     1.00003479683000007228
-37.50000000     1.00003473907999995696
-37.40234375     1.00003447036999992825
-37.30468750     1.00003405733999994887
-37.20703125     1.00003366090000000987
-37.10937500     1.00003342864000011048
-37.01171875     1.00003342574000009257
-36.91406250     1.00003379303000006217
-36.81640625     1.00003470537000005436
-36.71875000     1.00003603666000007166
-36.62109375     1.00003746669000004310
-36.52343750     1.00003858752999996717
-36.42578125     1.00003912953999996027
-36.32812500     1.00003895586000002282
-36.23046875     1.00003745147999989484
-36.13281250     1.00003420246999996657
-36.03515625     1.00002976038999991104
-35.93750000     1.00002487370999992855
-35.83984375     1.00002020105999989141
-35.74218750     1.00001663070000001987
-35.64453125     1.00001473363000004113
-35.54687500     1.00001424639999991761
-35.44921875     1.00001599794000006760
-35.35156250     1.00002165906999995748
-35.25390625     1.00003037623000001766
-35.15625000     1.00004014381999994932
-35.05859375     1.00004986609999990677
-34.96093750     1.00005852291000008059
-34.86328125     1.00006490613999998729
-34.76562500     1.00006844313999998519
-34.66796875     1.00006965821999993516
-34.57031250     1.00006772325999993001
-34.47265625     1.00006039838000004849
-34.37500000     1.00004862496000002103
-34.27734375     1.00003513706000002337
-34.17968750     1.00002113924000002321
-34.08203125     1.00000756763999998356
-33.98437500     0.99999556060100003307
-33.88671875     0.99998636755199998838
-33.78906250     0.99998055160900001237
-33.69140625     0.99997788932200004641
-33.59375000     0.99997821576400003352
-33.49609375     0.99998338111499995851
-33.39843750     0.99999409628699997832
-33.30078125     1.00000783110000002196
-33.20312500     1.00002302260999997863
-33.10546875     1.00003909121999989829
-33.00781250     1.00005514820999996672
-32.91015625     1.00007015525999998218
-32.81250000     1.00008313868999998419
-32.71484375     1.00009314036999996667
-32.61718750     1.00009970831000005731
-32.51953125     1.00010291258000005854
-32.42187500     1.00010329465999991960
-32.32421875     1.00009948405999993248
-32.22656250     1.00009018690000006657
-32.12890625     1.00007739224999991912
-32.03125000     1.00006259170999989294
-31.93359375     1.00004611238999996381
-31.83593750     1.00002860133999993408
-31.73828125     1.00001092382999989816
-31.64062500     0.99999394684800002597
-31.54296875     0.99997847257000005428
-31.44531250     0.99996522150000000106
-31.34765625     0.99995489977899998379
-31.25000000     0.99994791225000001500
-31.15234375     0.99994422965200002729
-31.05468750     0.99994321102899996756
-30.95703125     0.99994572573700002405
-30.85937500     0.99995323871999997056
-30.76171875     0.99996441685100001528
-30.66406250     0.99997781478100000729
-30.56640625     0.99999323953300001122
-30.46875000     1.00001028391000001960
-30.37109375     1.00002829347999999676
-30.27343750     1.00004657734000002023
-30.17578125     1.00006446632000001173
-30.07812500     1.00008132469999999614
-29.98046875     1.00009656662999990573
-29.88281250     1.00010966518000010694
-29.78515625     1.00012012374999992304
-29.68750000     1.00012752907000002089
-29.58984375     1.00013186880000004564
-29.49218750     1.00013364642999991183
-29.39453125     1.00013259462999992699
-29.29687500     1.00012735288000009781
-29.19921875     1.00011824872999999236
-29.10156250     1.00010666217000010469
-29.00390625     1.00009287427999993270
-28.90625000     1.00007703695000005339
-28.80859375     1.00005958591000010394
-28.71093750     1.00004103823000001228
-28.61328125     1.00002191794000006020
-28.51562500     1.00000274868000005313
-28.41796875     0.99998404468099999498
-28.32031250     0.99996629715200002764
-28.22265625     0.99994996207399999832
-28.12500000     0.99993544945299994708
-28.02734375     0.99992312202499999962
-27.92968750     0.99991332176299996259
-27.83203125     0.99990634585899995646
-27.73437500     0.99990216864500003346
-27.63671875     0.99990037053900004960
-27.53906250     0.99990107158099994500
-27.44140625     0.99990538942200002381
-27.34375000     0.99991319314799997908
-27.24609375     0.99992334008799999001
-27.14843750     0.99993560870200004498
-27.05078125     0.99994993947300003789
-26.95312500     0.99996602547500001990
-26.85546875     0.99998348781299994936
-26.75781250     1.00000193765000000568
-26.66015625     1.00002097814000001641
-26.56250000     1.00004020874999999258
-26.46484375     1.00005923407000008041
-26.36718750     1.00007767197999997144
-26.26953125     1.00009516063999992497
-26.17187500     1.00011136440999992558
-26.07421875     1.00012597842000006132
-25.97656250     1.00013873238999995152
-25.87890625     1.00014939018000004189
-25.78125000     1.00015770683000004837
-25.68359375     1.00016351079999998852
-25.58593750     1.00016686642000007801
-25.48828125     1.00016818560999998233
-25.39062500     1.00016721344999992560
-25.29296875     1.00016300682000003341
-25.19531250     1.00015591875999998450
-25.09765625     1.00014678215000007988
-25.00000000     1.00013564662999998589
-24.90234375     1.00012254951999990382
-24.80468750     1.00010770730999998257
-24.70703125     1.00009137458999997072
-24.60937500     1.00007381176000009759
-24.51171875     1.00005528802999998916
-24.41406250     1.00003607987000009416
-24.31640625     1.00001646685000000758
-24.21875000     0.99999672784799997771
-24.12109375     0.99997713742000005066
-24.02343750     0.99995796213400001129
-23.92578125     0.99993945681600004960
-23.82812500     0.99992186086400003386
-23.73046875     0.99990539481200002569
-23.63281250     0.99989025722699997889
-23.53515625     0.99987662202100002773
-23.43750000     0.99986463682899995309
-23.33984375     0.99985442298600002431
-23.24218750     0.99984607692000004864
-23.14453125     0.99983971272000005115
-23.04687500     0.99983536384600002478
-22.94921875     0.99983292600299999986
-22.85156250     0.99983206072099994888
-22.75390625     0.99983301317499995164
-22.65625000     0.99983639388500000766
-22.55859375     0.99984178837299997333
-22.46093750     0.99984869140199994497
-22.36328125     0.99985713211399995792
-22.26562500     0.99986707442000000157
-22.16796875     0.99987837764700004950
-22.07031250     0.99989088669699999201
-21.97265625     0.99990444333100003682
-21.87500000     0.99991888323500000002
-21.77734375     0.99993403782800005519
-21.67968750     0.99994973744399995308
-21.58203125     0.99996581409999996115
-21.48437500     0.99998210370300000260
-21.38671875     0.99999844770000001493
-21.28906250     1.00001469415000010521
-21.19140625     1.00003069831000002132
-21.09375000     1.00004632297000006780
-20.99609375     1.00006143873999997496
-20.89843750     1.00007592438999992623
-20.80078125     1.00008966751999994749
-20.70312500     1.00010256546999998228
-20.60546875     1.00011452647999998788
-20.50781250     1.00012547093000003784
-20.41015625     1.00013533241999996726
-20.31250000     1.00014405845000009521
-20.21484375     1.00015161027000010208
-20.11718750     1.00015796111999999418
-20.01953125     1.00016309446999995814
-19.92187500     1.00016697831000000996
-19.82421875     1.00016962367999995287
-19.72656250     1.00017111247999990198
-19.62890625     1.00017165091000004296
-19.53125000     1.00017111659000002000
-19.43359375     1.00016916755999996091
-19.33593750     1.00016602597000003882
-19.23828125     1.00016197106000004347
-19.14062500     1.00015698281000009473
-19.04296875     1.00015107257000002150
-18.94531250     1.00014430772000006975
-18.84765625     1.00013676159000008958
-18.75000000     1.00012850721999990711
-18.65234375     1.00011961873000010392
-18.55468750     1.00011017010999991861
-18.45703125     1.00010023389000002325
-18.35937500     1.00008988023000000567
-18.26171875     1.00007917679999991378
-18.16406250     1.00006818890000004352
-18.06640625     1.00005698002000009694
-17.96875000     1.00004561224000010355
-17.87109375     1.00003414663000000928
-17.77343750     1.00002264321999989605
-17.67578125     1.00001116065999995364
-17.57812500     0.99999975549899999816
-17.48046875     0.99998848124200001575
-17.38281250     0.99997738738399999381
-17.28515625     0.99996651856399998426
-17.18750000     0.99995591406100003962
-17.08984375     0.99994560770899998392
-16.99218750     0.99993562823500004022
-16.89453125     0.99992599996499997861
-16.79687500     0.99991674373200001291
-16.69921875     0.99990787782400003536
-16.60156250     0.99989941876999999248
-16.50390625     0.99989138180899994612
-16.40625000     0.99988378092600005420
-16.30859375     0.99987662845500002717
-16.21093750     0.99986993438200000295
-16.11328125     0.99986370554500003660
-16.01562500     0.99985794497199997899
-15.91796875     0.99985265152100000208
-15.82031250     0.99984781992600002543
-15.72265625     0.99984344125599999842
-15.62500000     0.99983950374599994682
-15.52734375     0.99983599386800003916
-15.42968750     0.99983289744799996868
-15.33203125     0.99983020059100002896
-15.23437500     0.99982789023700002762
-15.13671875     0.99982595403100005260
-15.03906250     0.99982438045900001722
-14.94140625     0.99982316289899997308
-14.84375000     0.99982229596899996338
-14.74609375     0.99982175222600000453
-14.64843750     0.99982149216899995903
-14.55078125     0.99982147123499998109
-14.45312500     0.99982174780400001612
-14.35546875     0.99982234539399994500
-14.25781250     0.99982316176399999019
-14.16015625     0.99982416669100004913
-14.06250000     0.99982536530400001329
-13.96484375     0.99982674657600001389
-13.86718750     0.99982829768199998899
-13.76953125     0.99983000843400005042
-13.67187500     0.99983186947699997926
-13.57421875     0.99983387067700002504
-13.47656250     0.99983600025099994557
-13.37890625     0.99983824444799995756
-13.28125000     0.99984058783800000558
-13.18359375     0.99984301412499998474
-13.08593750     0.99984550726400001075
-12.98828125     0.99984805260999998211
-12.89062500     0.99985063785600003516
-12.79296875     0.99985325358400001239
-12.69531250     0.99985589333400004541
-12.59765625     0.99985855318000005365
-12.50000000     0.99986123087000000620
-12.40234375     0.99986392466999995943
-12.30468750     0.99986663215500004576
-12.20703125     0.99986934923199999314
-12.10937500     0.99987206968300001986
-12.01171875     0.99987478538899998703
-11.91406250     0.99987748721500002702
-11.81640625     0.99988016630200005075
-11.71875000     0.99988281538299994544
-11.62109375     0.99988542974600003177
-11.52343750     0.99988800756899998134
-11.42578125     0.99989054958900003278
-11.32812500     0.99989305822700003112
-11.23046875     0.99989553643499995417
-11.13281250     0.99989798654999995087
-11.03515625     0.99990040938599999976
-10.93750000     0.99990280374800000196
-10.83984375     0.99990516643600002578
-10.74218750     0.99990749272299994654
-10.64453125     0.99990977721100005038
-10.54687500     0.99991201485100000834
-10.44921875     0.99991420192600000139
-10.35156250     0.99991633680799996142
-10.25390625     0.99991842034300004727
-10.15625000     0.99992045581199995308
-10.05859375     0.99992244842800004356
-9.96093750     0.99992440439100005456
-9.86328125     0.99992632958399996213
-9.76562500     0.99992822817000004409
-9.66796875     0.99993010147100003238
-9.57031250     0.99993194753100000938
-9.47265625     0.99993376162900005077
-9.37500000     0.99993553763400000456
-9.27734375     0.99993726975999996931
-9.17968750     0.99993895411400002260
-9.08203125     0.99994058954400000250
-8.98437500     0.99994217763299997337
-8.88671875     0.99994372202500003688
-8.78906250     0.99994522746799996415
-8.69140625     0.99994669888900000743
-8.59375000     0.99994814060699999114
-8.49609375     0.99994955567900001281
-8.39843750     0.99995094531899997303
-8.30078125     0.99995230853799998982
-8.20312500     0.99995364222299998325
-8.10546875     0.99995494187099998040
-8.00781250     0.99995620289400000136
-7.91015625     0.99995742212399996163
-7.81250000     0.99995859894600003237
-7.71484375     0.99995973567499996104
-7.61718750     0.99996083718200001744
-7.51953125     0.99996190993099998146
-7.42187500     0.99996296062800005267
-7.32421875     0.99996399464399998713
-7.22656250     0.99996501467599996360
-7.12890625     0.99996602032699999363
-7.03125000     0.99996700909400004775
-6.93359375     0.99996797863599995448
-6.83593750     0.99996892946100002231
-6.73828125     0.99996986696199996469
-6.64062500     0.99997080269600002733
-6.54296875     0.99997175570600005390
-6.44531250     0.99997275448800004849
-6.34765625     0.99997384029199998245
-6.25000000     0.99997507213100000900
-6.15234375     0.99997653302300004707
-6.05468750     0.99997833722800000267
-5.95703125     0.99998063930699998547
-5.85937500     0.99998364721800003796
-5.76171875     0.99998764216500002355
-5.66406250     0.99999300713299998922
-5.56640625     1.00000026474999992310
-5.46875000     1.00001012470999994797
-5.37109375     1.00002354196000009523
-5.27343750     1.00004178819999989258
-5.17578125     1.00006654029999997313
-5.07812500     1.00009998915999998026
-4.98046875     1.00014497361000009867
-4.88281250     1.00020514417999994983
-4.78515625     1.00028516076000006940
-4.68750000     1.00039092671999996220
-4.58984375     1.00052986207000005336
-4.49218750     1.00071121892000003406
-4.39453125     1.00094644080999994884
-4.29687500     1.00124956331000003473
-4.19921875     1.00163765193000009468
-4.10156250     1.00213127504999999218
-4.00390625     1.00275500434999997879
-3.90625000     1.00353792511000006193
-3.80859375     1.00451413352000007428
-3.71093750     1.00572320416999994031
-3.61328125     1.00721060802000006440
-3.51562500     1.00902804158999992445
-3.41796875     1.01123361305999992510
-3.32031250     1.01389184912999996691
-3.22265625     1.01707353591000004833
-3.12500000     1.02085535646000002963
-3.02734375     1.02531911609999992763
-2.92968750     1.03055054190000006109
-2.83203125     1.03663785163000010670
-2.73437500     1.04366999663000004084
-2.63671875     1.05173445570999990473
-2.53906250     1.06091463025000010134
-2.44140625     1.07128687630000007935
-2.34375000     1.08291723259000005619
-2.24609375     1.09585792080000010706
-2.14843750     1.11014371456999993981
-2.05078125     1.12578831787000011033
-1.95312500     1.14278090095000006698
-1.85546875     1.16108292524999989759
-1.75781250     1.18062539003000011029
-1.66015625     1.20130667762000009624
-1.56250000     1.22299122163000006935
-1.46484375     1.24550917622999990364
-1.36718750     1.26865711275999992758
-1.26953125     1.29219972344000000319
-1.17187500     1.31587270974000003498
-1.07421875     1.33938708776000003908
-0.97656250     1.36243463978000001191
-0.87890625     1.38469391081000003929
-0.78125000     1.40583700332000005595
-0.68359375     1.42553805985000003886
-0.58593750     1.44348245377999995220
-0.48828125     1.45937368539999989814
-0.39062500     1.47293510856999998460
-0.29296875     1.48391081666999991029
-0.19531250     1.49203903553999994713
-0.09765625     1.49721746603999994463
0.00000000     1.49966420958999990809
0.09765625     1.49946403155000007601
0.19531250     1.49596501067999998469
0.29296875     1.48895010941999994536
0.39062500     1.47922288036000004752
0.48828125     1.46700489459000005255
0.58593750     1.45233306042999998908
0.68359375     1.43544605127000002298
0.78125000     1.41663760697999996374
0.87890625     1.39621590233000003600
0.97656250     1.37450213296000001151
1.07421875     1.35182420963999994079
1.17187500     1.32850831195000007590
1.26953125     1.30487118462000006858
1.36718750     1.28121333048999996862
1.46484375     1.25781314557999990278
1.56250000     1.23492213409000006763
1.66015625     1.21276129272999999564
1.75781250     1.19151869308999991404
1.85546875     1.17134823807999999268
1.95312500     1.15236952233999989659
2.05078125     1.13466869154999994151
2.14843750     1.11830016868000003960
2.24609375     1.10328909198000002512
2.34375000     1.08963429496999997248
2.44140625     1.07731166081999996109
2.53906250     1.06627769577999997885
2.63671875     1.05647317372999993701
2.73437500     1.04782671005000005415
2.83203125     1.04025814817999995299
2.92968750     1.03368167716999992400
3.02734375     1.02800863794999997047
3.12500000     1.02314998420000002888
3.22265625     1.01901834271999991444
3.32031250     1.01552969951000005011
3.41796875     1.01260466658999992440
3.51562500     1.01016927143999990513
3.61328125     1.00815551873999997845
3.71093750     1.00650180432000002639
3.80859375     1.00515301741000007141
3.90625000     1.00406039935999991108
4.00390625     1.00318127724999994754
4.10156250     1.00247869467999994875
4.19921875     1.00192096635999994270
4.29687500     1.00148118852999989947
4.39453125     1.00113673102999989339
4.49218750     1.00086873157000000312
4.58984375     1.00066160777999990650
4.68750000     1.00050259838999999751
4.78515625     1.00038134119999999605
4.88281250     1.00028949210000006609
4.98046875     1.00022038712999994381
5.07812500     1.00016874701000002545
5.17578125     1.00013042269000007600
5.27343750     1.00010217898999997921
5.37109375     1.00008151291000002558
5.46875000     1.00006650287999998561
5.56640625     1.00005568670999989145
5.66406250     1.00004795860999995405
5.76171875     1.00004248364999992482
5.85937500     1.00003863998000008806
5.95703125     1.00003597117999998289
6.05468750     1.00003414231000009593
6.15234375     1.00003290928999999387
6.25000000     1.00003209557999994672
6.34765625     1.00003157440999990158
6.44531250     1.00003125541999993153
6.54296875     1.00003107461000007028
6.64062500     1.00003098690999991938
6.73828125     1.00003095837000000046
6.83593750     1.00003097102999993773
6.93359375     1.00003101479000000573
7.03125000     1.00003107503000010503
7.12890625     1.00003114323999997559
7.22656250     1.00003121629000002457
7.32421875     1.00003129139000002112
7.42187500     1.00003136664000003009
7.51953125     1.00003144087999995548
7.61718750     1.00003151342999996309
7.71484375     1.00003158386000001734
7.81250000     1.00003165200000010415
7.91015625     1.00003171772999999156
8.00781250     1.00003178106999990327
8.10546875     1.00003184204000006297
8.20312500     1.00003190070000003153
8.30078125     1.00003195712000003681
8.39843750     1.00003201138000008541
8.49609375     1.00003206356999996274
8.59375000     1.00003211374999989580
8.69140625     1.00003216199999989122
8.78906250     1.00003220838999995479
8.88671875     1.00003225299000009230
8.98437500     1.00003229584000008501
9.08203125     1.00003233701999993954
9.17968750     1.00003237658000010413
9.27734375     1.00003241454999991511
9.37500000     1.00003245100000004442
9.47265625     1.00003248596000005044
9.57031250     1.00003251946999993649
9.66796875     1.00003255156999992792
9.76562500     1.00003258229000002721
9.86328125     1.00003261168000001646
9.96093750     1.00003263975999989732
10.05859375     1.00003266654999989349
10.15625000     1.00003269210000000911
10.25390625     1.00003271642000002295
10.35156250     1.00003273953999993751
10.44921875     1.00003276146999997565
10.54687500     1.00003278225999991946
10.64453125     1.00003280189999999017
10.74218750     1.00003282042999996904
10.83984375     1.00003283786000007893
10.93750000     1.00003285421000009947
11.03515625     1.00003286950000003230
11.13281250     1.00003288373000009948
11.23046875     1.00003289691000007977
11.32812500     1.00003290907999997650
11.42578125     1.00003292023000001087
11.52343750     1.00003293038999996334
11.62109375     1.00003293956000005593
11.71875000     1.00003294774000006662
11.81640625     1.00003295487999999125
11.91406250     1.00003296102000005519
12.01171875     1.00003296624000004300
12.10937500     1.00003297065999996462
12.20703125     1.00003297419000003465
12.30468750     1.00003297653000000622
12.40234375     1.00003297765000009889
12.50000000     1.00003297794999990167
12.59765625     1.00003297767000010055
12.69531250     1.00003297656000000870
12.79296875     1.00003297426000004045
12.89062500     1.00003297074999997207
12.98828125     1.00003296636000005293
13.08593750     1.00003296116000006677
13.18359375     1.00003295505000000531
13.28125000     1.00003294794000008316
13.37890625     1.00003293980000007579
13.47656250     1.00003293065999998568
13.57421875     1.00003292055000003735
13.67187500     1.00003290945000000711
13.76953125     1.00003289733999989330
13.86718750     1.00003288421999991797
13.96484375     1.00003287006000007864
14.06250000     1.00003285485999993121
14.16015625     1.00003283860999991894
14.25781250     1.00003282128000003937
14.35546875     1.00003280288000007126
14.45312500     1.00003278337000001130
14.55078125     1.00003276275000008155
14.64843750     1.00003274100000005831
14.74609375     1.00003271808999993908
14.84375000     1.00003269400999994510
14.94140625     1.00003266874000007469
15.03906250     1.00003264225000010335
15.13671875     1.00003261453000003023
15.23437500     1.00003258555000007490
15.33203125     1.00003255529000001367
15.42968750     1.00003252372000006609
15.52734375     1.00003249082000000847
15.62500000     1.00003245656000006036
15.72265625     1.00003242090999999725
15.82031250     1.00003238384000003869
15.91796875     1.00003234532999996098
16.01562500     1.00003230532999998204
16.11328125     1.00003226383000010102
16.21093750     1.00003222079000009259
16.30859375     1.00003217616999995343
16.40625000     1.00003212993999990310
16.50390625     1.00003208205999993829
16.60156250     1.00003203249000005570
16.69921875     1.00003198121000003162
16.79687500     1.00003192816000008314
16.89453125     1.00003187330999998572
16.99218750     1.00003181661999995811
17.08984375     1.00003175803999999616
17.18750000     1.00003169753000009656
17.28515625     1.00003163505000003397
17.38281250     1.00003157055000002629
17.48046875     1.00003150399000007020
17.57812500     1.00003143530999993871
17.67578125     1.00003136447000007259
17.77343750     1.00003129141000002278
17.87109375     1.00003121609000000802
17.96875000     1.00003113845000002335
18.06640625     1.00003105844000006464
18.16406250     1.00003097600999990568
18.26171875     1.00003089108999998480
18.35937500     1.00003080363000007580
18.45703125     1.00003071357999995250
18.55468750     1.00003062087000005320
18.65234375     1.00003052544999992968
18.75000000     1.00003042724000001940
18.84765625     1.00003032619000009618
18.94531250     1.00003022223999993301
19.04296875     1.00003011530999996737
19.14062500     1.00003000534999997306
19.23828125     1.00002989227999994348
19.33593750     1.00002977603000009488
19.43359375     1.00002965653999997819
19.53125000     1.00002953373000003090
19.62890625     1.00002940754000002599
19.72656250     1.00002927787999995601
19.82421875     1.00002914469000003805
19.92187500     1.00002900789000004345
20.01953125     1.00002886739999996557
20.11718750     1.00002872314000001985
20.21484375     1.00002857503999997846
20.31250000     1.00002842301000005598
20.41015625     1.00002826697000002376
20.50781250     1.00002810685000009805
20.60546875     1.00002794256000004935
20.70312500     1.00002777402000009310
20.80078125     1.00002760112999999897
20.89843750     1.00002742381999998322
20.99609375     1.00002724201000003923
21.09375000     1.00002705558999993585
21.19140625     1.00002686448000011055
21.28906250     1.00002666860999989140
21.38671875     1.00002646785999993462
21.48437500     1.00002626216000001236
21.58203125     1.00002605141999989513
21.67968750     1.00002583554000001875
21.77734375     1.00002561442999993169
21.87500000     1.00002538800000007058
21.97265625     1.00002515614999998306
22.07031250     1.00002491879000010577
22.16796875     1.00002467583999998801
22.26562500     1.00002442719000006477
22.36328125     1.00002417275000010655
22.46093750     1.00002391243000010590
22.55859375     1.00002364613000005455
22.65625000     1.00002337375999994507
22.75390625     1.00002309521999999120
22.85156250     1.00002281042999996430
22.94921875     1.00002251929000007813
23.04687500     1.00002222170000010237
23.14453125     1.00002191757000002958
23.24218750     1.00002160682000007519
23.33984375     1.00002128934000000804
23.43750000     1.00002096505000004356
23.53515625     1.00002063385999995226
23.63281250     1.00002029567999994875
23.73046875     1.00001995043000002639
23.82812500     1.00001959800999995487
23.92578125     1.00001923832999994879
24.02343750     1.00001887133000000318
24.12109375     1.00001849690000010895
24.21875000     1.00001811498000003908
24.31640625     1.00001772548000000818
24.41406250     1.00001732834000001127
24.51171875     1.00001692347000004091
24.60937500     1.00001651081000009214
24.70703125     1.00001609027999993629
24.80468750     1.00001566182000001248
24.90234375     1.00001522535000009206
