-50.00000000     1.00005429567000003743
-49.90234375     1.01231294110000002995
-49.80468750     1.02456955090999990432
-49.70703125     1.03682248854999992105
-49.60937500     1.04907012004000010919
-49.51171875     1.06131081046999997675
-49.41406250     1.07354292024999997679
-49.31640625     1.08576480138000008857
-49.21875000     1.09797479628999994361
-49.12109375     1.11017123913000004265
-49.02343750     1.12235242743000007692
-48.92578125     1.13451652671999991817
-48.82812500     1.14666177089999998806
-48.73046875     1.15878689785999999806
-48.63281250     1.17089017315000010200
-48.53515625     1.18296913879000009651
-48.43750000     1.19502185906999991438
-48.33984375     1.20704674888000007549
-48.24218750     1.21904199980999994324
-48.14453125     1.23100564765999997974
-48.04687500     1.24293571601000008009
-47.94921875     1.25483023103999991044
-47.85156250     1.26668720822000002713
-47.75390625     1.27850465233000010201
-47.65625000     1.29028056236999999484
-47.55859375     1.30201293662999995071
-47.46093750     1.31369977831999995566
-47.36328125     1.32533910130999998955
-47.26562500     1.33692893585000005530
-47.16796875     1.34846733411999997188
-47.07031250     1.35995237361000009813
-46.97265625     1.37138215811000008237
-46.87500000     1.38275483931999998433
-46.77734375     1.39406869354999995991
-46.67968750     1.40532199633000010053
-46.58203125     1.41651263014999995171
-46.48437500     1.42763876289000002373
-46.38671875     1.43869930594999995144
-46.28906250     1.44969281040999997678
-46.19140625     1.46061743942999999746
-46.09375000     1.47147159596999999032
-45.99609375     1.48225381901000008433
-45.89843750     1.49296267221000000802
-45.80078125     1.50359672549000000785
-45.70312500     1.51415456301999995503
-45.60546875     1.52463478231999993717
-45.50781250     1.53503598880000002858
-45.41015625     1.54535679090000011016
-45.31250000     1.55559579547999993210
-45.21484375     1.56575160390999990057
-45.11718750     1.57582281040000005135
-45.01953125     1.58580800085999995552
-44.92187500     1.59570573381000002655
-44.82421875     1.60551449919999988936
-44.72656250     1.61523287387999991971
-44.62890625     1.62485964141000005512
-44.53125000     1.63439327367999998053
-44.43359375     1.64383199747999997342
-44.33593750     1.65317433572999994418
-44.23828125     1.66241894618000007888
-44.14062500     1.67156438605000001729
-44.04296875     1.68060916165000007183
-43.94531250     1.68955181499999995687
-43.84765625     1.69839090473000009496
-43.75000000     1.70712500817000001341
-43.65234375     1.71575272125999989115
-43.55468750     1.72427265946999996871
-43.45703125     1.73268345853999994333
-43.35937500     1.74098377498999989932
-43.26171875     1.74917228616000008934
-43.16406250     1.75724768930999997174
-43.06640625     1.76520870302000010277
-42.96875000     1.77305408649999995951
-42.87109375     1.78078266412999997037
-42.77343750     1.78839317248999996046
-42.67578125     1.79588424472000007803
-42.57812500     1.80325487072000001376
-42.48046875     1.81050413584000002842
-42.38281250     1.81763091288999989459
-42.28515625     1.82463410428000005759
-42.18750000     1.83151269417999995603
-42.08984375     1.83826574584000002055
-41.99218750     1.84489233637000005217
-41.89453125     1.85139157080999994243
-41.79687500     1.85776257794999999362
-41.69921875     1.86400450595999989112
-41.60156250     1.87011651648999999153
-41.50390625     1.87609776967000008163
-41.40625000     1.88194740241000002534
-41.30859375     1.88766460500000010647
-41.21093750     1.89324866329000007781
-41.11328125     1.89869869966999993416
-41.01562500     1.90401368629999989679
-40.91796875     1.90919275607999994193
-40.82031250     1.91423513471999995339
-40.72265625     1.91913998713999989221
-40.62500000     1.92390648079999992959
-40.52734375     1.92853384240000003125
-40.42968750     1.93302135266999997043
-40.33203125     1.93736834747000008505
-40.23437500     1.94157420795000001945
-40.13671875     1.94563834579999994645
-40.03906250     1.94956018996999991266
-39.94140625     1.95333917465999995500
-39.84375000     1.95697472845000008945
-39.74609375     1.96046627567999998121
-39.64843750     1.96381325733000000611
-39.55078125     1.96701509601999990906
-39.45312500     1.97007094561000006827
-39.35546875     1.97298001243000009630
-39.25781250     1.97574205036000005720
-39.16015625     1.97835675564999990961
-39.06250000     1.98082358905000011084
-38.96484375     1.98314216695000000712
-38.86718750     1.98531229098000006061
-38.76953125     1.98733386331999994923
-38.67187500     1.98920677143999991010
-38.57421875     1.99093107096000010436
-38.47656250     1.99250699609999992745
-38.37890625     1.99393427680999990592
-38.28125000     1.99521235116999995363
-38.18359375     1.99634100034999995010
-38.08593750     1.99732006159999997408
-37.98828125     1.99814918673000008198
-37.89062500     1.99882797610000007005
-37.79296875     1.99935612522000005775
-37.69531250     1.99973334312999995177
-37.59765625     1.99995949867000000211
-37.50000000     2.00003473908000017900
-37.40234375     1.99995917221000008013
-37.30468750     1.99973287602999993950
-37.20703125     1.99935604548999990016
-37.10937500     1.99882888483999998641
-37.01171875     1.99815153863999994677
-36.91406250     1.99732424971000011027
-36.81640625     1.99634731754999994457
-36.71875000     1.99522076333000009107
-36.62109375     1.99394443669000009933
-36.52343750     1.99251812212999990237
-36.42578125     1.99094176497000008297
-36.32812500     1.98921546582000008385
-36.23046875     1.98733886964000006081
-36.13281250     1.98531184485000000706
-36.03515625     1.98313524782999994756
-35.93750000     1.98081015411000005422
-35.83984375     1.97833757178000002597
-35.74218750     1.97571876072999996765
-35.64453125     1.97295468583999999979
-35.54687500     1.97004549960000008291
-35.44921875     1.96699246899000002031
-35.35156250     1.96379772487000003878
-35.25390625     1.96046089564000003413
-35.15625000     1.95698047955000009601
-35.05859375     1.95335590644999990140
-34.96093750     1.94958670351000007415
-34.86328125     1.94567223151999990627
-34.76562500     1.94161250831999998567
-34.66796875     1.93740867012999995467
-34.57031250     1.93306052208999989972
-34.47265625     1.92856647886000009962
-34.37500000     1.92392815748000001186
-34.27734375     1.91914898874999995115
-34.17968750     1.91423089494999998372
-34.08203125     1.90917555072999989285
-33.98437500     1.90398485371999992566
-33.88671875     1.89866083324999990189
-33.78906250     1.89320485280000005979
-33.69140625     1.88761750973000008713
-33.59375000     1.88189948010999996697
-33.49609375     1.87605347530999999606
-33.39843750     1.87008108740000000836
-33.30078125     1.86398068721999998765
-33.20312500     1.85775163261000009207
-33.10546875     1.85139428432999997298
-33.00781250     1.84490871345999996045
-32.91015625     1.83829486082000004288
-32.81250000     1.83155275099000003358
-32.71484375     1.82468244314999994415
-32.61718750     1.81768452145999992453
-32.51953125     1.81056011083000001349
-32.42187500     1.80331082613999993391
-32.32421875     1.79593638866999993908
-32.22656250     1.78843661452999991290
-32.12890625     1.78081462082999997243
-32.03125000     1.77307304507000007554
-31.93359375     1.76521337801999989026
-31.83593750     1.75723744784999991175
-31.73828125     1.74914731834999992444
-31.64062500     1.74094507219999994341
-31.54296875     1.73263274424000002227
-31.44531250     1.72421230444999995512
-31.34765625     1.71568572505999994426
-31.25000000     1.70705469343999993725
-31.15234375     1.69832047905999994342
-31.05468750     1.68948375576999998415
-30.95703125     1.68054672353000000840
-30.85937500     1.67151219356999991561
-30.76171875     1.66238019444000006963
-30.66406250     1.65315065772999991722
-30.56640625     1.64382478242000007462
-30.46875000     1.63440356807999997990
-30.37109375     1.62488778162000002681
-30.27343750     1.61527816791999989654
-30.17578125     1.60557550773000001776
-30.07812500     1.59578062919000007724
-29.98046875     1.58589442408999992118
-29.88281250     1.57591785660000005542
-29.78515625     1.56585193452999993369
-29.68750000     1.55569776208000010165
-29.58984375     1.54545685722000003537
-29.49218750     1.53513126632000007632
-29.39453125     1.52472227730999998485
-29.29687500     1.51423009707000000290
-29.19921875     1.50365663245000003023
-29.10156250     1.49300485440000008097
-29.00390625     1.48227664635999989429
-28.90625000     1.47147377378000010495
-28.80859375     1.46059829685999997828
-28.71093750     1.44965236788999995987
-28.61328125     1.43863815647999992997
-28.51562500     1.42755784210999991934
-28.41796875     1.41641360478000000178
-28.32031250     1.40520761116000003632
-28.22265625     1.39394200212999996857
-28.12500000     1.38261888182000003411
-28.02734375     1.37124031597999995746
-27.92968750     1.35980835830000001963
-27.83203125     1.34832502610999993564
-27.73437500     1.33679202204000002752
-27.63671875     1.32521066269999998610
-27.53906250     1.31358281197999993140
-27.44140625     1.30191133874000009030
-27.34375000     1.29019787039999989098
-27.24609375     1.27844302946999999193
-27.14843750     1.26664836618000009594
-27.05078125     1.25481559908000006587
-26.95312500     1.24294620538000000209
-26.85546875     1.23104159609000007869
-26.75781250     1.21910317781000010484
-26.66015625     1.20713235433000010133
-26.56250000     1.19513053076999997693
-26.46484375     1.18309912202000000470
-26.36718750     1.17103956073999992960
-26.26953125     1.15895330396999995948
-26.17187500     1.14684183886999990776
-26.07421875     1.13470668691999998501
-25.97656250     1.12254940758999999240
-25.87890625     1.11037159746999991583
-25.78125000     1.09817484715999991174
-25.68359375     1.08596082314999997642
-25.58593750     1.07373143002000004387
-25.48828125     1.06148892191000010499
-25.39062500     1.04923488776999995764
-25.29296875     1.03697022976000008399
-25.19531250     1.02469714727999994253
-25.09765625     1.01241832042999990726
-25.00000000     1.00013564662999998589
-24.90234375     0.98785101123499996500
-24.80468750     0.97556647878900004667
-24.70703125     0.96328415164500003076
-24.60937500     0.95100613743299999836
-24.51171875     0.93873455173099995541
-24.41406250     0.92647151626799995050
-24.31640625     0.91421915450599999797
-24.21875000     0.90197958751800000332
-24.12109375     0.88975493012600004317
-24.02343750     0.87754728693499994829
-23.92578125     0.86535874830899994770
-23.82812500     0.85319138640900005210
-23.73046875     0.84104725147799996865
-23.63281250     0.82892836846700002074
-23.53515625     0.81683673406599999200
-23.43750000     0.80477431481299999128
-23.33984375     0.79274304679399998363
-23.24218750     0.78074483676299999413
-23.14453125     0.76878160443900001031
-23.04687500     0.75685518394299999834
-22.94921875     0.74496726639900001654
-22.85156250     0.73311930324600005360
-22.75390625     0.72131332379000001609
-22.65625000     0.70955171663000005111
-22.55859375     0.69783583905400003999
-22.46093750     0.68616695100299995858
-22.36328125     0.67454683995200004354
-22.26562500     0.66297722102699996327
-22.16796875     0.65145969739800002607
-22.07031250     0.63999585016200000176
-21.97265625     0.62858724937900001262
-21.87500000     0.61723545086999997977
-21.77734375     0.60594199776699997351
-21.67968750     0.59470842343899998905
-21.58203125     0.58353625400300002113
-21.48437500     0.57242701027300002536
-21.38671875     0.56138220916199998989
-21.28906250     0.55040336449200000235
-21.19140625     0.53949198734799996835
-21.09375000     0.52864958614500001666
-20.99609375     0.51787766665699996871
-20.89843750     0.50717773215600003844
-20.80078125     0.49655128379199997557
-20.70312500     0.48599982127599999915
-20.60546875     0.47552484380199999681
-20.50781250     0.46512785104400000691
-20.41015625     0.45481034399499997711
-20.31250000     0.44457382543399998065
-20.21484375     0.43441979948600001338
-20.11718750     0.42434976970100002358
-20.01953125     0.41436523700900002032
-19.92187500     0.40446767382100001775
-19.82421875     0.39465858227500000277
-19.72656250     0.38493952190199998142
-19.62890625     0.37531216276500001250
-19.53125000     0.36577783242700001587
-19.43359375     0.35633762467300000853
-19.33593750     0.34699318301799997322
-19.23828125     0.33774619346899997785
-19.14062500     0.32859802796400000569
-19.04296875     0.31955007477199998123
-18.94531250     0.31060376298600000933
-18.84765625     0.30176051217700000651
-18.75000000     0.29302172603600001866
-18.65234375     0.28438879344299999863
-18.55468750     0.27586308716300000921
-18.45703125     0.26744596221499999933
-18.35937500     0.25913875487699999933
-18.26171875     0.25094278227299998685
-18.16406250     0.24285934239799999990
-18.06640625     0.23488971439699998789
-17.96875000     0.22703515887799999295
-17.87109375     0.21929691805699999541
-17.77343750     0.21167621559399998898
-17.67578125     0.20417425605299999170
-17.57812500     0.19679222401800000597
-17.48046875     0.18953128298999999402
-17.38281250     0.18239257423300000993
-17.28515625     0.17537721577900000636
-17.18750000     0.16848630175900000672
-17.08984375     0.16172090215400000690
-16.99218750     0.15508206298499999098
-16.89453125     0.14857080685999998759
-16.79687500     0.14218813373200001049
-16.69921875     0.13593502170200000290
-16.60156250     0.12981242766100001274
-16.50390625     0.12382128761400000572
-16.40625000     0.11796251657799999846
-16.30859375     0.11223700805200000075
-16.21093750     0.10664563318599999675
-16.11328125     0.10118923985100000684
-16.01562500     0.09586865184859999500
-15.91796875     0.09068466843099999564
-15.82031250     0.08563806422280000052
-15.72265625     0.08072958956570000510
-15.62500000     0.07595997123419999386
-15.52734375     0.07132991339470000358
-15.42968750     0.06684009861299999855
-15.33203125     0.06249118867890000178
-15.23437500     0.05828382505379999662
-15.13671875     0.05421862865049999897
-15.03906250     0.05029619986620000038
-14.94140625     0.04651712254530000062
-14.84375000     0.04288196023640000049
-14.74609375     0.03939123281049999870
-14.64843750     0.03604542637319999715
-14.55078125     0.03284500019040000052
-14.45312500     0.02979049460969999952
-14.35546875     0.02688239318850000129
-14.25781250     0.02412103172590000094
-14.16015625     0.02150679597110000119
-14.06250000     0.01904008490030000000
-13.96484375     0.01672125914430000124
-13.86718750     0.01455065529349999949
-13.76953125     0.01252859027660000076
-13.67187500     0.01065535951189999948
-13.57421875     0.00893123524946000044
-13.47656250     0.00735646565249999974
-13.37890625     0.00593127444565999962
-13.28125000     0.00465586116600000006
-13.18359375     0.00353040194258000001
-13.08593750     0.00255505058529000018
-12.98828125     0.00172993970939999990
-12.89062500     0.00105518165043000010
-12.79296875     0.00053086899528299999
-12.69531250     0.00015707463757799999
-12.59765625     -0.00006614865902440000
-12.50000000     -0.00013876913028700001
-12.40234375     -0.00006077716960650000
-12.30468750     0.00016781345840400001
-12.20703125     0.00054696464362000000
-12.10937500     0.00107661347746000006
-12.01171875     0.00175667248862000007
-11.91406250     0.00258703053661000007
-11.81640625     0.00356755411928999988
-11.71875000     0.00469808871108000001
-11.62109375     0.00597845974365000029
-11.52343750     0.00740847297065999957
-11.42578125     0.00898791416153000081
-11.32812500     0.01071654826189999930
-11.23046875     0.01259411827700000069
-11.13281250     0.01462034416080000045
-11.03515625     0.01679492195490000020
-10.93750000     0.01911752334530000125
-10.83984375     0.02158779571589999891
-10.74218750     0.02420536268429999971
-10.64453125     0.02696982500549999912
-10.54687500     0.02988076165609999946
-10.44921875     0.03293773088139999999
-10.35156250     0.03614027101279999876
-10.25390625     0.03948790092760000314
-10.15625000     0.04298012007959999686
-10.05859375     0.04661640807419999838
-9.96093750     0.05039622379809999969
-9.86328125     0.05431900420309999922
-9.76562500     0.05838416298719999870
-9.66796875     0.06259108955839999544
-9.57031250     0.06693914869629999376
-9.47265625     0.07142768115620000413
-9.37500000     0.07605600512309999839
-9.27734375     0.08082341806989999655
-9.17968750     0.08572919840999999874
-9.08203125     0.09077260645359999658
-8.98437500     0.09595288450979999606
-8.88671875     0.10126925633099999324
-8.78906250     0.10672092627300000522
-8.69140625     0.11230707848599999488
-8.59375000     0.11802687625900000479
-8.49609375     0.12387946148400000301
-8.39843750     0.12986395421099999892
-8.30078125     0.13597945241699999075
-8.20312500     0.14222503222300000858
-8.10546875     0.14859974876500001151
-8.00781250     0.15510263764400000763
-7.91015625     0.16173271656999999024
-7.81250000     0.16848898664299999384
-7.71484375     0.17537043289000001089
-7.61718750     0.18237602403000000018
-7.51953125     0.18950471167899998748
-7.42187500     0.19675542914700000496
-7.32421875     0.20412709003499998617
-7.22656250     0.21161858705000000103
-7.12890625     0.21922879175500001314
-7.03125000     0.22695655573099998703
-6.93359375     0.23480071301300001196
-6.83593750     0.24276008295500001166
-6.73828125     0.25083347243900000478
-6.64062500     0.25901967734100000973
-6.54296875     0.26731748403400001912
-6.44531250     0.27572567153600002765
-6.34765625     0.28424301500799997733
-6.25000000     0.29286829094400002038
-6.15234375     0.30160028361399998653
-6.05468750     0.31043779249100000861
-5.95703125     0.31937964151199998986
-5.85937500     0.32842469236999999316
-5.76171875     0.33757186457400001345
-5.66406250     0.34682016418000000124
-5.56640625     0.35616872186100001496
-5.46875000     0.36561684054999998850
-5.37109375     0.37516405381299999799
-5.27343750     0.38481019761800000500
-5.17578125     0.39455549889399998964
-5.07812500     0.40440068466500000977
-4.98046875     0.41434711615300001686
-4.88281250     0.42439695276200001262
-4.78515625     0.43455334997200001368
-4.68750000     0.44482069369600002462
-4.58984375     0.45520487364299999644
-4.49218750     0.46571359902900000272
-4.39453125     0.47635675813500000242
-4.29687500     0.48714681911300000694
-4.19921875     0.49809926820900002342
-4.10156250     0.50923308282000001590
-4.00390625     0.52057123227199997295
-3.90625000     0.53214118828500001079
-3.80859375     0.54397542256099995495
-3.71093750     0.55611187451300003737
-3.61328125     0.56859436947800001683
-3.51562500     0.58147294815499994680
-3.41796875     0.59480405295899996254
-3.32031250     0.60865053512500000288
-3.22265625     0.62308149585100003343
-3.12500000     0.63817192409300005362
-3.02734375     0.65400192214499996979
-2.92968750     0.67065550535999995940
-2.83203125     0.68821917138300003902
-2.73437500     0.70678014324200000296
-2.63671875     0.72642416354499994569
-2.53906250     0.74723288985500002646
-2.44140625     0.76928092697600003458
-2.34375000     0.79263255533400001074
-2.24609375     0.81733823141600003837
-2.14843750     0.84343095709100002200
-2.05078125     0.87092265826399994921
-1.95312500     0.89980072104899999630
-1.85546875     0.93002481696700001201
-1.75781250     0.96152414987599998941
-1.66015625     0.99419530143000001132
-1.56250000     1.02790089962000008583
-1.46484375     1.06246928827999997935
-1.36718750     1.09769522399999996942
-1.26953125     1.13334158010999996868
-1.17187500     1.16914223528000005281
-1.07421875     1.20480637924999989252
-0.97656250     1.24002396458999997186
-0.87890625     1.27447170350999994248
-0.78125000     1.30781986298999997054
-0.68359375     1.33974074751000005179
-0.58593750     1.36991789017999998634
-0.48828125     1.39805294909999999753
-0.39062500     1.42386743423999995173
-0.29296875     1.44710359373000008176
-0.19531250     1.46749780701999998911
-0.09765625     1.48494592774999989437
0.00000000     1.49966420958999990809
0.09765625     1.51173556983999990422
0.19531250     1.52050623919999994271
0.29296875     1.52575733235999999593
0.39062500     1.52829055469000008038
0.48828125     1.52832563088999995315
0.58593750     1.52589762402999995494
0.68359375     1.52124336362000001088
0.78125000     1.51465474731000004915
0.87890625     1.50643810962999991077
0.97656250     1.49691280815000005155
1.07421875     1.48640491814000008652
1.17187500     1.47523878640000005724
1.26953125     1.46372932795000010309
1.36718750     1.45217521924999992677
1.46484375     1.44085303354000004994
1.56250000     1.43001245611000005198
1.66015625     1.41987266892000008056
1.75781250     1.41061993325000001320
1.85546875     1.40240634637000005647
1.95312500     1.39534970224000010042
2.05078125     1.38953435115000001332
2.14843750     1.38501292615999993529
2.24609375     1.38180878135999996026
2.34375000     1.37991897223000004047
2.44140625     1.37931761013999998333
2.53906250     1.37995943618000005415
2.63671875     1.38178346588999989564
2.73437500     1.38471656344000004779
2.83203125     1.38867682842999995430
2.92968750     1.39357671369999991384
3.02734375     1.39932583189999992790
3.12500000     1.40583341655999993769
3.22265625     1.41301038278000001824
3.32031250     1.42077101352000001455
3.41796875     1.42903422669000002010
3.51562500     1.43772436486999999339
3.61328125     1.44677175728000007027
3.71093750     1.45611313396999997316
3.80859375     1.46569172836999994658
3.90625000     1.47545713617999996181
4.00390625     1.48536504932999990913
4.10156250     1.49537688690999992502
4.19921875     1.50545935008999998139
4.29687500     1.51558393272000002661
4.39453125     1.52572641370999995125
4.49218750     1.53586635145999994556
4.58984375     1.54598659619999989623
4.68750000     1.55607283141000007909
4.78515625     1.56611315198000000670
4.88281250     1.57609768352000001457
4.98046875     1.58601824458999995926
5.07812500     1.59586805150000010656
5.17578125     1.60564146409000008120
5.27343750     1.61533376957000007756
5.37109375     1.62494100105000005563
5.46875000     1.63445978703999994508
5.56640625     1.64388722959999999951
5.66406250     1.65322080156000006390
5.76171875     1.66245826124000006807
5.85937500     1.67159759482999992208
5.95703125     1.68063696898000003443
6.05468750     1.68957468704999991260
6.15234375     1.69840915870000008780
6.25000000     1.70713887675999997917
6.34765625     1.71576239968999999519
6.44531250     1.72427833836999999662
6.54296875     1.73268534628000003828
6.64062500     1.74098211226999999290
6.73828125     1.74916735289000002673
6.83593750     1.75723981753999991540
6.93359375     1.76519828040999993135
7.03125000     1.77304152839000006558
7.12890625     1.78076837181000002808
7.22656250     1.78837764392000009295
7.32421875     1.79586819600000002772
7.42187500     1.80323889812000004440
7.51953125     1.81048863913999991127
7.61718750     1.81761632658000005236
7.71484375     1.82462088664999999565
7.81250000     1.83150126429999993150
7.91015625     1.83825642329000005226
8.00781250     1.84488534631999989699
8.10546875     1.85138703513999991479
8.20312500     1.85776051069999992293
8.30078125     1.86400481324000000249
8.39843750     1.87011900249000007079
8.49609375     1.87610215776000011090
8.59375000     1.88195337809999996281
8.69140625     1.88767178239999999789
8.78906250     1.89325650959000002516
8.88671875     1.89870671867999996074
8.98437500     1.90402158897000006732
9.08203125     1.90920032011000007088
9.17968750     1.91424213228000006382
9.27734375     1.91914626624000006494
9.37500000     1.92391198351000003441
9.47265625     1.92853856643000010074
9.57031250     1.93302531829999990620
9.66796875     1.93737156347999994743
9.76562500     1.94157664748000002852
9.86328125     1.94563993705999993544
9.96093750     1.94956082034999989006
10.05859375     1.95333870691000011099
10.15625000     1.95697302782999993376
10.25390625     1.96046323583000003943
10.35156250     1.96380880533000001797
10.44921875     1.96700923251999992836
10.54687500     1.97006403545000008393
10.64453125     1.97297275410999994882
10.74218750     1.97573495046999991764
10.83984375     1.97835020857999999144
10.93750000     1.98081813461000000309
11.03515625     1.98313835693000006799
11.13281250     1.98531052610999991792
11.23046875     1.98733431507000002370
11.32812500     1.98920941904000003753
11.42578125     1.99093555564999991070
11.52343750     1.99251246498999989853
11.62109375     1.99393990955999989012
11.71875000     1.99521767441000008603
11.81640625     1.99634556707000010434
11.91406250     1.99732341770000010328
12.01171875     1.99815107913999989719
12.10937500     1.99882842687000006343
12.20703125     1.99935535877999992493
12.30468750     1.99973179521999999686
12.40234375     1.99995767949000002872
12.50000000     2.00003297795000012371
12.59765625     1.99995767950000002955
12.69531250     1.99973179526000000017
12.79296875     1.99935535883999992990
12.89062500     1.99882842696000007088
12.98828125     1.99815107925999990712
13.08593750     1.99732341783999989282
13.18359375     1.99634556722999989553
13.28125000     1.99521767461000010258
13.37890625     1.99393990979999990998
13.47656250     1.99251246525999992087
13.57421875     1.99093555597999993800
13.67187500     1.98920941941000006814
13.76953125     1.98733431550000005927
13.86718750     1.98531052660999995929
13.96484375     1.98313835748999989228
14.06250000     1.98081813526000005687
14.16015625     1.97835020933000005350
14.25781250     1.97573495131999998797
14.35546875     1.97297275508000002908
14.45312500     1.97006403656999995455
14.55078125     1.96700923380000003426
14.64843750     1.96380880678999991673
14.74609375     1.96046323749999995556
14.84375000     1.95697302974000009179
14.94140625     1.95333870909000006932
15.03906250     1.94956082285000009691
15.13671875     1.94563993990999994921
15.23437500     1.94157665074000007621
15.33203125     1.93737156720000003318
15.42968750     1.93302532256000003663
15.52734375     1.92853857129000005877
15.62500000     1.92391198907000005036
15.72265625     1.91914627259999992503
15.82031250     1.91424213953999999838
15.91796875     1.90920032842000009232
16.01562500     1.90402159845999996435
16.11328125     1.89870672952999997030
16.21093750     1.89325652197999994009
16.30859375     1.88767179657000006010
16.40625000     1.88195339427999996929
16.50390625     1.87610217625000008645
16.60156250     1.87011902360000004109
16.69921875     1.86400483732999999731
16.79687500     1.85776053815999997454
16.89453125     1.85138706642000006042
16.99218750     1.84488538186999995183
17.08984375     1.83825646360000005686
17.18750000     1.83150130983999992473
17.28515625     1.82462093784000001229
17.38281250     1.81761638370999989434
17.48046875     1.81048870224000002516
17.57812500     1.80323896678999995302
17.67578125     1.79586826907000007836
17.77343750     1.78837771904000009116
17.87109375     1.78076844466000006051
17.96875000     1.77304159180999998391
18.06640625     1.76519832405999999025
18.16406250     1.75723982251000010457
18.26171875     1.74916728561000001108
18.35937500     1.74098192898999992728
18.45703125     1.73268498524999992050
18.55468750     1.72427770381999989624
18.65234375     1.71576135073000002329
18.75000000     1.70713720843000005267
18.84765625     1.69840657559999996806
18.94531250     1.68957076696999997090
19.04296875     1.68063111311000001891
19.14062500     1.67158896019000002831
19.23828125     1.66244566987000008673
19.33593750     1.65320261897999998268
19.43359375     1.64386119943000008625
19.53125000     1.63442281789999999120
19.62890625     1.62488889568000005603
19.72656250     1.61526086846000005437
19.82421875     1.60554018610000004408
19.92187500     1.59572831237999990250
20.01953125     1.58582672484999998019
20.11718750     1.57583691455999996833
20.21484375     1.56576038581999998911
20.31250000     1.55559865602999991552
20.41015625     1.54535325540000001432
20.50781250     1.53502572674000004049
20.60546875     1.52461762524000010721
20.70312500     1.51413051820999999819
20.80078125     1.50356598486000003767
20.89843750     1.49292561604999995950
20.99609375     1.48221101407999999999
21.09375000     1.47142379240999998657
21.19140625     1.46056557543999998572
21.28906250     1.44963799826000006021
21.38671875     1.43864270640000002643
21.48437500     1.42758135559000010062
21.58203125     1.41645561151999999083
21.67968750     1.40526714953999998237
21.77734375     1.39401765449000003549
21.87500000     1.38270882035999997939
21.97265625     1.37134235009999994048
22.07031250     1.35991995533000009644
22.16796875     1.34844335608999998932
22.26562500     1.33691428058000005841
22.36328125     1.32533446491000006517
22.46093750     1.31370565282999995915
22.55859375     1.30202959545000007680
22.65625000     1.29030805101000001223
22.75390625     1.27854278460999992717
22.85156250     1.26673556791000008204
22.94921875     1.25488817888999992789
23.04687500     1.24300240160000008416
23.14453125     1.23108002585000009255
23.24218750     1.21912284696999995148
23.33984375     1.20713266553000009296
23.43750000     1.19511128707000002791
23.53515625     1.18306052182000009942
23.63281250     1.17098218443999990690
23.73046875     1.15887809376000006090
23.82812500     1.14675007245999993621
23.92578125     1.13459994684000009535
24.02343750     1.12242954653000004406
24.12109375     1.11024070419999998371
24.21875000     1.09803525530999990245
24.31640625     1.08581503782999999608
24.41406250     1.07358189193999997713
24.51171875     1.06133765976999994152
24.60937500     1.04908418512999990213
24.70703125     1.03682331321999998686
24.80468750     1.02455689033999997051
24.90234375     1.01228676362999991944
