-50.00000000     1.00007843215000002957
-49.90234375     1.01234540182999999125
-49.80468750     1.02460998825999993755
-49.70703125     1.03687035916999992224
-49.60937500     1.04912468890000010191
-49.51171875     1.06137115896999989495
-49.41406250     1.07360795846000001141
-49.31640625     1.08583328444000004609
-49.21875000     1.09804534224000005516
-49.12109375     1.11024234570999991156
-49.02343750     1.12242251727999997613
-48.92578125     1.13458408801999999227
-48.82812500     1.14672529752999996511
-48.73046875     1.15884439370999992036
-48.63281250     1.17093963244000009993
-48.53515625     1.18300927712000003567
-48.43750000     1.19505159814000005980
-48.33984375     1.20706487214999991231
-48.24218750     1.21904738127000000780
-48.14453125     1.23099741198000001141
-48.04687500     1.24291325454999990185
-47.94921875     1.25479320486999990081
-47.85156250     1.26663556115999997864
-47.75390625     1.27843857957999995634
-47.65625000     1.29020046093999996017
-47.55859375     1.30191969194000001231
-47.46093750     1.31359481444000003592
-47.36328125     1.32522375620999999235
-47.26562500     1.33680458842999994040
-47.16796875     1.34833576372999996984
-47.07031250     1.35981561586000010422
-46.97265625     1.37124241511000000138
-46.87500000     1.38261437738999992675
-46.77734375     1.39392973656000007665
-46.67968750     1.40518672064999994298
-46.58203125     1.41638355123000003744
-46.48437500     1.42751844303000008374
-46.38671875     1.43858960492999998770
-46.28906250     1.44959524143999995971
-46.19140625     1.46053355461000000659
-46.09375000     1.47140274629999989742
-45.99609375     1.48220102078000004475
-45.89843750     1.49292658761999996742
-45.80078125     1.50357766473000009633
-45.70312500     1.51415248174000005577
-45.60546875     1.52464928372000008139
-45.50781250     1.53506633489999999576
-45.41015625     1.54540192030000000933
-45.31250000     1.55565434578000005850
-45.21484375     1.56582196398999995424
-45.11718750     1.57590325288000010495
-45.01953125     1.58589663103000000355
-44.92187500     1.59580012913999991220
-44.82421875     1.60561222208999998529
-44.72656250     1.61533196371000009606
-44.62890625     1.62495797981000000831
-44.53125000     1.63448864493000001197
-44.43359375     1.64392254131000004058
-44.33593750     1.65325839865000001616
-44.23828125     1.66249496559000009555
-44.14062500     1.67163101035000005723
-44.04296875     1.68066532739000007446
-43.94531250     1.68959673670999999118
-43.84765625     1.69842407920000004751
-43.75000000     1.70714621190000004347
-43.65234375     1.71576200326000005703
-43.55468750     1.72427032828000004194
-43.45703125     1.73267006410999990784
-43.35937500     1.74096008589000006417
-43.26171875     1.74913926461999991169
-43.16406250     1.75720646680000003315
-43.06640625     1.76516053925000004909
-42.96875000     1.77300026198000004740
-42.87109375     1.78072446693999997258
-42.77343750     1.78833223124000006976
-42.67578125     1.79582240717999996882
-42.57812500     1.80319348523000000384
-42.48046875     1.81044424191999997475
-42.38281250     1.81757368172999989042
-42.28515625     1.82458068889000002422
-42.18750000     1.83146409946999999541
-42.08984375     1.83822278166000008248
-41.99218750     1.84485562626999999303
-41.89453125     1.85136154459000001893
-41.79687500     1.85773946621999996864
-41.69921875     1.86398833907000005539
-41.60156250     1.87010712937000000977
-41.50390625     1.87609482188999998620
-41.40625000     1.88195042098999998359
-41.30859375     1.88767295173999993807
-41.21093750     1.89326145977999993342
-41.11328125     1.89871501590999991471
-41.01562500     1.90403274688000001547
-40.91796875     1.90921386178000007661
-40.82031250     1.91425741057000009526
-40.72265625     1.91916229662999993089
-40.62500000     1.92392795979000008622
-40.52734375     1.92855395195999990143
-40.42968750     1.93303950993999995589
-40.33203125     1.93738392529000003073
-40.23437500     1.94158661670999999060
-40.13671875     1.94564713699999991547
-40.03906250     1.94956507074000007229
-39.94140625     1.95334004345999989738
-39.84375000     1.95697169812000004718
-39.74609375     1.96045965997999993569
-39.64843750     1.96380348969000007031
-39.55078125     1.96700265266999996250
-39.45312500     1.97005653710000006029
-39.35546875     1.97296450945999990445
-39.25781250     1.97572597204000000026
-39.16015625     1.97834039870999989219
-39.06250000     1.98080733733999991841
-38.96484375     1.98312637824999993263
-38.86718750     1.98529713841999999602
-38.76953125     1.98731942893000002037
-38.67187500     1.98919356605999997356
-38.57421875     1.99091954071999999165
-38.47656250     1.99249689219999992496
-38.37890625     1.99392550883000008177
-38.28125000     1.99520544484000006413
-38.18359375     1.99633656224000000101
-38.08593750     1.99731837497000008774
-37.98828125     1.99815026224000003019
-37.89062500     1.99883122949999991746
-37.79296875     1.99936011419999992711
-37.69531250     1.99973692875999997653
-37.59765625     1.99996206924999997412
-37.50000000     2.00003511867000005608
-37.40234375     1.99995605921000008109
-37.30468750     1.99972587020000003299
-37.20703125     1.99934594727999992436
-37.10937500     1.99881717409000003727
-37.01171875     1.99813939617000002613
-36.91406250     1.99731321986000009971
-36.81640625     1.99634033335000005138
-36.71875000     1.99522030360000002247
-36.62109375     1.99395099354999993935
-36.52343750     1.99253048258000009518
-36.42578125     1.99095768508999992896
-36.32812500     1.98923305505999992171
-36.23046875     1.98735605505000001436
-36.13281250     1.98532405517999999134
-36.03515625     1.98313780309999998508
-35.93750000     1.98080140386999992153
-35.83984375     1.97831774702999996229
-35.74218750     1.97568909625999999946
-35.64453125     1.97291754425999998901
-35.54687500     1.97000411063999991690
-35.44921875     1.96694824691999992083
-35.35156250     1.96375223313999991426
-35.25390625     1.96041947750999989708
-35.15625000     1.95694750991999999457
-35.05859375     1.95333285511999998896
-34.96093750     1.94957471113999991630
-34.86328125     1.94567242349000002477
-34.76562500     1.94162523355999994124
-34.66796875     1.93743243069999993011
-34.57031250     1.93309412531000002211
-34.47265625     1.92861117668000003889
-34.37500000     1.92398489862000010575
-34.27734375     1.91921424775000004637
-34.17968750     1.91429871233999993052
-34.08203125     1.90924177791999993836
-33.98437500     1.90404601122999994622
-33.88671875     1.89871263000999990211
-33.78906250     1.89324321643999993192
-33.69140625     1.88763957950000005326
-33.59375000     1.88190350330000000234
-33.49609375     1.87603668676000001625
-33.39843750     1.87004073929000003140
-33.30078125     1.86391723212999993464
-33.20312500     1.85766719359999998851
-33.10546875     1.85129114010000006552
-33.00781250     1.84478987712999997761
-32.91015625     1.83816584844000008303
-32.81250000     1.83142033029000006472
-32.71484375     1.82455242167999998060
-32.61718750     1.81756238918999990517
-32.51953125     1.81045108311000002566
-32.42187500     1.80321903608000000396
-32.32421875     1.79586667612999995036
-32.22656250     1.78839446760000009284
-32.12890625     1.78080293324999994198
-32.03125000     1.77309266234000006968
-31.93359375     1.76526432357000007123
-31.83593750     1.75731866957000004703
-31.73828125     1.74925653098999989155
-31.64062500     1.74107877530000010324
-31.54296875     1.73278663397999999063
-31.44531250     1.72438165183999991825
-31.34765625     1.71586530767999989600
-31.25000000     1.70723791646000000455
-31.15234375     1.69850044684000001105
-31.05468750     1.68965545955999996153
-30.95703125     1.68070473212999993429
-30.85937500     1.67164964048000008745
-30.76171875     1.66249182560000008380
-30.66406250     1.65323303606000004962
-30.56640625     1.64387503924999989202
-30.46875000     1.63441961570999994002
-30.37109375     1.62486855775999994300
-30.27343750     1.61522366235000003343
-30.17578125     1.60548672316000007321
-30.07812500     1.59565952361999996434
-29.98046875     1.58574383058000001334
-29.88281250     1.57574138951000009001
-29.78515625     1.56565392045999995929
-29.68750000     1.55548311818999995815
-29.58984375     1.54523068807999996999
-29.49218750     1.53489828903000002924
-29.39453125     1.52448739168999991556
-29.29687500     1.51399922530000008436
-29.19921875     1.50343548049000008682
-29.10156250     1.49279846628000001374
-29.00390625     1.48208956051999996006
-28.90625000     1.47130966322000000801
-28.80859375     1.46046032824999993949
-28.71093750     1.44954316422000006881
-28.61328125     1.43855964368000011078
-28.51562500     1.42751121870000008407
-28.41796875     1.41639934861999994276
-28.32031250     1.40522549723000000910
-28.22265625     1.39399113417999997999
-28.12500000     1.38269773925999994724
-28.02734375     1.37134680663000008138
-27.92968750     1.35993984835000003564
-27.83203125     1.34847839733000007811
-27.73437500     1.33696400929999992258
-27.63671875     1.32539826381999992222
-27.53906250     1.31378276443999997269
-27.44140625     1.30211913822999991730
-27.34375000     1.29040903513999993812
-27.24609375     1.27865412745000006645
-27.14843750     1.26685610950999993918
-27.05078125     1.25501669775999991074
-26.95312500     1.24313762854999998453
-26.85546875     1.23122065338000008516
-26.75781250     1.21926752064000010201
-26.66015625     1.20728007912000001589
-26.56250000     1.19526024640999994908
-26.46484375     1.18321002477999992486
-26.36718750     1.17113095960999991085
-26.26953125     1.15902464135000005108
-26.17187500     1.14689332260999998780
-26.07421875     1.13473901575999991387
-25.97656250     1.12256351784999997001
-25.87890625     1.11036871705000006472
-25.78125000     1.09815653380999989075
-25.68359375     1.08592888834000000919
-25.58593750     1.07368770208999997351
-25.48828125     1.06143490027000009235
-25.39062500     1.04917241165000008074
-25.29296875     1.03690216767000009668
-25.19531250     1.02462610124999997652
-25.09765625     1.01234614500999997588
-25.00000000     1.00006422925999993723
-24.90234375     0.98778227993300005139
-24.80468750     0.97550221664900005347
-24.70703125     0.96322595136199995469
-24.60937500     0.95095538770200005452
-24.51171875     0.93869242114899997809
-24.41406250     0.92643893988399994566
-24.31640625     0.91419682598300000542
-24.21875000     0.90196795649299998932
-24.12109375     0.88975420400399996002
-24.02343750     0.87755743651899997815
-23.92578125     0.86537951672400004188
-23.82812500     0.85322230087499995044
-23.73046875     0.84108763759399995941
-23.63281250     0.82897736677500000191
-23.53515625     0.81689331875000004146
-23.43750000     0.80483731387099999299
-23.33984375     0.79281116266300000195
-23.24218750     0.78081666658299997419
-23.14453125     0.76885561924900003294
-23.04687500     0.75692980774899998320
-22.94921875     0.74504101363700003802
-22.85156250     0.73319101332100000690
-22.75390625     0.72138157784800005512
-22.65625000     0.70961447232099994498
-22.55859375     0.69789145593799994938
-22.46093750     0.68621428245799998002
-22.36328125     0.67458470504699996617
-22.26562500     0.66300445688999998239
-22.16796875     0.65147524617200003316
-22.07031250     0.63999874873399997810
-21.97265625     0.62857669972899998800
-21.87500000     0.61721086908500000234
-21.77734375     0.60590290100199994949
-21.67968750     0.59465443035900000801
-21.58203125     0.58346714982900005353
-21.48437500     0.57234273592600004577
-21.38671875     0.56128284988999999072
-21.28906250     0.55028914534299999683
-21.19140625     0.53936326711399995570
-21.09375000     0.52850684948899995241
-20.99609375     0.51772151525700005337
-20.89843750     0.50700887509199998870
-20.80078125     0.49637052716599999735
-20.70312500     0.48580805717199998517
-20.60546875     0.47532303893299998609
-20.50781250     0.46491703556500002525
-20.41015625     0.45459160090099998142
-20.31250000     0.44434828062900000312
-20.21484375     0.43418861260100000132
-20.11718750     0.42411412606100001854
-20.01953125     0.41412633989499997300
-19.92187500     0.40422676035600002553
-19.82421875     0.39441687885400000813
-19.72656250     0.38469817038699999356
-19.62890625     0.37507209304799998817
-19.53125000     0.36554008880900001888
-19.43359375     0.35610358550499998653
-19.33593750     0.34676399953699998946
-19.23828125     0.33752273859900000508
-19.14062500     0.32838120377500001901
-19.04296875     0.31934079083700001034
-18.94531250     0.31040289127199999220
-18.84765625     0.30156889405300002505
-18.75000000     0.29284018909400000297
-18.65234375     0.28421817275999999852
-18.55468750     0.27570425550599997333
-18.45703125     0.26729987185199999278
-18.35937500     0.25900649366799999296
-18.26171875     0.25082565019500002723
-18.16406250     0.24275895726499999161
-18.06640625     0.23480815454400000286
-17.96875000     0.22697515159799999673
-17.87109375     0.21926208525999998922
-17.77343750     0.21167139057400000124
-17.67578125     0.20420588905199998919
-17.57812500     0.19686889801599999350
-17.48046875     0.18966436480000001263
-17.38281250     0.18259703035300001162
-17.28515625     0.17567262629899998982
-17.18750000     0.16889810843499999948
-17.08984375     0.16228192952299999585
-16.99218750     0.15583435472099999020
-16.89453125     0.14956782108200000758
-16.79687500     0.14349733867899999717
-16.69921875     0.13764092929499999185
-16.60156250     0.13202009925999999562
-16.50390625     0.12666033871999998750
-16.40625000     0.12159163004400000418
-16.30859375     0.11684894444799999447
-16.21093750     0.11247271015699999985
-16.11328125     0.10850923101800000192
-16.01562500     0.10501101508700000364
-15.91796875     0.10203696217299999816
-15.82031250     0.09965237414930000481
-15.72265625     0.09792877674149999545
-15.62500000     0.09694355625480000072
-15.52734375     0.09677923421860000486
-15.42968750     0.09752226236140000559
-15.33203125     0.09926154609630000181
-15.23437500     0.10208668980900000023
-15.13671875     0.10608580619700000436
-15.03906250     0.11134291483800000389
-14.94140625     0.11793497398900000539
-14.84375000     0.12592860548000001097
-14.74609375     0.13537659708200000530
-14.64843750     0.14631427678899999734
-14.55078125     0.15875588928100001218
-14.45312500     0.17269112383099999297
-14.35546875     0.18808193745499998673
-14.25781250     0.20485980921599999949
-14.16015625     0.22292358820600000069
-14.06250000     0.24213815319800000014
-13.96484375     0.26233407780500000994
-13.86718750     0.28330833400299998415
-13.76953125     0.30482599134600002477
-13.67187500     0.32662308692699998369
-13.57421875     0.34841093890399998934
-13.47656250     0.36988163015100000708
-13.37890625     0.39071398268700002765
-13.28125000     0.41058028407000002336
-13.18359375     0.42915480560399998922
-13.08593750     0.44612312005999998910
-12.98828125     0.46118893358399998261
-12.89062500     0.47407559980800001442
-12.79296875     0.48452718969199998211
-12.69531250     0.49228203009499998943
-12.59765625     0.49723770053400001556
-12.50000000     0.49961164587099998746
-12.40234375     0.49948958598699999545
-12.30468750     0.49622040696100000456
-12.20703125     0.48958484698100002142
-12.10937500     0.48038646140199997570
-12.01171875     0.46884773514799998884
-11.91406250     0.45500528314799998375
-11.81640625     0.43909746550000000598
-11.71875000     0.42141785122600000646
-11.62109375     0.40227445223699997978
-11.52343750     0.38198828017399999446
-11.42578125     0.36088704857600001352
-11.32812500     0.33929672760399998133
-11.23046875     0.31753383810000002097
-11.13281250     0.29589864220099998393
-11.03515625     0.27466927618499997754
-10.93750000     0.25409696352200000780
-10.83984375     0.23440239781700000776
-10.74218750     0.21577332374300001172
-10.64453125     0.19836329172600000725
-10.54687500     0.18229151726900000297
-10.44921875     0.16764374049200000960
-10.35156250     0.15447395288599999330
-10.25390625     0.14280683453900000490
-10.15625000     0.13264073288500000114
-10.05859375     0.12395101796599999888
-9.96093750     0.11669365829000000190
-9.86328125     0.11080886543899999552
-9.76562500     0.10622466611000000447
-9.66796875     0.10286028955699999532
-9.57031250     0.10062928861799999569
-9.47265625     0.09944234661839999878
-9.37500000     0.09920973473659999708
-9.27734375     0.09984337290330000392
-9.17968750     0.10125851891300000074
-9.08203125     0.10337503829100000430
-8.98437500     0.10611819496400000384
-8.88671875     0.10941920667000000489
-8.78906250     0.11321565873000000169
-8.69140625     0.11745161109799999444
-8.59375000     0.12207745678799999944
-8.49609375     0.12704965499599998879
-8.39843750     0.13233036207599999101
-8.30078125     0.13788698634400001208
-8.20312500     0.14369169856799998697
-8.10546875     0.14972092420399998880
-8.00781250     0.15595483773700000163
-7.91015625     0.16237687480499998771
-7.81250000     0.16897327346800000702
-7.71484375     0.17573265225000000989
-7.61718750     0.18264562933399999811
-7.51953125     0.18970448466199998916
-7.42187500     0.19690286463199999090
-7.32421875     0.20423552768200001206
-7.22656250     0.21169812811700000621
-7.12890625     0.21928703452100001270
-7.03125000     0.22699918538399999068
-6.93359375     0.23483195317200000751
-6.83593750     0.24278303933699998951
-6.73828125     0.25085041118399997728
-6.64062500     0.25903223581500001149
-6.54296875     0.26732682423999998278
-6.44531250     0.27573259158599999763
-6.34765625     0.28424802627599998761
-6.25000000     0.29287166749999998805
-6.15234375     0.30160207286700002616
-6.05468750     0.31043785973400001010
-5.95703125     0.31937766062099998132
-5.85937500     0.32842005629600001804
-5.76171875     0.33756364405200001144
-5.66406250     0.34680703299799997552
-5.56640625     0.35614881690099997602
-5.46875000     0.36558757855700002581
-5.37109375     0.37512188972100002360
-5.27343750     0.38475031004900001053
-5.17578125     0.39447138655100000282
-5.07812500     0.40428365331799998028
-4.98046875     0.41418563140199998740
-4.88281250     0.42417582879900000981
-4.78515625     0.43425274052099999134
-4.68750000     0.44441484871399999923
-4.58984375     0.45466062281300001491
-4.49218750     0.46498851973100002732
-4.39453125     0.47539698405899999401
-4.29687500     0.48588444828200000325
-4.19921875     0.49644933300299998180
-4.10156250     0.50709004716100003485
-4.00390625     0.51780498827800003347
-3.90625000     0.52859254271300004646
-3.80859375     0.53945108595799995399
-3.71093750     0.55037898286300002137
-3.61328125     0.56137458776299997698
-3.51562500     0.57243624458200004224
-3.41796875     0.58356228715600000356
-3.32031250     0.59475103970999998459
-3.22265625     0.60600081724999999011
-3.12500000     0.61730992579400001397
-3.02734375     0.62867666250900000602
-2.92968750     0.64009931584199997179
-2.83203125     0.65157616568200005247
-2.73437500     0.66310548360599996798
-2.63671875     0.67468553317599999630
-2.53906250     0.68631457026200004545
-2.44140625     0.69799084336299999087
-2.34375000     0.70971259392999996862
-2.24609375     0.72147805665499997740
-2.14843750     0.73328545974299996768
-2.05078125     0.74513302515500001721
-1.95312500     0.75701896884099995066
-1.85546875     0.76894150095900004604
-1.75781250     0.78089882611100003285
-1.66015625     0.79288914359200002302
-1.56250000     0.80491064766499997862
-1.46484375     0.81696152785099995786
-1.36718750     0.82903996923900002969
-1.26953125     0.84114415278499998774
-1.17187500     0.85327225561700004164
-1.07421875     0.86542245130799999586
-0.97656250     0.87759291014899998284
-0.87890625     0.88978179940000001746
-0.78125000     0.90198728354500001814
-0.68359375     0.91420752454999998360
-0.58593750     0.92644068212899999271
-0.48828125     0.93868491402700005022
-0.39062500     0.95093837630699995511
-0.29296875     0.96319922363999999071
-0.19531250     0.97546560959799999413
-0.09765625     0.98773568693400004559
0.00000000     1.00000760785999998070
0.09765625     1.01227952434000001425
0.19531250     1.02454958829999998038
0.29296875     1.03681595198999998431
0.39062500     1.04907676818999995305
0.48828125     1.06133019051000010435
0.58593750     1.07357437367000008166
0.68359375     1.08580747379000008834
0.78125000     1.09802764865000002104
0.87890625     1.11023305798999993854
0.97656250     1.12242186378000008418
1.07421875     1.13459223047000001827
1.17187500     1.14674232531999997775
1.26953125     1.15887031862000000615
1.36718750     1.17097438400999998009
1.46484375     1.18305269870000007160
1.56250000     1.19510344382000011088
1.66015625     1.20712480462000004700
1.75781250     1.21911497079999997517
1.85546875     1.23107213672999993292
1.95312500     1.24299450178999992822
2.05078125     1.25488027055999995518
2.14843750     1.26672765315000002140
2.24609375     1.27853486546999994822
2.34375000     1.29030012946000005591
2.44140625     1.30202167337000007663
2.53906250     1.31369773205000006655
2.63671875     1.32532654718999998167
2.73437500     1.33690636759999992300
2.83203125     1.34843544947999993688
2.92968750     1.35991205666000003482
3.02734375     1.37133446085999999298
3.12500000     1.38270094198000004226
3.22265625     1.39400978835000000089
3.32031250     1.40525929694999995867
3.41796875     1.41644777372000008064
3.51562500     1.42757353378999995996
3.61328125     1.43863490172999997085
3.71093750     1.44963021179999995702
3.80859375     1.46055780820999991931
3.90625000     1.47141604539000003804
4.00390625     1.48220328819000002341
4.10156250     1.49291791215000002602
4.19921875     1.50355830376999999309
4.29687500     1.51412286068999990540
4.39453125     1.52460999202000002661
4.49218750     1.53501811849000002752
4.58984375     1.54534567272999989740
4.68750000     1.55559109953999996634
4.78515625     1.56575285604000002948
4.88281250     1.57582941198000003880
4.98046875     1.58581924993999989759
5.07812500     1.59572086553999992198
5.17578125     1.60553276769999997420
5.27343750     1.61525347883999992327
5.37109375     1.62488153514000011057
5.46875000     1.63441548669000003002
5.56640625     1.64385389777999990635
5.66406250     1.65319534709000004469
5.76171875     1.66243842788999995896
5.85937500     1.67158174824999994357
5.95703125     1.68062393129999998465
6.05468750     1.68956361535999999290
6.15234375     1.69839945422000004882
6.25000000     1.70713011727999997014
6.34765625     1.71575428979999999868
6.44531250     1.72427067305999992541
6.54296875     1.73267798457999999684
6.64062500     1.74097495831000004252
6.73828125     1.74916034479999993323
6.83593750     1.75723291142000004328
6.93359375     1.76519144252999993228
7.03125000     1.77303473962999991187
7.12890625     1.78076162162999995786
7.22656250     1.78837092490999993721
7.32421875     1.79586150361000007614
7.42187500     1.80323222971000007853
7.51953125     1.81048199326000003317
7.61718750     1.81760970250999998044
7.71484375     1.82461428410999992877
7.81250000     1.83149468323000008674
7.91015625     1.83824986374999999050
8.00781250     1.84487880841000007059
8.10546875     1.85138051897000011081
8.20312500     1.85775401630999992264
8.30078125     1.86399834067000003124
8.39843750     1.87011255170999990405
8.49609375     1.87609572867999996326
8.59375000     1.88194697058000004475
8.69140625     1.88766539627000007329
8.78906250     1.89325014462000007498
8.88671875     1.89870037460999996348
8.98437500     1.90401526548999999733
9.08203125     1.90919401689999990168
9.17968750     1.91423584895999998601
9.27734375     1.91914000243000004708
9.37500000     1.92390573879000004176
9.47265625     1.92853234036000009688
9.57031250     1.93301911042000007512
9.66796875     1.93736537331000002737
9.76562500     1.94157047452999997894
9.86328125     1.94563378081999993618
9.96093750     1.94955468029999989810
10.05859375     1.95333258251000008165
10.15625000     1.95696691854000004440
10.25390625     1.96045714110000002250
10.35156250     1.96380272458000004754
10.44921875     1.96700316518999995807
10.54687500     1.97005798095000006498
10.64453125     1.97296671185000005444
10.74218750     1.97572891986000009901
10.83984375     1.97834418902999997769
10.93750000     1.98081212549999996497
11.03515625     1.98313235763999995420
11.13281250     1.98530453604999990169
11.23046875     1.98732833360000005207
11.32812500     1.98920344553000005838
11.42578125     1.99092958949000009561
11.52343750     1.99250650554999997333
11.62109375     1.99393395623000002637
11.71875000     1.99521172652000000625
11.81640625     1.99633962395999997597
11.91406250     1.99731747870000009293
12.01171875     1.99814514365999995604
12.10937500     1.99882249436999992476
12.20703125     1.99934942868999998566
12.30468750     1.99972586674999996958
12.40234375     1.99995175179000006516
12.50000000     2.00002705044999995465
12.59765625     1.99995175179000006516
12.69531250     1.99972586674999996958
12.79296875     1.99934942868999998566
12.89062500     1.99882249436999992476
12.98828125     1.99814514365999995604
13.08593750     1.99731747870000009293
13.18359375     1.99633962395999997597
13.28125000     1.99521172652000000625
13.37890625     1.99393395623000002637
13.47656250     1.99250650554999997333
13.57421875     1.99092958949000009561
13.67187500     1.98920344553000005838
13.76953125     1.98732833360000005207
13.86718750     1.98530453604999990169
13.96484375     1.98313235763999995420
14.06250000     1.98081212549999996497
14.16015625     1.97834418902999997769
14.25781250     1.97572891986000009901
14.35546875     1.97296671185000005444
14.45312500     1.97005798095000006498
14.55078125     1.96700316518999995807
14.64843750     1.96380272458000004754
14.74609375     1.96045714110000002250
14.84375000     1.95696691854000004440
14.94140625     1.95333258251000008165
15.03906250     1.94955468029999989810
15.13671875     1.94563378081999993618
15.23437500     1.94157047452999997894
15.33203125     1.93736537331000002737
15.42968750     1.93301911042000007512
15.52734375     1.92853234036000009688
15.62500000     1.92390573879000004176
15.72265625     1.91914000243000004708
15.82031250     1.91423584895999998601
15.91796875     1.90919401689999990168
16.01562500     1.90401526548999999733
16.11328125     1.89870037460999996348
16.21093750     1.89325014462000007498
16.30859375     1.88766539627000007329
16.40625000     1.88194697058000004475
16.50390625     1.87609572867999996326
16.60156250     1.87011255170999990405
16.69921875     1.86399834067000003124
16.79687500     1.85775401630999992264
16.89453125     1.85138051897000011081
16.99218750     1.84487880841000007059
17.08984375     1.83824986374999999050
17.18750000     1.83149468323000008674
17.28515625     1.82461428410999992877
17.38281250     1.81760970250999998044
17.48046875     1.81048199326000003317
17.57812500     1.80323222971000007853
17.67578125     1.79586150361000007614
17.77343750     1.78837092490999993721
17.87109375     1.78076162162999995786
17.96875000     1.77303473962999991187
18.06640625     1.76519144252999993228
18.16406250     1.75723291142000004328
18.26171875     1.74916034479999993323
18.35937500     1.74097495831000004252
18.45703125     1.73267798457999999684
18.55468750     1.72427067305999992541
18.65234375     1.71575428979999999868
18.75000000     1.70713011727999997014
18.84765625     1.69839945422000004882
18.94531250     1.68956361535999999290
19.04296875     1.68062393129999998465
19.14062500     1.67158174824999994357
19.23828125     1.66243842788999995896
19.33593750     1.65319534709000004469
19.43359375     1.64385389777999990635
19.53125000     1.63441548669000003002
19.62890625     1.62488153514000011057
19.72656250     1.61525347883999992327
19.82421875     1.60553276769999997420
19.92187500     1.59572086553999992198
20.01953125     1.58581924993999989759
20.11718750     1.57582941198000003880
20.21484375     1.56575285604000002948
20.31250000     1.55559109953999996634
20.41015625     1.54534567272999989740
20.50781250     1.53501811849000002752
20.60546875     1.52460999202000002661
20.70312500     1.51412286068999990540
20.80078125     1.50355830376999999309
20.89843750     1.49291791215000002602
20.99609375     1.48220328819000002341
21.09375000     1.47141604539000003804
21.19140625     1.46055780821999992014
21.28906250     1.44963021179999995702
21.38671875     1.43863490172999997085
21.48437500     1.42757353378999995996
21.58203125     1.41644777372000008064
21.67968750     1.40525929694999995867
21.77734375     1.39400978835000000089
21.87500000     1.38270094198000004226
21.97265625     1.37133446085999999298
22.07031250     1.35991205666000003482
22.16796875     1.34843544948999993771
22.26562500     1.33690636760999992383
22.36328125     1.32532654718999998167
22.46093750     1.31369773205000006655
22.55859375     1.30202167337000007663
22.65625000     1.29030012946000005591
22.75390625     1.27853486547999994905
22.85156250     1.26672765316000002223
22.94921875     1.25488027055999995518
23.04687500     1.24299450178999992822
23.14453125     1.23107213673999993375
23.24218750     1.21911497080999997600
23.33984375     1.20712480463000004782
23.43750000     1.19510344382999988966
23.53515625     1.18305269871000007242
23.63281250     1.17097438401999998092
23.73046875     1.15887031863000000698
23.82812500     1.14674232532999997858
23.92578125     1.13459223049000001993
24.02343750     1.12242186380000008583
24.12109375     1.11023305801999994102
24.21875000     1.09802764868000002352
24.31640625     1.08580747382000009083
24.41406250     1.07357437371000008497
24.51171875     1.06133019055000010766
24.60937500     1.04907676823999995719
24.70703125     1.03681595204999998927
24.80468750     1.02454958836999998617
24.90234375     1.01227952441000002004
