-50.00000000     0.00007829235846120000
-49.90234375     0.00007899080760740000
-49.80468750     0.00007970117366300000
-49.70703125     0.00008042063944660001
-49.60937500     0.00008114581747650000
-49.51171875     0.00008187269868789999
-49.41406250     0.00008259659927850000
-49.31640625     0.00008331210553649999
-49.21875000     0.00008401301715970000
-49.12109375     0.00008469228972820000
-49.02343750     0.00008534197688250000
-48.92578125     0.00008595317250860000
-48.82812500     0.00008651595276979999
-48.73046875     0.00008701932401980001
-48.63281250     0.00008745119865579999
-48.53515625     0.00008779835049190000
-48.43750000     0.00008804612653710000
-48.33984375     0.00008817843929570000
-48.24218750     0.00008817894872700000
-48.14453125     0.00008803006740190000
-48.04687500     0.00008771217135780000
-47.94921875     0.00008720398928140000
-47.85156250     0.00008648383967780001
-47.75390625     0.00008552991459800000
-47.65625000     0.00008431883315990000
-47.55859375     0.00008282574218160000
-47.46093750     0.00008102491614240000
-47.36328125     0.00007889023640130000
-47.26562500     0.00007639542132750000
-47.16796875     0.00007351413795409999
-47.07031250     0.00007022026677130000
-46.97265625     0.00006648822097950000
-46.87500000     0.00006229331642750000
-46.77734375     0.00005761218479130000
-46.67968750     0.00005242323193480000
-46.58203125     0.00004670714155010000
-46.48437500     0.00004044741999960000
-46.38671875     0.00003363097715880000
-46.28906250     0.00002624873951720000
-46.19140625     0.00001829629294580000
-46.09375000     0.00000977455147517000
-45.99609375     0.00000069044543755500
-45.89843750     -0.00000894238094141000
-45.80078125     -0.00001910287481770000
-45.70312500     -0.00002976189684860000
-45.60546875     -0.00004088157566420000
-45.50781250     -0.00005241471185190000
-45.41015625     -0.00006430425029700000
-45.31250000     -0.00007648284137370000
-45.21484375     -0.00008887251317020000
-45.11718750     -0.00010138447858400000
-45.01953125     -0.00011391910237100000
-44.92187500     -0.00012636605359500001
-44.82421875     -0.00013860466853600001
-44.72656250     -0.00015050455014800000
-44.62890625     -0.00016192643200199999
-44.53125000     -0.00017272331518400000
-44.43359375     -0.00018274183503100001
-44.33593750     -0.00019182395490400001
-44.23828125     -0.00019980966205500000
-44.14062500     -0.00020654033871200000
-44.04296875     -0.00021185688583400000
-43.94531250     -0.00021559230091600001
-43.84765625     -0.00021759501199000001
-43.75000000     -0.00021775080137900000
-43.65234375     -0.00021594982745100000
-43.55468750     -0.00021211177569700000
-43.45703125     -0.00020616989859799999
-43.35937500     -0.00019807375501900001
-43.26171875     -0.00018780310532900000
-43.16406250     -0.00017537498884599999
-43.06640625     -0.00016084590834599999
-42.96875000     -0.00014431151598700000
-42.87109375     -0.00012590758022200000
-42.77343750     -0.00010581025529400000
-42.67578125     -0.00008423544784880001
-42.57812500     -0.00006143719380079999
-42.48046875     -0.00003770503451920000
-42.38281250     -0.00001336034187120000
-42.28515625     0.00001124854123390000
-42.18750000     0.00003575252591430000
-42.08984375     0.00005976952549290000
-41.99218750     0.00008291379341750001
-41.89453125     0.00010480674382100000
-41.79687500     0.00012508884916899999
-41.69921875     0.00014343211336700001
-41.60156250     0.00015955331195700000
-41.50390625     0.00017322620129800001
-41.40625000     0.00018427775190500001
-41.30859375     0.00019255905377000001
-41.21093750     0.00019798633474200000
-41.11328125     0.00020060809921900000
-41.01562500     0.00020050630437400000
-40.91796875     0.00019773759583400000
-40.82031250     0.00019237284975699999
-40.72265625     0.00018452152805700000
-40.62500000     0.00017433880356900001
-40.52734375     0.00016203093606400001
-40.42968750     0.00014784973229599999
-40.33203125     0.00013208300276700000
-40.23437500     0.00011504057636799999
-40.13671875     0.00009704050333230000
-40.03906250     0.00007839691710050001
-39.94140625     0.00005940973224190000
-39.84375000     0.00004035828131340000
-39.74609375     0.00002150257373910000
-39.64843750     0.00000309402327337000
-39.55078125     -0.00001460784486590000
-39.45312500     -0.00003132184958550000
-39.35546875     -0.00004673981054880000
-39.25781250     -0.00006050854383690000
-39.16015625     -0.00007217534972720001
-39.06250000     -0.00008125909151810000
-38.96484375     -0.00008761956916000000
-38.86718750     -0.00009150106394060000
-38.76953125     -0.00009314736323710001
-38.67187500     -0.00009278841976290000
-38.57421875     -0.00009076318369690000
-38.47656250     -0.00008758631619320000
-38.37890625     -0.00008367888574470001
-38.28125000     -0.00007922414259040000
-38.18359375     -0.00007440304267760001
-38.08593750     -0.00006953899681440000
-37.98828125     -0.00006493932191770000
-37.89062500     -0.00006087010674560000
-37.79296875     -0.00005762098822220000
-37.69531250     -0.00005543387158780000
-37.59765625     -0.00005465076066620000
-37.50000000     -0.00005553497701140000
-37.40234375     -0.00005759959929350000
-37.30468750     -0.00005862254960990000
-37.20703125     -0.00005553309967890000
-37.10937500     -0.00004596300140190000
-37.01171875     -0.00002886704212470000
-36.91406250     -0.00000448676521462000
-36.81640625     0.00002636080276880000
-36.71875000     0.00006168086816410000
-36.62109375     0.00009643383837370000
-36.52343750     0.00012433277026399999
-36.42578125     0.00014073053843400001
-36.32812500     0.00014346478334200001
-36.23046875     0.00013173990939800001
-36.13281250     0.00010585962680400000
-36.03515625     0.00006701569837180000
-35.93750000     0.00001879306136570000
-35.83984375     -0.00003381399895000000
-35.74218750     -0.00008666387844350000
-35.64453125     -0.00013670950551300000
-35.54687500     -0.00018161455821499999
-35.44921875     -0.00021957060610000001
-35.35156250     -0.00024927396100299999
-35.25390625     -0.00026990535932800000
-35.15625000     -0.00028105753898799999
-35.05859375     -0.00028260576026200001
-34.96093750     -0.00027465211508000001
-34.86328125     -0.00025748068825800000
-34.76562500     -0.00023195886486000001
-34.66796875     -0.00019947048188699999
-34.57031250     -0.00016137987166100001
-34.47265625     -0.00011900158504200000
-34.37500000     -0.00007366269631720000
-34.27734375     -0.00002667311578160000
-34.17968750     0.00002071523974440000
-34.08203125     0.00006732909956230001
-33.98437500     0.00011208793818300000
-33.88671875     0.00015402128463700001
-33.78906250     0.00019228874186300000
-33.69140625     0.00022619830524100000
-33.59375000     0.00025521861456399999
-33.49609375     0.00027898251990900001
-33.39843750     0.00029728821341299999
-33.30078125     0.00031008088641100001
-33.20312500     0.00031742574487600000
-33.10546875     0.00031943802249900002
-33.00781250     0.00031631076101800001
-32.91015625     0.00030828464053299999
-32.81250000     0.00029571108777600000
-32.71484375     0.00027904931020799998
-32.61718750     0.00025874148763400001
-32.51953125     0.00023522441625799999
-32.42187500     0.00020895177609399999
-32.32421875     0.00018038672165200000
-32.22656250     0.00014999035947700000
-32.12890625     0.00011821447080000000
-32.03125000     0.00008549635421860000
-31.93359375     0.00005225471308870000
-31.83593750     0.00001888642801340000
-31.73828125     -0.00001423606829270000
-31.64062500     -0.00004676668920340000
-31.54296875     -0.00007838607205390000
-31.44531250     -0.00010879999938599999
-31.34765625     -0.00013773677883300000
-31.25000000     -0.00016494455081600000
-31.15234375     -0.00019018712475599999
-31.05468750     -0.00021323554708300001
-30.95703125     -0.00023385407936599999
-30.85937500     -0.00025178318278500002
-30.76171875     -0.00026671899339700001
-30.66406250     -0.00027828464534300002
-30.56640625     -0.00028599426252300000
-30.46875000     -0.00028914136575600001
-30.37109375     -0.00028682695340800002
-30.27343750     -0.00027788603745299999
-30.17578125     -0.00026075869473000002
-30.07812500     -0.00023338013366500001
-29.98046875     -0.00019305005268700000
-29.88281250     -0.00013625655040500000
-29.78515625     -0.00005848344572120000
-29.68750000     0.00004601933253740000
-29.58984375     0.00018450854361400001
-29.49218750     0.00036606391668200002
-29.39453125     0.00060194979048299997
-29.29687500     0.00090602103427900001
-29.19921875     0.00129516822463999993
-29.10156250     0.00178979367225000005
-29.00390625     0.00241430813918999980
-28.90625000     0.00319763772473000011
-28.80859375     0.00417372708466999965
-28.71093750     0.00538201557523000033
-28.61328125     0.00686785326204000009
-28.51562500     0.00868282273040000066
-28.41796875     0.01088493767239999931
-28.32031250     0.01353860875500000061
-28.22265625     0.01671442194300000114
-28.12500000     0.02048933888269999920
-28.02734375     0.02494589385159999909
-27.92968750     0.03017006707300000021
-27.83203125     0.03624995706700000209
-27.73437500     0.04327446833430000084
-27.63671875     0.05133120403909999935
-27.53906250     0.06050389289119999930
-27.44140625     0.07086929962129999427
-27.34375000     0.08249388537160000368
-27.24609375     0.09543032279299999698
-27.14843750     0.10971389199299999562
-27.05078125     0.12535884721800000241
-26.95312500     0.14235488822000000320
-26.85546875     0.16066393471199999499
-26.75781250     0.18021740305899999757
-26.66015625     0.20091410837199999428
-26.56250000     0.22261889024799999537
-26.46484375     0.24516214078500001006
-26.36718750     0.26834044065800000123
-26.26953125     0.29191837471299997286
-26.17187500     0.31563148431600002164
-26.07421875     0.33919037809500002245
-25.97656250     0.36228604875999997903
-25.87890625     0.38459623388899999430
-25.78125000     0.40579252468199999981
-25.68359375     0.42554812875800002159
-25.58593750     0.44354625266100000669
-25.48828125     0.45948862543699997563
-25.39062500     0.47310354968899998029
-25.29296875     0.48415359436999999554
-25.19531250     0.49244444648000001985
-25.09765625     0.49783260242100002557
-25.00000000     0.50023158630300001981
-24.90234375     0.49960194042099997924
-24.80468750     0.49592883451399999428
-24.70703125     0.48923701048700002358
-24.60937500     0.47966514206200000503
-24.51171875     0.46741264311100000350
-24.41406250     0.45269766349500001335
-24.31640625     0.43577194197699997691
-24.21875000     0.41692035628000001513
-24.12109375     0.39645140170699999516
-24.02343750     0.37468815216899997722
-23.92578125     0.35195992712099999356
-23.82812500     0.32859416706099997540
-23.73046875     0.30490878445699998167
-23.63281250     0.28120529143799999350
-23.53515625     0.25776289796099999263
-23.43750000     0.23483371359099999842
-23.33984375     0.21263913341999998718
-23.24218750     0.19136743357999999593
-23.14453125     0.17117255004400000473
-23.04687500     0.15217396898900001356
-22.94921875     0.13445761894300001238
-22.85156250     0.11807762635599999834
-22.75390625     0.10305877819200000289
-22.65625000     0.08939952596460000456
-22.55859375     0.07707536255850000462
-22.46093750     0.06604240816249999646
-22.36328125     0.05624105768030000091
-22.26562500     0.04759956274680000182
-22.16796875     0.04003743362440000120
-22.07031250     0.03346848126399999679
-21.97265625     0.02780355443469999938
-21.87500000     0.02295310950829999863
-21.77734375     0.01882940944059999927
-21.67968750     0.01534824496360000061
-21.58203125     0.01243061761319999917
-21.48437500     0.01000285491099999965
-21.38671875     0.00799660615722000076
-21.28906250     0.00635003578409999974
-21.19140625     0.00500798029690999961
-21.09375000     0.00392164511790999998
-20.99609375     0.00304833549794000010
-20.89843750     0.00235108910080999989
-20.80078125     0.00179822741305999995
-20.70312500     0.00136286314854999996
-20.60546875     0.00102238981484000001
-20.50781250     0.00075797369971800001
-20.41015625     0.00055406398005900003
-20.31250000     0.00039793233583400002
-20.21484375     0.00027924963596499998
-20.11718750     0.00018970404740600001
-20.01953125     0.00012266230867300000
-19.92187500     0.00007287388088690000
-19.82421875     0.00003621618693860000
-19.72656250     0.00000947810520971000
-19.62890625     -0.00000982176003787000
-19.53125000     -0.00002358582951540000
-19.43359375     -0.00003326120669760000
-19.33593750     -0.00003994003099610000
-19.23828125     -0.00004444009565070000
-19.14062500     -0.00004736889050620000
-19.04296875     -0.00004917427824250000
-18.94531250     -0.00005018361526960000
-18.84765625     -0.00005063412555210000
-18.75000000     -0.00005069624929350000
-18.65234375     -0.00005049135012890000
-18.55468750     -0.00005010501738480000
-18.45703125     -0.00004959703712030000
-18.35937500     -0.00004900871359530000
-18.26171875     -0.00004836819443240000
-18.16406250     -0.00004769437165140000
-18.06640625     -0.00004699969521970000
-17.96875000     -0.00004629217897980000
-17.87109375     -0.00004557681935240000
-17.77343750     -0.00004485658964140000
-17.67578125     -0.00004413312995810000
-17.57812500     -0.00004340722088960000
-17.48046875     -0.00004267910494410000
-17.38281250     -0.00004194870185050000
-17.28515625     -0.00004121575055930000
-17.18750000     -0.00004047990114970000
-17.08984375     -0.00003974077288050000
-16.99218750     -0.00003899798964010000
-16.89453125     -0.00003825120052410000
-16.79687500     -0.00003750009078660000
-16.69921875     -0.00003674438669760000
-16.60156250     -0.00003598385664710000
-16.50390625     -0.00003521831003270000
-16.40625000     -0.00003444759492200000
-16.30859375     -0.00003367159511660000
-16.21093750     -0.00003289022700370000
-16.11328125     -0.00003210343642720000
-16.01562500     -0.00003131119570630000
-15.91796875     -0.00003051350087080000
-15.82031250     -0.00002971036913820000
-15.72265625     -0.00002890183663880000
-15.62500000     -0.00002808795637900000
-15.52734375     -0.00002726879642660000
-15.42968750     -0.00002644443829920000
-15.33203125     -0.00002561497553560000
-15.23437500     -0.00002478051243100000
-15.13671875     -0.00002394116291710000
-15.03906250     -0.00002309704957230000
-14.94140625     -0.00002224830274430000
-14.84375000     -0.00002139505977020000
-14.74609375     -0.00002053746427840000
-14.64843750     -0.00001967566556350000
-14.55078125     -0.00001880981803750000
-14.45312500     -0.00001794008076600000
-14.35546875     -0.00001706661708400000
-14.25781250     -0.00001618959423290000
-14.16015625     -0.00001530918291250000
-14.06250000     -0.00001442555669540000
-13.96484375     -0.00001353889149550000
-13.86718750     -0.00001264936559250000
-13.76953125     -0.00001175716060400000
-13.67187500     -0.00001086246273220000
-13.57421875     -0.00000996546192411000
-13.47656250     -0.00000906634644264000
-13.37890625     -0.00000816529481053000
-13.28125000     -0.00000726247575117000
-13.18359375     -0.00000635807041574000
-13.08593750     -0.00000545231419426000
-12.98828125     -0.00000454551483295000
-12.89062500     -0.00000363797730111000
-12.79296875     -0.00000272982917619000
-12.69531250     -0.00000182091814135000
-12.59765625     -0.00000091106029936200
-12.50000000     -0.00000000049159658608
-12.40234375     0.00000091006635087000
-12.30468750     0.00000181989387593000
-12.20703125     0.00000272875720204000
-12.10937500     0.00000363684014345000
-12.01171875     0.00000454429230324000
-11.91406250     0.00000545098353819000
-11.81640625     0.00000635660686652000
-11.71875000     0.00000726085242555000
-11.62109375     0.00000816348214311000
-11.52343750     0.00000906431151421000
-11.42578125     0.00000996316780823000
-11.32812500     0.00001085986783040000
-11.23046875     0.00001175421791440000
-11.13281250     0.00001264602187860000
-11.03515625     0.00001353508633970000
-10.93750000     0.00001442122142320000
-10.83984375     0.00001530423937170000
-10.74218750     0.00001618395340570000
-10.64453125     0.00001706017750800000
-10.54687500     0.00001793272673670000
-10.44921875     0.00001880141756000000
-10.35156250     0.00001966606801860000
-10.25390625     0.00002052649776160000
-10.15625000     0.00002138252805750000
-10.05859375     0.00002223398183180000
-9.96093750     0.00002308068373010000
-9.86328125     0.00002392246018790000
-9.76562500     0.00002475913949680000
-9.66796875     0.00002559055186230000
-9.57031250     0.00002641652945910000
-9.47265625     0.00002723690648410000
-9.37500000     0.00002805151920900000
-9.27734375     0.00002886020603190000
-9.17968750     0.00002966280752700000
-9.08203125     0.00003045916649300000
-8.98437500     0.00003124912799970000
-8.88671875     0.00003203253943190000
-8.78906250     0.00003280925053350000
-8.69140625     0.00003357911344760000
-8.59375000     0.00003434198275720000
-8.49609375     0.00003509771552220000
-8.39843750     0.00003584617131580000
-8.30078125     0.00003658721225860000
-8.20312500     0.00003732070305120000
-8.10546875     0.00003804651100550000
-8.00781250     0.00003876450607310000
-7.91015625     0.00003947456087300000
-7.81250000     0.00004017655071730000
-7.71484375     0.00004087035363460000
-7.61718750     0.00004155585039280000
-7.51953125     0.00004223292451880000
-7.42187500     0.00004290146231800000
-7.32421875     0.00004356135289050000
-7.22656250     0.00004421248814730000
-7.12890625     0.00004485476282350000
-7.03125000     0.00004548807449050000
-6.93359375     0.00004611232356680000
-6.83593750     0.00004672741332650000
-6.73828125     0.00004733324990700000
-6.64062500     0.00004792974231480000
-6.54296875     0.00004851680242950000
-6.44531250     0.00004909434500690000
-6.34765625     0.00004966228768040000
-6.25000000     0.00005022055096070000
-6.15234375     0.00005076905823480000
-6.05468750     0.00005130773576280000
-5.95703125     0.00005183651267400000
-5.85937500     0.00005235532096130000
-5.76171875     0.00005286409547460000
-5.66406250     0.00005336277391270000
-5.56640625     0.00005385129681430000
-5.46875000     0.00005432960754760000
-5.37109375     0.00005479765229890000
-5.27343750     0.00005525538006000000
-5.17578125     0.00005570274261460000
-5.07812500     0.00005613969452360000
-4.98046875     0.00005656619310940000
-4.88281250     0.00005698219843910000
-4.78515625     0.00005738767330760000
-4.68750000     0.00005778258321820000
-4.58984375     0.00005816689636380000
-4.49218750     0.00005854058360650000
-4.39453125     0.00005890361845650000
-4.29687500     0.00005925597705020000
-4.19921875     0.00005959763812770000
-4.10156250     0.00005992858300920000
-4.00390625     0.00006024879557120000
-3.90625000     0.00006055826222100000
-3.80859375     0.00006085697187190000
-3.71093750     0.00006114491591650000
-3.61328125     0.00006142208819990000
-3.51562500     0.00006168848499250000
-3.41796875     0.00006194410496120000
-3.32031250     0.00006218894914120000
-3.22265625     0.00006242302090590000
-3.12500000     0.00006264632593770000
-3.02734375     0.00006285887219670000
-2.92968750     0.00006306066988999999
-2.83203125     0.00006325173143969999
-2.73437500     0.00006343207145110000
-2.63671875     0.00006360170668209999
-2.53906250     0.00006376065600890001
-2.44140625     0.00006390894038460000
-2.34375000     0.00006404658279080000
-2.24609375     0.00006417360821970000
-2.14843750     0.00006429004372440001
-2.05078125     0.00006439591847550000
-1.95312500     0.00006449126361420000
-1.85546875     0.00006457611197400000
-1.75781250     0.00006465049843640000
-1.66015625     0.00006471446019920000
-1.56250000     0.00006476802923180001
-1.46484375     0.00006481120802890000
-1.36718750     0.00006484396984999999
-1.26953125     0.00006486637697260000
-1.17187500     0.00006487863728820001
-1.07421875     0.00006488095501770000
-0.97656250     0.00006487338711600000
-0.87890625     0.00006485585213240000
-0.78125000     0.00006482822447260000
-0.68359375     0.00006479042348690000
-0.58593750     0.00006474248837540000
-0.48828125     0.00006468456747520000
-0.39062500     0.00006461684071789999
-0.29296875     0.00006453946093599999
-0.19531250     0.00006445252258570000
-0.09765625     0.00006435606413630000
0.00000000     0.00006425009445290000
0.09765625     0.00006413462451880000
0.19531250     0.00006400968882350001
0.29296875     0.00006387535019020001
0.39062500     0.00006373169130750000
0.48828125     0.00006357880127020000
0.58593750     0.00006341676490160000
0.68359375     0.00006324565855800000
0.78125000     0.00006306555173280000
0.87890625     0.00006287651136140000
0.97656250     0.00006267860573550001
1.07421875     0.00006247190642109999
1.17187500     0.00006225648820890001
1.26953125     0.00006203242803410000
1.36718750     0.00006179980385060000
1.46484375     0.00006155869399250001
1.56250000     0.00006130917705510000
1.66015625     0.00006105133206150000
1.75781250     0.00006078523866030000
1.85546875     0.00006051097722130000
1.95312500     0.00006022862882030000
2.05078125     0.00005993827516570000
2.14843750     0.00005963999852170000
2.24609375     0.00005933388165240000
2.34375000     0.00005902000778920000
2.44140625     0.00005869846060720000
2.53906250     0.00005836932420370000
2.63671875     0.00005803268307160000
2.73437500     0.00005768862207090000
2.83203125     0.00005733722639900000
2.92968750     0.00005697858156100000
3.02734375     0.00005661277334150000
3.12500000     0.00005623988777720000
3.22265625     0.00005586001112950000
3.32031250     0.00005547322985810000
3.41796875     0.00005507963059420000
3.51562500     0.00005467930011400000
3.61328125     0.00005427232531260000
3.71093750     0.00005385879317810000
3.80859375     0.00005343879076620000
3.90625000     0.00005301240517520000
4.00390625     0.00005257972352150000
4.10156250     0.00005214083291540000
4.19921875     0.00005169582043680000
4.29687500     0.00005124477311200000
4.39453125     0.00005078777789060000
4.49218750     0.00005032492162280000
4.58984375     0.00004985629103780000
4.68750000     0.00004938197272150000
4.78515625     0.00004890205309610000
4.88281250     0.00004841661839900000
4.98046875     0.00004792575466290000
5.07812500     0.00004742954769610000
5.17578125     0.00004692808306320000
5.27343750     0.00004642144606700000
5.37109375     0.00004590972173050000
5.46875000     0.00004539299477950000
5.56640625     0.00004487134962620000
5.66406250     0.00004434487035280000
5.76171875     0.00004381364069620000
5.85937500     0.00004327774403240000
5.95703125     0.00004273726336240000
6.05468750     0.00004219228129870000
6.15234375     0.00004164288005210000
6.25000000     0.00004108914141930000
6.34765625     0.00004053114677090000
6.44531250     0.00003996897704000000
6.54296875     0.00003940271271200000
6.64062500     0.00003883243381440000
6.73828125     0.00003825821990780000
6.83593750     0.00003768015007750000
6.93359375     0.00003709830292490000
7.03125000     0.00003651275656100000
7.12890625     0.00003592358859880000
7.22656250     0.00003533087614790000
7.32421875     0.00003473469580900000
7.42187500     0.00003413512366900000
7.51953125     0.00003353223529710000
7.61718750     0.00003292610574160000
7.71484375     0.00003231680952690000
7.81250000     0.00003170442065110000
7.91015625     0.00003108901258550000
8.00781250     0.00003047065827260000
8.10546875     0.00002984943012700000
8.20312500     0.00002922540003490000
8.30078125     0.00002859863935570000
8.39843750     0.00002796921892340000
8.49609375     0.00002733720904930000
8.59375000     0.00002670267952430000
8.69140625     0.00002606569962260000
8.78906250     0.00002542633810570000
8.88671875     0.00002478466322740000
8.98437500     0.00002414074273850000
9.08203125     0.00002349464389320000
9.17968750     0.00002284643345490000
9.27734375     0.00002219617770330000
9.37500000     0.00002154394244160000
9.47265625     0.00002088979300490000
9.57031250     0.00002023379426860000
9.66796875     0.00001957601065690000
9.76562500     0.00001891650615270000
9.86328125     0.00001825534430730000
9.96093750     0.00001759258825240000
10.05859375     0.00001692830071270000
10.15625000     0.00001626254401650000
10.25390625     0.00001559538010200000
10.35156250     0.00001492687052080000
10.44921875     0.00001425707644950000
10.54687500     0.00001358605872380000
10.64453125     0.00001291387789990000
10.74218750     0.00001224059429850000
10.83984375     0.00001156626794810000
10.93750000     0.00001089095838200000
11.03515625     0.00001021472443900000
11.13281250     0.00000953762446749000
11.23046875     0.00000885971726670000
11.32812500     0.00000818106328998000
11.42578125     0.00000750172435335000
11.52343750     0.00000682175994567000
11.62109375     0.00000614122142383000
11.71875000     0.00000546015151502000
11.81640625     0.00000477859906956000
11.91406250     0.00000409664730899000
12.01171875     0.00000341442671361000
12.10937500     0.00000273206726205000
12.20703125     0.00000204958709485000
12.30468750     0.00000136682725617000
12.40234375     0.00000068360518700600
12.50000000     -0.00000000000000036086
12.59765625     -0.00000068360518773200
12.69531250     -0.00000136682725688000
12.79296875     -0.00000204958709546000
12.89062500     -0.00000273206726251000
12.98828125     -0.00000341442671393000
13.08593750     -0.00000409664730927000
13.18359375     -0.00000477859906992000
13.28125000     -0.00000546015151556000
13.37890625     -0.00000614122142457000
13.47656250     -0.00000682175994657000
13.57421875     -0.00000750172435428000
13.67187500     -0.00000818106329084000
13.76953125     -0.00000885971726746000
13.86718750     -0.00000953762446814000
13.96484375     -0.00001021472443960000
14.06250000     -0.00001089095838260000
14.16015625     -0.00001156626794860000
14.25781250     -0.00001224059429880000
14.35546875     -0.00001291387789980000
14.45312500     -0.00001358605872330000
14.55078125     -0.00001425707644860000
14.64843750     -0.00001492687051960000
14.74609375     -0.00001559538010050000
14.84375000     -0.00001626254401490000
14.94140625     -0.00001692830071100000
15.03906250     -0.00001759258825080000
15.13671875     -0.00001825534430590000
15.23437500     -0.00001891650615170000
15.33203125     -0.00001957601065630000
15.42968750     -0.00002023379426820000
15.52734375     -0.00002088979300490000
15.62500000     -0.00002154394244180000
15.72265625     -0.00002219617770380000
15.82031250     -0.00002284643345560000
15.91796875     -0.00002349464389370000
16.01562500     -0.00002414074273870000
16.11328125     -0.00002478466322720000
16.21093750     -0.00002542633810540000
16.30859375     -0.00002606569962220000
16.40625000     -0.00002670267952390000
16.50390625     -0.00002733720904870000
16.60156250     -0.00002796921892260000
16.69921875     -0.00002859863935470000
16.79687500     -0.00002922540003390000
16.89453125     -0.00002984943012620000
16.99218750     -0.00003047065827200000
17.08984375     -0.00003108901258490000
17.18750000     -0.00003170442065040000
17.28515625     -0.00003231680952600000
17.38281250     -0.00003292610574080000
17.48046875     -0.00003353223529630000
17.57812500     -0.00003413512366830000
17.67578125     -0.00003473469580860000
17.77343750     -0.00003533087614780000
17.87109375     -0.00003592358859880000
17.96875000     -0.00003651275656100000
18.06640625     -0.00003709830292480000
18.16406250     -0.00003768015007710000
18.26171875     -0.00003825821990730000
18.35937500     -0.00003883243381400000
18.45703125     -0.00003940271271170000
18.55468750     -0.00003996897703990000
18.65234375     -0.00004053114677100000
18.75000000     -0.00004108914141950000
18.84765625     -0.00004164288005240000
18.94531250     -0.00004219228129900000
19.04296875     -0.00004273726336280000
19.14062500     -0.00004327774403300000
19.23828125     -0.00004381364069690000
19.33593750     -0.00004434487035350000
19.43359375     -0.00004487134962670000
19.53125000     -0.00004539299477970000
19.62890625     -0.00004590972173020000
19.72656250     -0.00004642144606640000
19.82421875     -0.00004692808306250000
19.92187500     -0.00004742954769550000
20.01953125     -0.00004792575466260000
20.11718750     -0.00004841661839900000
20.21484375     -0.00004890205309620000
20.31250000     -0.00004938197272170000
20.41015625     -0.00004985629103800000
20.50781250     -0.00005032492162320000
20.60546875     -0.00005078777789120000
20.70312500     -0.00005124477311290000
20.80078125     -0.00005169582043780000
20.89843750     -0.00005214083291640000
20.99609375     -0.00005257972352250000
21.09375000     -0.00005301240517590000
21.19140625     -0.00005343879076680000
21.28906250     -0.00005385879317860000
21.38671875     -0.00005427232531290000
21.48437500     -0.00005467930011420000
21.58203125     -0.00005507963059430000
21.67968750     -0.00005547322985820000
21.77734375     -0.00005586001112950000
21.87500000     -0.00005623988777720000
21.97265625     -0.00005661277334140000
22.07031250     -0.00005697858156070000
22.16796875     -0.00005733722639840000
22.26562500     -0.00005768862207010000
22.36328125     -0.00005803268307080000
22.46093750     -0.00005836932420300000
22.55859375     -0.00005869846060680000
22.65625000     -0.00005902000778900000
22.75390625     -0.00005933388165240000
22.85156250     -0.00005963999852180000
22.94921875     -0.00005993827516600000
23.04687500     -0.00006022862882060000
23.14453125     -0.00006051097722170000
23.24218750     -0.00006078523866070000
23.33984375     -0.00006105133206180000
23.43750000     -0.00006130917705530001
23.53515625     -0.00006155869399280000
23.63281250     -0.00006179980385110001
23.73046875     -0.00006203242803490000
23.82812500     -0.00006225648820990001
23.92578125     -0.00006247190642220000
24.02343750     -0.00006267860573660000
24.12109375     -0.00006287651136250000
24.21875000     -0.00006306555173369999
24.31640625     -0.00006324565855860000
24.41406250     -0.00006341676490200001
24.51171875     -0.00006357880127050000
24.60937500     -0.00006373169130800000
24.70703125     -0.00006387535019100000
24.80468750     -0.00006400968882450001
24.90234375     -0.00006413462452000000
