-500.00000000     0.000000042957853
-498.43750000     -0.000000295615694
-496.87500000     -0.000001059918648
-495.31250000     -0.000002043234178
-493.75000000     -0.000002948662548
-492.18750000     -0.000003646292215
-490.62500000     -0.000004130037588
-489.06250000     -0.000004411843949
-487.50000000     -0.000004495482296
-485.93750000     -0.000004377410665
-484.37500000     -0.000004058214524
-482.81250000     -0.000003552406257
-481.25000000     -0.000002883454821
-479.68750000     -0.000002083588720
-478.12500000     -0.000001188349167
-476.56250000     -0.000000229262635
-475.00000000     0.000000765399010
-473.43750000     0.000001762475973
-471.87500000     0.000002718105749
-470.31250000     0.000003582811758
-468.75000000     0.000004315267031
-467.18750000     0.000004888393232
-465.62500000     0.000005289752229
-464.06250000     0.000005513713229
-462.50000000     0.000005551156710
-460.93750000     0.000005395635756
-459.37500000     0.000005051825021
-457.81250000     0.000004540816475
-456.25000000     0.000003892596679
-454.68750000     0.000003139644210
-453.12500000     0.000002314881080
-451.56250000     0.000001447976450
-450.00000000     0.000000567589427
-448.43750000     -0.000000293119005
-446.87500000     -0.000001095916982
-445.31250000     -0.000001796058169
-443.75000000     -0.000002358081045
-442.18750000     -0.000002769600888
-440.62500000     -0.000003034365048
-439.06250000     -0.000003152355620
-437.50000000     -0.000003117987495
-435.93750000     -0.000002932090613
-434.37500000     -0.000002611664490
-432.81250000     -0.000002185233202
-431.25000000     -0.000001682221070
-429.68750000     -0.000001128613745
-428.12500000     -0.000000544909190
-426.56250000     0.000000053760285
-425.00000000     0.000000648938563
-423.43750000     0.000001209355385
-421.87500000     0.000001697923907
-420.31250000     0.000002088258202
-418.75000000     0.000002378154661
-417.18750000     0.000002578077669
-415.62500000     0.000002695225427
-414.06250000     0.000002727643868
-412.50000000     0.000002672828105
-410.93750000     0.000002541411346
-409.37500000     0.000002359635660
-407.81250000     0.000002157644049
-406.25000000     0.000001954761254
-404.68750000     0.000001753864121
-403.12500000     0.000001550567986
-401.56250000     0.000001351702813
-400.00000000     0.000001188304396
-398.43750000     0.000001085129305
-396.87500000     0.000001041288824
-395.31250000     0.000001038256600
-393.75000000     0.000001053268035
-392.18750000     0.000001067056906
-390.62500000     0.000001069241260
-389.06250000     0.000001054193677
-387.50000000     0.000001011209327
-385.93750000     0.000000921573882
-384.37500000     0.000000770421301
-382.81250000     0.000000553203161
-381.25000000     0.000000281256183
-379.68750000     -0.000000017365470
-378.12500000     -0.000000326957896
-376.56250000     -0.000000654517501
-375.00000000     -0.000001005494736
-373.43750000     -0.000001366878103
-371.87500000     -0.000001700083590
-370.31250000     -0.000001963425258
-368.75000000     -0.000002127874435
-367.18750000     -0.000002176398626
-365.62500000     -0.000002101673334
-364.06250000     -0.000001901508011
-362.50000000     -0.000001574012761
-360.93750000     -0.000001120226397
-359.37500000     -0.000000551083135
-357.81250000     0.000000102835749
-356.25000000     0.000000798210117
-354.68750000     0.000001499131496
-353.12500000     0.000002189143026
-351.56250000     0.000002859618430
-350.00000000     0.000003482331022
-348.43750000     0.000004009787480
-346.87500000     0.000004404243936
-345.31250000     0.000004647785148
-343.75000000     0.000004732697721
-342.18750000     0.000004658025127
-340.62500000     0.000004432169875
-339.06250000     0.000004071923841
-337.50000000     0.000003596292212
-335.93750000     0.000003029730909
-334.37500000     0.000002401510885
-332.81250000     0.000001743262606
-331.25000000     0.000001087880759
-329.68750000     0.000000459704120
-328.12500000     -0.000000120204990
-326.56250000     -0.000000628898877
-325.00000000     -0.000001047172683
-323.43750000     -0.000001369670188
-321.87500000     -0.000001604156345
-320.31250000     -0.000001759791669
-318.75000000     -0.000001843099573
-317.18750000     -0.000001859526006
-315.62500000     -0.000001825677817
-314.06250000     -0.000001769919199
-312.50000000     -0.000001709751226
-310.93750000     -0.000001645894739
-309.37500000     -0.000001579661483
-307.81250000     -0.000001524712111
-306.25000000     -0.000001491018103
-304.68750000     -0.000001470097534
-303.12500000     -0.000001440762685
-301.56250000     -0.000001382896929
-300.00000000     -0.000001285465557
-298.43750000     -0.000001139755200
-296.87500000     -0.000000936400288
-295.31250000     -0.000000666061936
-293.75000000     -0.000000321446738
-292.18750000     0.000000100598081
-290.62500000     0.000000597535403
-289.06250000     0.000001158743032
-287.50000000     0.000001761121361
-285.93750000     0.000002371159068
-284.37500000     0.000002958076816
-282.81250000     0.000003504345399
-281.25000000     0.000004001270655
-279.68750000     0.000004435159485
-278.12500000     0.000004783549130
-276.56250000     0.000005028210946
-275.00000000     0.000005162272262
-273.43750000     0.000005184153693
-271.87500000     0.000005100454980
-270.31250000     0.000004925459505
-268.75000000     0.000004671391741
-267.18750000     0.000004354004849
-265.62500000     0.000003994525090
-264.06250000     0.000003612024013
-262.50000000     0.000003219985015
-260.93750000     0.000002826568008
-259.37500000     0.000002436839500
-257.81250000     0.000002054273142
-256.25000000     0.000001680999536
-254.68750000     0.000001317030657
-253.12500000     0.000000959332466
-251.56250000     0.000000602283193
-250.00000000     0.000000239548171
-248.43750000     -0.000000134113118
-246.87500000     -0.000000521784756
-245.31250000     -0.000000922818846
-243.75000000     -0.000001330138048
-242.18750000     -0.000001729404309
-240.62500000     -0.000002103946428
-239.06250000     -0.000002442818045
-237.50000000     -0.000002740705627
-235.93750000     -0.000002990432863
-234.37500000     -0.000003179063049
-232.81250000     -0.000003294037198
-231.25000000     -0.000003331295835
-229.68750000     -0.000003292219641
-228.12500000     -0.000003181446787
-226.56250000     -0.000003004796400
-225.00000000     -0.000002770477061
-223.43750000     -0.000002490688069
-221.87500000     -0.000002178427150
-220.31250000     -0.000001844952147
-218.75000000     -0.000001498796140
-217.18750000     -0.000001145496765
-215.62500000     -0.000000788040619
-214.06250000     -0.000000427852021
-212.50000000     -0.000000065652840
-210.93750000     0.000000298269855
-209.37500000     0.000000664175589
-207.81250000     0.000001032765076
-206.25000000     0.000001404544566
-204.68750000     0.000001778865295
-203.12500000     0.000002152987075
-201.56250000     0.000002521432643
-200.00000000     0.000002876120296
-198.43750000     0.000003207848409
-196.87500000     0.000003508645524
-195.31250000     0.000003773090770
-193.75000000     0.000003997347077
-192.18750000     0.000004177314466
-190.62500000     0.000004309048180
-189.06250000     0.000004391223396
-187.50000000     0.000004425405851
-185.93750000     0.000004415425045
-184.37500000     0.000004365736789
-182.81250000     0.000004281419054
-181.25000000     0.000004166558126
-179.68750000     0.000004024514910
-178.12500000     0.000003858729918
-176.56250000     0.000003671805475
-175.00000000     0.000003465189514
-173.43750000     0.000003239561007
-171.87500000     0.000002995144006
-170.31250000     0.000002732076376
-168.75000000     0.000002450876771
-167.18750000     0.000002152860072
-165.62500000     0.000001840351017
-164.06250000     0.000001516642415
-162.50000000     0.000001185752752
-160.93750000     0.000000852098719
-159.37500000     0.000000520192855
-157.81250000     0.000000194422024
-156.25000000     -0.000000121113714
-154.68750000     -0.000000422774026
-153.12500000     -0.000000707602149
-151.56250000     -0.000000973523963
-150.00000000     -0.000001219374610
-148.43750000     -0.000001444696243
-146.87500000     -0.000001649419140
-145.31250000     -0.000001833567798
-143.75000000     -0.000001997024919
-142.18750000     -0.000002139384679
-140.62500000     -0.000002260023113
-139.06250000     -0.000002358388183
-137.50000000     -0.000002434144374
-135.93750000     -0.000002486780948
-134.37500000     -0.000002515381519
-132.81250000     -0.000002519392866
-131.25000000     -0.000002497947644
-129.68750000     -0.000002450776503
-128.12500000     -0.000002379067333
-126.56250000     -0.000002284902334
-125.00000000     -0.000002170231818
-123.43750000     -0.000002037074633
-121.87500000     -0.000001887610775
-120.31250000     -0.000001724042272
-118.75000000     -0.000001548464438
-117.18750000     -0.000001362805316
-115.62500000     -0.000001168814390
-114.06250000     -0.000000968079220
-112.50000000     -0.000000762050077
-110.93750000     -0.000000552058797
-109.37500000     -0.000000339331451
-107.81250000     -0.000000125005288
-106.25000000     0.000000089840878
-104.68750000     0.000000304146912
-103.12500000     0.000000516840568
-101.56250000     0.000000726834970
-100.00000000     0.000000933057404
-98.43750000     0.000001134490527
-96.87500000     0.000001330198601
-95.31250000     0.000001519324864
-93.75000000     0.000001701070496
-92.18750000     0.000001874679039
-90.62500000     0.000002039440449
-89.06250000     0.000002194706139
-87.50000000     0.000002339894187
-85.93750000     0.000002474477585
-84.37500000     0.000002597976121
-82.81250000     0.000002709980529
-81.25000000     0.000002810205793
-79.68750000     0.000002898529291
-78.12500000     0.000002974980221
-76.56250000     0.000003039713369
-75.00000000     0.000003093024850
-73.43750000     0.000003135388105
-71.87500000     0.000003167413984
-70.31250000     0.000003189745826
-68.75000000     0.000003203052468
-67.18750000     0.000003208014621
-65.62500000     0.000003205376131
-64.06250000     0.000003195840999
-62.50000000     0.000003179644566
-60.93750000     0.000003157261426
-59.37500000     0.000003129333375
-57.81250000     0.000003096275460
-56.25000000     0.000003058379636
-54.68750000     0.000003015909637
-53.12500000     0.000002969127552
-51.56250000     0.000002918319879
-50.00000000     0.000002863824640
-48.43750000     0.000002806044615
-46.87500000     0.000002745443109
-45.31250000     0.000002682528128
-43.75000000     0.000002617834572
-42.18750000     0.000002551911426
-40.62500000     0.000002485313712
-39.06250000     0.000002418592517
-37.50000000     0.000002352275903
-35.93750000     0.000002286839800
-34.37500000     0.000002222676385
-32.81250000     0.000002160071583
-31.25000000     0.000002099200150
-29.68750000     0.000002040138713
-28.12500000     0.000001982890159
-26.56250000     0.000001927411173
-25.00000000     0.000001873638268
-23.43750000     0.000001821512020
-21.87500000     0.000001770999777
-20.31250000     0.000001722112849
-18.75000000     0.000001674909611
-17.18750000     0.000001629479575
-15.62500000     0.000001585919562
-14.06250000     0.000001544329626
-12.50000000     0.000001504846374
-10.93750000     0.000001467685703
-9.37500000     0.000001433129636
-7.81250000     0.000001401427327
-6.25000000     0.000001372675838
-4.68750000     0.000001346789002
-3.12500000     0.000001323583257
-1.56250000     0.000001302895050
0.00000000     0.000001284628122
1.56250000     0.000001268721108
3.12500000     0.000001255078269
4.68750000     0.000001243617263
6.25000000     0.000001234325836
7.81250000     0.000001227311661
9.37500000     0.000001222651066
10.93750000     0.000001220398247
12.50000000     0.000001220574125
14.06250000     0.000001223181318
15.62500000     0.000001228269104
17.18750000     0.000001235882221
18.75000000     0.000001245938417
20.31250000     0.000001258230847
21.87500000     0.000001272510097
23.43750000     0.000001288509202
25.00000000     0.000001305950792
26.56250000     0.000001324559931
28.12500000     0.000001344072690
29.68750000     0.000001364237984
31.25000000     0.000001384818424
32.81250000     0.000001405594702
34.37500000     0.000001426372172
35.93750000     0.000001446983570
37.50000000     0.000001467282306
39.06250000     0.000001487127053
40.62500000     0.000001506366427
42.18750000     0.000001524835301
43.75000000     0.000001542367281
45.31250000     0.000001558814866
46.87500000     0.000001574061119
48.43750000     0.000001588013616
50.00000000     0.000001600587940
51.56250000     0.000001611695879
53.12500000     0.000001621246755
54.68750000     0.000001629189761
56.25000000     0.000001635619285
57.81250000     0.000001640794025
59.37500000     0.000001645030553
60.93750000     0.000001648620707
62.50000000     0.000001651818308
64.06250000     0.000001654856411
65.62500000     0.000001657948923
67.18750000     0.000001661296143
68.75000000     0.000001665102097
70.31250000     0.000001669577000
71.87500000     0.000001674916980
73.43750000     0.000001681269591
75.00000000     0.000001688713746
76.56250000     0.000001697285697
78.12500000     0.000001706945162
79.68750000     0.000001717447822
81.25000000     0.000001728500865
82.81250000     0.000001739989233
84.37500000     0.000001751877005
85.93750000     0.000001764038296
87.50000000     0.000001776227011
89.06250000     0.000001788213550
90.62500000     0.000001799815150
92.18750000     0.000001810853245
93.75000000     0.000001821099997
95.31250000     0.000001830262841
96.87500000     0.000001838028115
98.43750000     0.000001844024090
100.00000000     0.000001847918940
101.56250000     0.000001849657506
103.12500000     0.000001849301332
104.68750000     0.000001846897190
106.25000000     0.000001842573697
107.81250000     0.000001836613820
109.37500000     0.000001829431778
110.93750000     0.000001821534943
112.50000000     0.000001813507122
114.06250000     0.000001805907609
115.62500000     0.000001799152438
117.18750000     0.000001793491528
118.75000000     0.000001789102140
120.31250000     0.000001786082798
121.87500000     0.000001784290966
123.43750000     0.000001783379371
125.00000000     0.000001783214498
126.56250000     0.000001784008570
128.12500000     0.000001786003445
129.68750000     0.000001789352407
131.25000000     0.000001794276308
132.81250000     0.000001800993172
134.37500000     0.000001809640075
135.93750000     0.000001820125563
137.50000000     0.000001832034573
139.06250000     0.000001844689614
140.62500000     0.000001857074351
142.18750000     0.000001867762583
143.75000000     0.000001875239554
145.31250000     0.000001878119656
146.87500000     0.000001875645059
148.43750000     0.000001867514495
150.00000000     0.000001854201590
151.56250000     0.000001837346570
153.12500000     0.000001819202510
154.68750000     0.000001801770070
156.25000000     0.000001786850476
157.81250000     0.000001776606422
159.37500000     0.000001773306988
160.93750000     0.000001778348586
162.50000000     0.000001790819827
164.06250000     0.000001807692263
165.62500000     0.000001824731375
167.18750000     0.000001838013501
168.75000000     0.000001844813527
170.31250000     0.000001843414929
171.87500000     0.000001832297330
173.43750000     0.000001809832938
175.00000000     0.000001778048723
176.56250000     0.000001744236245
178.12500000     0.000001716682806
179.68750000     0.000001702095452
181.25000000     0.000001704759135
182.81250000     0.000001727523943
184.37500000     0.000001772110412
185.93750000     0.000001838875607
187.50000000     0.000001919423660
189.06250000     0.000001997881166
190.62500000     0.000002058723205
192.18750000     0.000002089417201
193.75000000     0.000002082635052
195.31250000     0.000002033511341
196.87500000     0.000001938171404
198.43750000     0.000001798210082
200.00000000     0.000001633474552
201.56250000     0.000001473804426
203.12500000     0.000001346611604
204.68750000     0.000001274556431
206.25000000     0.000001271665396
207.81250000     0.000001346133946
209.37500000     0.000001505667503
210.93750000     0.000001748320608
212.50000000     0.000002039831460
214.06250000     0.000002329266216
215.62500000     0.000002570541016
217.18750000     0.000002725135604
218.75000000     0.000002766505089
220.31250000     0.000002679963036
221.87500000     0.000002452987639
223.43750000     0.000002080928415
225.00000000     0.000001607979175
226.56250000     0.000001114079140
228.12500000     0.000000674072902
229.68750000     0.000000351874072
231.25000000     0.000000197700927
232.81250000     0.000000239143662
234.37500000     0.000000493511800
235.93750000     0.000000979551727
237.50000000     0.000001667262500
239.06250000     0.000002450529742
240.62500000     0.000003210752841
242.18750000     0.000003844485643
243.75000000     0.000004264644518
245.31250000     0.000004411077241
246.87500000     0.000004252084334
248.43750000     0.000003762567759
250.00000000     0.000002926488958
251.56250000     0.000001827830954
253.12500000     0.000000634072051
254.68750000     -0.000000494752157
256.25000000     -0.000001417438121
257.81250000     -0.000002015532597
259.37500000     -0.000002211130721
260.93750000     -0.000001964429607
262.50000000     -0.000001241461753
264.06250000     -0.000000025607883
265.62500000     0.000001558107590
267.18750000     0.000003281719095
268.75000000     0.000004932168913
270.31250000     0.000006319055704
271.87500000     0.000007278337139
273.43750000     0.000007694355998
275.00000000     0.000007510288971
276.56250000     0.000006686317816
278.12500000     0.000005183504997
279.68750000     0.000003115970181
281.25000000     0.000000764344368
282.81250000     -0.000001589717073
284.37500000     -0.000003694898029
285.93750000     -0.000005321986341
287.50000000     -0.000006289597048
289.06250000     -0.000006495377669
290.62500000     -0.000005888832872
292.18750000     -0.000004412216134
293.75000000     -0.000002080167768
295.31250000     0.000000847419392
296.87500000     0.000004006411143
298.43750000     0.000007070412728
300.00000000     0.000009737057600
301.56250000     0.000011734054948
303.12500000     0.000012856677766
304.68750000     0.000012999042178
306.25000000     0.000012106788032
307.81250000     0.000010110368469
309.37500000     0.000007063318838
310.93750000     0.000003309189219
312.50000000     -0.000000725315568
314.06250000     -0.000004659069488
315.62500000     -0.000008131413388
317.18750000     -0.000010812776976
318.75000000     -0.000012450283936
320.31250000     -0.000012903288700
321.87500000     -0.000012107686649
323.43750000     -0.000009988651181
325.00000000     -0.000006550346739
326.56250000     -0.000002128805388
328.12500000     0.000002785431922
329.68750000     0.000007749466786
331.25000000     0.000012342194900
332.81250000     0.000016163093302
334.37500000     0.000018875401930
335.93750000     0.000020251553689
337.50000000     0.000020187868218
339.06250000     0.000018621080701
340.62500000     0.000015465862599
342.18750000     0.000010875279224
343.75000000     0.000005340943276
345.31250000     -0.000000614149812
346.87500000     -0.000006513578677
348.43750000     -0.000011888737260
350.00000000     -0.000016300739223
351.56250000     -0.000019391052124
353.12500000     -0.000020925699125
354.68750000     -0.000020801541365
356.25000000     -0.000018951982341
357.81250000     -0.000015286448812
359.37500000     -0.000009990935899
360.93750000     -0.000003604531006
362.50000000     0.000003315780997
364.06250000     0.000010256767520
365.62500000     0.000016705948576
367.18750000     0.000022175196836
368.75000000     0.000026249796967
370.31250000     0.000028637655074
371.87500000     0.000029192137936
373.43750000     0.000027847986014
375.00000000     0.000024505029953
376.56250000     0.000019209932003
378.12500000     0.000012432176040
379.68750000     0.000004776245698
381.25000000     -0.000003211105719
382.81250000     -0.000010985795323
384.37500000     -0.000018005680342
385.93750000     -0.000023775473458
387.50000000     -0.000027894065195
389.06250000     -0.000030098862372
390.62500000     -0.000030272542866
392.18750000     -0.000028349606986
393.75000000     -0.000024221444089
395.31250000     -0.000018028520949
396.87500000     -0.000010322504059
398.43750000     -0.000001709802848
400.00000000     0.000007251715145
401.56250000     0.000015992253735
403.12500000     0.000023943733425
404.68750000     0.000030585436117
406.25000000     0.000035487667917
407.81250000     0.000038355959875
409.37500000     0.000039046528861
410.93750000     0.000037496671789
412.50000000     0.000033596244263
414.06250000     0.000027390900389
415.62500000     0.000019371584257
417.18750000     0.000010163091112
418.75000000     0.000000333642398
420.31250000     -0.000009537961714
421.87500000     -0.000018857793394
423.43750000     -0.000027059255921
425.00000000     -0.000033645428792
426.56250000     -0.000038227497245
428.12500000     -0.000040563666423
429.68750000     -0.000040554082581
431.25000000     -0.000038130893601
432.81250000     -0.000033177450943
434.37500000     -0.000025880554703
435.93750000     -0.000016823409901
437.50000000     -0.000006607775552
439.06250000     0.000004200004399
440.62500000     0.000015005189613
442.18750000     0.000025201508086
443.75000000     0.000034214264689
445.31250000     0.000041537451558
446.87500000     0.000046767817410
448.43750000     0.000049645949489
450.00000000     0.000050056878360
451.56250000     0.000047938599340
453.12500000     0.000043165716641
454.68750000     0.000035841128350
456.25000000     0.000026499285460
457.81250000     0.000015744149397
459.37500000     0.000004134697171
460.93750000     -0.000007739660241
462.50000000     -0.000019262989288
464.06250000     -0.000029833281895
465.62500000     -0.000038897884378
467.18750000     -0.000045985577397
468.75000000     -0.000050740942847
470.31250000     -0.000052955659843
471.87500000     -0.000052549592026
473.43750000     -0.000049442957158
475.00000000     -0.000043516350965
476.56250000     -0.000035017744746
478.12500000     -0.000024541453207
479.68750000     -0.000012660108311
481.25000000     0.000000066829895
482.81250000     0.000013035229743
484.37500000     0.000025618540588
485.93750000     0.000037206782431
487.50000000     0.000047238206831
489.06250000     0.000055228376034
490.62500000     0.000060799770782
492.18750000     0.000063719204640
493.75000000     0.000063890751609
495.31250000     0.000061246486559
496.87500000     0.000055645825218
498.43750000     0.000047225304489
500.00000000     0.000036531190430
501.56250000     0.000024139549274
503.12500000     0.000010593897578
504.68750000     -0.000003517250136
506.25000000     -0.000017568160207
507.81250000     -0.000030932831201
509.37500000     -0.000043016009887
510.93750000     -0.000053278968778
512.50000000     -0.000061266426672
514.06250000     -0.000066635968254
515.62500000     -0.000069187481016
517.18750000     -0.000068844882099
518.75000000     -0.000065526097910
520.31250000     -0.000059089936969
521.87500000     -0.000049747064859
523.43750000     -0.000038059980886
525.00000000     -0.000024571712891
526.56250000     -0.000009813817242
528.12500000     0.000005626909182
529.68750000     0.000021124594264
531.25000000     0.000036048438892
532.81250000     0.000049789985886
534.37500000     0.000061787235707
535.93750000     0.000071547429299
537.50000000     0.000078671791010
539.06250000     0.000082892223554
540.62500000     0.000084077611626
542.18750000     0.000082166951871
543.75000000     0.000077013430894
545.31250000     0.000068578969093
546.87500000     0.000057280381092
548.43750000     0.000043681379157
550.00000000     0.000028291585111
551.56250000     0.000011658974149
553.12500000     -0.000005607410906
554.68750000     -0.000022867256440
556.25000000     -0.000039478238280
557.81250000     -0.000054819649648
559.37500000     -0.000068314903339
560.93750000     -0.000079452653439
562.50000000     -0.000087810185696
564.06250000     -0.000093085957190
565.62500000     -0.000095117801205
567.18750000     -0.000093838730426
568.75000000     -0.000089119297392
570.31250000     -0.000080826874549
571.87500000     -0.000069272719771
573.43750000     -0.000055019977262
575.00000000     -0.000038574121305
576.56250000     -0.000020462305467
578.12500000     -0.000001281339731
579.68750000     0.000018325367182
581.25000000     0.000037697093604
582.81250000     0.000056178686962
584.37500000     0.000073141777879
585.93750000     0.000088005872158
587.50000000     0.000100257671561
589.06250000     0.000109472562618
590.62500000     0.000115345542235
592.18750000     0.000117710184492
593.75000000     0.000116498177164
595.31250000     0.000111577201467
596.87500000     0.000102784302629
598.43750000     0.000090398605612
600.00000000     0.000074975163275
601.56250000     0.000057008800011
603.12500000     0.000037011843662
604.68750000     0.000015571205586
606.25000000     -0.000006671343165
607.81250000     -0.000029046741503
609.37500000     -0.000050879702391
610.93750000     -0.000071508239980
612.50000000     -0.000090303089268
614.06250000     -0.000106686599535
615.62500000     -0.000120149666172
617.18750000     -0.000130271030641
618.75000000     -0.000136747148667
620.31250000     -0.000139411564699
621.87500000     -0.000138194799029
623.43750000     -0.000132957172887
625.00000000     -0.000123506601234
626.56250000     -0.000110094510093
628.12500000     -0.000093262772365
629.68750000     -0.000073488850345
631.25000000     -0.000051264693658
632.81250000     -0.000027161314797
634.37500000     -0.000001812052687
635.93750000     0.000024112834829
637.50000000     0.000049924965287
639.06250000     0.000074935385986
640.62500000     0.000098472424572
642.18750000     0.000119899205896
643.75000000     0.000138630491595
645.31250000     0.000154147674461
646.87500000     0.000166016149759
648.43750000     0.000173908933730
650.00000000     0.000177634035822
651.56250000     0.000177113960925
653.12500000     0.000172223693001
654.68750000     0.000162714972072
656.25000000     0.000148717033211
657.81250000     0.000130743024845
659.37500000     0.000109265381468
660.93750000     0.000084742484975
662.50000000     0.000057712202253
664.06250000     0.000028786325895
665.62500000     -0.000001373957800
667.18750000     -0.000032075431959
668.75000000     -0.000062608230926
670.31250000     -0.000092261923619
671.87500000     -0.000120341733738
673.43750000     -0.000146184250207
675.00000000     -0.000169172187607
676.56250000     -0.000188748619982
678.12500000     -0.000204430410031
679.68750000     -0.000215822848203
681.25000000     -0.000222657034763
682.81250000     -0.000224796371550
684.37500000     -0.000222162540893
685.93750000     -0.000214526960371
687.50000000     -0.000201697679503
689.06250000     -0.000184005217927
690.62500000     -0.000161961798939
692.18750000     -0.000135990542012
693.75000000     -0.000106555135583
695.31250000     -0.000074208168424
696.87500000     -0.000039571386760
698.43750000     -0.000003316269742
700.00000000     0.000033849374181
701.56250000     0.000071194789912
703.12500000     0.000107980521176
704.68750000     0.000143472800937
706.25000000     0.000176957673832
707.81250000     0.000207754605487
709.37500000     0.000235229413807
710.93750000     0.000258806858888
712.50000000     0.000277981551044
714.06250000     0.000292331600004
715.62500000     0.000301548035492
717.18750000     0.000305455842417
718.75000000     0.000303973535192
720.31250000     0.000296908352747
721.87500000     0.000283938992643
723.43750000     0.000265226870240
725.00000000     0.000241277707116
726.56250000     0.000212502651112
728.12500000     0.000179310035347
729.68750000     0.000142198149751
731.25000000     0.000101746189188
732.81250000     0.000058594268402
734.37500000     0.000013431584815
735.93750000     -0.000033014277423
737.50000000     -0.000079989198464
739.06250000     -0.000126724942602
740.62500000     -0.000172451664777
742.18750000     -0.000216410263838
743.75000000     -0.000257864369336
745.31250000     -0.000296111770069
746.87500000     -0.000330495248093
748.43750000     -0.000360412521657
750.00000000     -0.000385325339091
751.56250000     -0.000404771453619
753.12500000     -0.000418375165534
754.68750000     -0.000425893814003
756.25000000     -0.000427213137662
757.81250000     -0.000422206605913
759.37500000     -0.000410502439046
760.93750000     -0.000391912808341
762.50000000     -0.000366824904125
764.06250000     -0.000335679669873
765.62500000     -0.000298815041271
767.18750000     -0.000256627735835
768.75000000     -0.000209606774871
770.31250000     -0.000158313310771
771.87500000     -0.000103367797982
773.43750000     -0.000045442314708
775.00000000     0.000014747840563
776.56250000     0.000076453555234
778.12500000     0.000138901732625
779.68750000     0.000201305323113
781.25000000     0.000262873422349
782.81250000     0.000322821297072
784.37500000     0.000380380209451
785.93750000     0.000434806898089
787.50000000     0.000485392530162
789.06250000     0.000531470948936
790.62500000     0.000572426327485
792.18750000     0.000607700200136
793.75000000     0.000636797788430
795.31250000     0.000659298722193
796.87500000     0.000674866698438
798.43750000     0.000683297934157
800.00000000     0.000684508215934
801.56250000     0.000678364382411
803.12500000     0.000664440026064
804.68750000     0.000642549324593
806.25000000     0.000613097759900
807.81250000     0.000576493167911
809.37500000     0.000533026382567
810.93750000     0.000483045623047
812.50000000     0.000426986929363
814.06250000     0.000365354721808
815.62500000     0.000298711939171
817.18750000     0.000227675289847
818.75000000     0.000152909749294
820.31250000     0.000075122200645
821.87500000     -0.000004945239264
823.43750000     -0.000086522066959
825.00000000     -0.000168816351646
826.56250000     -0.000251021716561
828.12500000     -0.000332324237837
829.68750000     -0.000411909159866
831.25000000     -0.000488967335554
832.81250000     -0.000562701308275
834.37500000     -0.000632331007177
835.93750000     -0.000697099114154
837.50000000     -0.000756276074744
839.06250000     -0.000809164661267
840.62500000     -0.000855104013298
842.18750000     -0.000893473566666
843.75000000     -0.000923700078669
845.31250000     -0.000945254235925
846.87500000     -0.000957705035605
848.43750000     -0.000960768938671
850.00000000     -0.000954125276650
851.56250000     -0.000937112055334
853.12500000     -0.000908973447209
854.68750000     -0.000869662852538
856.25000000     -0.000819325396580
857.81250000     -0.000757860973483
859.37500000     -0.000685143489297
860.93750000     -0.000601110195218
862.50000000     -0.000505744598001
864.06250000     -0.000399062998525
865.62500000     -0.000281110723808
867.18750000     -0.000151958447511
868.75000000     -0.000011697323660
870.31250000     0.000139566326270
871.87500000     0.000301716537118
873.43750000     0.000474633410335
875.00000000     0.000658198990290
876.56250000     0.000852303299375
878.12500000     0.001056850552190
879.68750000     0.001271765587790
881.25000000     0.001497000561510
882.81250000     0.001732541925210
884.37500000     0.001978417700800
885.93750000     0.002234705025850
887.50000000     0.002501537929320
889.06250000     0.002779115289230
890.62500000     0.003067708934450
892.18750000     0.003367671879490
893.75000000     0.003679446717440
895.31250000     0.004003574232210
896.87500000     0.004340702317850
898.43750000     0.004691595301880
900.00000000     0.005057143760390
901.56250000     0.005438374888270
903.12500000     0.005836463457730
904.68750000     0.006252743372520
906.25000000     0.006688719813220
907.81250000     0.007146081975420
909.37500000     0.007626716428710
910.93750000     0.008132721162180
912.50000000     0.008666420425060
914.06250000     0.009230380504980
915.62500000     0.009827426603130
917.18750000     0.010460660959600
918.75000000     0.011133482355300
920.31250000     0.011849607078900
921.87500000     0.012613091411400
923.43750000     0.013428355657300
925.00000000     0.014300209752200
926.56250000     0.015233880487800
928.12500000     0.016235040433800
929.68750000     0.017309838662700
931.25000000     0.018464933418200
932.81250000     0.019707526878700
934.37500000     0.021045402153100
935.93750000     0.022486962603800
937.50000000     0.024041273520400
939.06250000     0.025718106088900
940.62500000     0.027527983524900
942.18750000     0.029482229193200
943.75000000     0.031593016502900
945.31250000     0.033873420342000
946.87500000     0.036337469784300
948.43750000     0.039000201737000
950.00000000     0.041877715122600
951.56250000     0.044987225074200
953.12500000     0.048347116477700
954.68750000     0.051976995995700
956.25000000     0.055897741451000
957.81250000     0.060131547160200
959.37500000     0.064701963523200
960.93750000     0.069633928916400
962.50000000     0.074953791701200
964.06250000     0.080689319904800
965.62500000     0.086869695804800
967.18750000     0.093525492246400
968.75000000     0.100688627073000
970.31250000     0.108392291604000
971.87500000     0.116670848678000
973.43750000     0.125559695358000
975.00000000     0.135095084928000
976.56250000     0.145313902290000
978.12500000     0.156253386462000
979.68750000     0.167950793718000
981.25000000     0.180442995106000
982.81250000     0.193766002499000
984.37500000     0.207954417892000
985.93750000     0.223040801112000
987.50000000     0.239054951975000
989.06250000     0.256023104374000
990.62500000     0.273967032202000
992.18750000     0.292903070008000
993.75000000     0.312841054479000
995.31250000     0.333783196050000
996.87500000     0.355722893806000
998.43750000     0.378643512015000
1000.00000000     0.402517143019000
1001.56250000     0.427303387809000
1003.12500000     0.452948191120000
1004.68750000     0.479382772233000
1006.25000000     0.506522696763000
1007.81250000     0.534267139033000
1009.37500000     0.562498388164000
1010.93750000     0.591081652021000
1012.50000000     0.619865210825000
1014.06250000     0.648680966971000
1015.62500000     0.677345429445000
1017.18750000     0.705661160029000
1018.75000000     0.733418695322000
1020.31250000     0.760398944857000
1021.87500000     0.786376048532000
1023.43750000     0.811120653283000
1025.00000000     0.834403549890000
1026.56250000     0.855999598128000
1028.12500000     0.875691829574000
1029.68750000     0.893275573809000
1031.25000000     0.908562522702000
1032.81250000     0.921384976335000
1034.37500000     0.931599857018000
1035.93750000     0.939094668287000
1037.50000000     0.943801812692000
1039.06250000     0.945700828087000
1040.62500000     0.944791403344000
1042.18750000     0.941004579907000
1043.75000000     0.934234736248000
1045.31250000     0.924584383007000
1046.87500000     0.912270152919000
1048.43750000     0.897452809426000
1050.00000000     0.880285306112000
1051.56250000     0.860947926117000
1053.12500000     0.839643002790000
1054.68750000     0.816586465673000
1056.25000000     0.792003269226000
1057.81250000     0.766123584678000
1059.37500000     0.739178845809000
1060.93750000     0.711397949885000
1062.50000000     0.683003814496000
1064.06250000     0.654210353567000
1065.62500000     0.625219909535000
1067.18750000     0.596221167226000
1068.75000000     0.567387556852000
1070.31250000     0.538876135444000
1071.87500000     0.510826920891000
1073.43750000     0.483362640945000
1075.00000000     0.456588850895000
1076.56250000     0.430594368102000
1078.12500000     0.405451969022000
1079.68750000     0.381219294272000
1081.25000000     0.357939909410000
1082.81250000     0.335644472793000
1084.37500000     0.314351966757000
1085.93750000     0.294070953968000
1087.50000000     0.274800826692000
1089.06250000     0.256533022703000
1090.62500000     0.239252187188000
1092.18750000     0.222937265294000
1093.75000000     0.207562514666000
1095.31250000     0.193098431392000
1096.87500000     0.179512586242000
1098.43750000     0.166770370913000
1100.00000000     0.154835656191000
1101.56250000     0.143671365705000
1103.12500000     0.133239970101000
1104.68750000     0.123503907359000
1106.25000000     0.114425935424000
1107.81250000     0.105969423539000
1109.37500000     0.098098588698800
1110.93750000     0.090778683438000
1112.50000000     0.083976140917700
1114.06250000     0.077658682886800
1115.62500000     0.071795395684900
1117.18750000     0.066356779004900
1118.75000000     0.061314771675800
1120.31250000     0.056642758280200
1121.87500000     0.052315559984600
1123.43750000     0.048309412552600
1125.00000000     0.044601934130000
1126.56250000     0.041172085039300
1128.12500000     0.038000121504700
1129.68750000     0.035067544942000
1131.25000000     0.032357048192600
1132.81250000     0.029852459857500
1134.37500000     0.027538687685800
1135.93750000     0.025401661804600
1137.50000000     0.023428278424100
1139.06250000     0.021606344524800
1140.62500000     0.019924523926300
1142.18750000     0.018372285039200
1143.75000000     0.016939850528500
1145.31250000     0.015618149047200
1146.87500000     0.014398769146600
1148.43750000     0.013273915422700
1150.00000000     0.012236366923800
1151.56250000     0.011279437812000
1153.12500000     0.010396940250400
1154.68750000     0.009583149466560
1156.25000000     0.008832770930460
1157.81250000     0.008140909573780
1159.37500000     0.007503040969670
1160.93750000     0.006914984386980
1162.50000000     0.006372877629980
1164.06250000     0.005873153572760
1165.62500000     0.005412518297680
1167.18750000     0.004987930747800
1168.75000000     0.004596583805260
1170.31250000     0.004235886709650
1171.87500000     0.003903448733400
1173.43750000     0.003597064034430
1175.00000000     0.003314697609680
1176.56250000     0.003054472276700
1178.12500000     0.002814656614070
1179.68750000     0.002593653795430
1181.25000000     0.002389991254950
1182.81250000     0.002202311126330
1184.37500000     0.002029361400370
1185.93750000     0.001869987749800
1187.50000000     0.001723125973320
1189.06250000     0.001587795013780
1190.62500000     0.001463090508480
1192.18750000     0.001348178832480
1193.75000000     0.001242291598280
1195.31250000     0.001144720577930
1196.87500000     0.001054813015980
1198.43750000     0.000971967303823
1200.00000000     0.000895628988205
1201.56250000     0.000825287088548
1203.12500000     0.000760470699662
1204.68750000     0.000700745858042
1206.25000000     0.000645712651626
1207.81250000     0.000595002554343
1209.37500000     0.000548275968194
1210.93750000     0.000505219956873
1212.50000000     0.000465546156166
1214.06250000     0.000428988847468
1215.62500000     0.000395303181787
1217.18750000     0.000364263542578
1218.75000000     0.000335662036625
1220.31250000     0.000309307103033
1221.87500000     0.000285022231122
1223.43750000     0.000262644778757
1225.00000000     0.000242024883275
1226.56250000     0.000223024457802
1228.12500000     0.000205516266264
1229.68750000     0.000189383070971
1231.25000000     0.000174516847084
1232.81250000     0.000160818058735
1234.37500000     0.000148194991974
1235.93750000     0.000136563140097
1237.50000000     0.000125844637240
1239.06250000     0.000115967736474
1240.62500000     0.000106866328884
1242.18750000     0.000098479500450
1243.75000000     0.000090751123736
1245.31250000     0.000083629481668
1246.87500000     0.000077066920883
1248.43750000     0.000071019532321
1250.00000000     0.000065446856924
1251.56250000     0.000060311614464
1253.12500000     0.000055579453701
1254.68750000     0.000051218722162
1256.25000000     0.000047200254036
1257.81250000     0.000043497174733
1259.37500000     0.000040084720816
1260.93750000     0.000036940074081
1262.50000000     0.000034042208685
1264.06250000     0.000031371750296
1265.62500000     0.000028910846307
1267.18750000     0.000026643046262
1268.75000000     0.000024553191676
1270.31250000     0.000022627314521
1271.87500000     0.000020852543690
1273.43750000     0.000019217018811
1275.00000000     0.000017709810841
1276.56250000     0.000016320848899
1278.12500000     0.000015040852846
1279.68750000     0.000013861271171
1281.25000000     0.000012774223754
1282.81250000     0.000011772449131
1284.37500000     0.000010849255902
1285.93750000     0.000009998477952
1287.50000000     0.000009214433202
1289.06250000     0.000008491885591
1290.62500000     0.000007826010051
1292.18750000     0.000007212360233
1293.75000000     0.000006646838768
1295.31250000     0.000006125669864
1296.87500000     0.000005645374055
1298.43750000     0.000005202744937
1300.00000000     0.000004794827730
1301.56250000     0.000004418899520
1303.12500000     0.000004072451062
1304.68750000     0.000003753170001
1306.25000000     0.000003458925419
1307.81250000     0.000003187753593
1309.37500000     0.000002937844872
1310.93750000     0.000002707531583
1312.50000000     0.000002495276887
1314.06250000     0.000002299664514
1315.62500000     0.000002119389297
1317.18750000     0.000001953248458
1318.75000000     0.000001800133567
1320.31250000     0.000001659023141
1321.87500000     0.000001528975826
1323.43750000     0.000001409124101
1325.00000000     0.000001298668490
1326.56250000     0.000001196872223
1328.12500000     0.000001103056314
1329.68750000     0.000001016595031
1331.25000000     0.000000936911716
1332.81250000     0.000000863474936
1334.37500000     0.000000795794932
1335.93750000     0.000000733420354
1337.50000000     0.000000675935247
1339.06250000     0.000000622956275
1340.62500000     0.000000574130161
1342.18750000     0.000000529131329
1343.75000000     0.000000487659735
1345.31250000     0.000000449438858
1346.87500000     0.000000414213860
1348.43750000     0.000000381749884
1350.00000000     0.000000351830489
1351.56250000     0.000000324256203
1353.12500000     0.000000298843193
1354.68750000     0.000000275422039
1356.25000000     0.000000253836604
1357.81250000     0.000000233942991
1359.37500000     0.000000215608585
1360.93750000     0.000000198711167
1362.50000000     0.000000183138101
1364.06250000     0.000000168785578
1365.62500000     0.000000155557929
1367.18750000     0.000000143366986
1368.75000000     0.000000132131492
1370.31250000     0.000000121776558
1371.87500000     0.000000112233167
1373.43750000     0.000000103437709
1375.00000000     0.000000095331563
1376.56250000     0.000000087860703
1378.12500000     0.000000080975336
1379.68750000     0.000000074629574
1381.25000000     0.000000068781126
1382.81250000     0.000000063391014
1384.37500000     0.000000058423318
1385.93750000     0.000000053844931
1387.50000000     0.000000049625341
1389.06250000     0.000000045736428
1390.62500000     0.000000042152274
1392.18750000     0.000000038848996
1393.75000000     0.000000035804581
1395.31250000     0.000000032998742
1396.87500000     0.000000030412780
1398.43750000     0.000000028029461
1400.00000000     0.000000025832905
1401.56250000     0.000000023808474
1403.12500000     0.000000021942679
1404.68750000     0.000000020223088
1406.25000000     0.000000018638243
1407.81250000     0.000000017177583
1409.37500000     0.000000015831376
1410.93750000     0.000000014590650
1412.50000000     0.000000013447140
1414.06250000     0.000000012393225
1415.62500000     0.000000011421883
1417.18750000     0.000000010526641
1418.75000000     0.000000009701536
1420.31250000     0.000000008941070
1421.87500000     0.000000008240175
1423.43750000     0.000000007594182
1425.00000000     0.000000006998788
1426.56250000     0.000000006450023
1428.12500000     0.000000005944234
1429.68750000     0.000000005478050
1431.25000000     0.000000005048366
1432.81250000     0.000000004652319
1434.37500000     0.000000004287272
1435.93750000     0.000000003950791
1437.50000000     0.000000003640635
1439.06250000     0.000000003354737
1440.62500000     0.000000003091193
1442.18750000     0.000000002848246
1443.75000000     0.000000002624278
1445.31250000     0.000000002417795
1446.87500000     0.000000002227423
1448.43750000     0.000000002051893
1450.00000000     0.000000001890036
1451.56250000     0.000000001740772
1453.12500000     0.000000001603109
1454.68750000     0.000000001476128
1456.25000000     0.000000001358984
1457.81250000     0.000000001250899
1459.37500000     0.000000001151150
1460.93750000     0.000000001059075
1462.50000000     0.000000000974058
1464.06250000     0.000000000895535
1465.62500000     0.000000000822980
1467.18750000     0.000000000755912
1468.75000000     0.000000000693882
1470.31250000     0.000000000636477
1471.87500000     0.000000000583314
1473.43750000     0.000000000534038
1475.00000000     0.000000000488322
1476.56250000     0.000000000445862
1478.12500000     0.000000000406375
1479.68750000     0.000000000369596
1481.25000000     0.000000000335279
1482.81250000     0.000000000303198
1484.37500000     0.000000000273144
1485.93750000     0.000000000244920
1487.50000000     0.000000000218321
1489.06250000     0.000000000193138
1490.62500000     0.000000000169220
1492.18750000     0.000000000146559
1493.75000000     0.000000000125146
1495.31250000     0.000000000104436
1496.87500000     0.000000000083110
1498.43750000     0.000000000058845
1500.00000000     0.000000000029059
