-200.00000000     0.00000000000000000000
-199.21875000     0.00000000000000000000
-198.43750000     0.00000000000000000000
-197.65625000     0.00000000000000000000
-196.87500000     0.00000000000000000000
-196.09375000     0.00000000000000000000
-195.31250000     0.00000000000000000000
-194.53125000     0.00000000000000000000
-193.75000000     0.00000000000000000000
-192.96875000     0.00000000000000000000
-192.18750000     0.00000000000000000000
-191.40625000     0.00000000000000000000
-190.62500000     0.00000000000000000000
-189.84375000     0.00000000000000000000
-189.06250000     0.00000000000000000000
-188.28125000     0.00000000000000000000
-187.50000000     0.00000000000000000000
-186.71875000     0.00000000000000000000
-185.93750000     0.00000000000000000000
-185.15625000     0.00000000000000000000
-184.37500000     0.00000000000000000000
-183.59375000     0.00000000000000000000
-182.81250000     0.00000000000000000000
-182.03125000     0.00000000000000000000
-181.25000000     0.00000000000000000000
-180.46875000     0.00000000000000000000
-179.68750000     0.00000000000000000000
-178.90625000     0.00000000000000000000
-178.12500000     0.00000000000000000000
-177.34375000     0.00000000000000000000
-176.56250000     0.00000000000000000000
-175.78125000     0.00000000000000000000
-175.00000000     0.00000000000000000000
-174.21875000     0.00000000000000000000
-173.43750000     0.00000000000000000000
-172.65625000     0.00000000000000000000
-171.87500000     0.00000000000000000000
-171.09375000     0.00000000000000000000
-170.31250000     0.00000000000000000000
-169.53125000     0.00000000000000000000
-168.75000000     0.00000000000000000000
-167.96875000     0.00000000000000000000
-167.18750000     0.00000000000000000000
-166.40625000     0.00000000000000000000
-165.62500000     0.00000000000000000000
-164.84375000     0.00000000000000000000
-164.06250000     0.00000000000000000000
-163.28125000     0.00000000000000000000
-162.50000000     0.00000000000000000000
-161.71875000     0.00000000000000000000
-160.93750000     0.00000000000000000000
-160.15625000     0.00000000000000000000
-159.37500000     0.00000000000000000000
-158.59375000     0.00000000000000000000
-157.81250000     0.00000000000000000000
-157.03125000     0.00000000000000000000
-156.25000000     0.00477738035707092092
-155.46875000     0.01512757188752299371
-154.68750000     0.02540873060081488485
-153.90625000     0.03562102930717905847
-153.12500000     0.04576464081689986252
-152.34375000     0.05583973794031342475
-151.56250000     0.06584649348780755029
-150.78125000     0.07578508026982169743
-150.00000000     0.08565567109684675551
-149.21875000     0.09545843877942518374
-148.43750000     0.10519355612815069201
-147.65625000     0.11486119595366826862
-146.87500000     0.12446153106667408317
-146.09375000     0.13399473427791541713
-145.31250000     0.14346097839819052511
-144.53125000     0.15286043623834857930
-143.75000000     0.16219328060928958624
-142.96875000     0.17145968432196437292
-142.18750000     0.18065982018737428150
-141.40625000     0.18979386101657128028
-140.62500000     0.19886197962065790823
-139.84375000     0.20786434881078691417
-139.06250000     0.21680114139816156205
-138.28125000     0.22567253019403515912
-137.50000000     0.23447868800971130576
-136.71875000     0.24321978765654359012
-135.93750000     0.25189600194593553262
-135.15625000     0.26050750368934050272
-134.37500000     0.26905446569826180214
-133.59375000     0.27753706078425233184
-132.81250000     0.28595546175891450869
-132.03125000     0.29430984143390048757
-131.25000000     0.30260037262091171728
-130.46875000     0.31082722813169916254
-129.68750000     0.31899058077806285993
-128.90625000     0.32709060337185219547
-128.12500000     0.33512746872496551598
-127.34375000     0.34310134964935029567
-126.56250000     0.35101241895700285855
-125.78125000     0.35886084945996826745
-125.00000000     0.36664681397034071253
-124.21875000     0.37437048530026267867
-123.43750000     0.38203203626192527853
-122.65625000     0.38963163966756825252
-121.87500000     0.39716946832947969126
-121.09375000     0.40464569505999592458
-120.31250000     0.41206049267150152149
-119.53125000     0.41941403397642940121
-118.75000000     0.42670649178726033357
-117.96875000     0.43393803891652305005
-117.18750000     0.44110884817679446579
-116.40625000     0.44821909238069873593
-115.62500000     0.45526894434090814379
-114.84375000     0.46225857687014271225
-114.06250000     0.46918816278116948215
-113.28125000     0.47605787488680345598
-112.50000000     0.48286788599990698723
-111.71875000     0.48961836893338911425
-110.93750000     0.49630949650020672603
-110.15625000     0.50294144151336372950
-109.37500000     0.50951437678591038338
-108.59375000     0.51602847513094485254
-107.81250000     0.52248390936161137610
-107.03125000     0.52888085229110159968
-106.25000000     0.53521947673265324319
-105.46875000     0.54149995549955098895
-104.68750000     0.54772246140512581558
-103.90625000     0.55388716726275522007
-103.12500000     0.55999424588586299567
-102.34375000     0.56604387008791923197
-101.56250000     0.57203621268243998177
-100.78125000     0.57797144648298781622
-100.00000000     0.58384974430317060357
-99.21875000     0.58967127895664261938
-98.43750000     0.59543622325710410248
-97.65625000     0.60114475001830014467
-96.87500000     0.60679703205402235611
-96.09375000     0.61239324217810753304
-95.31250000     0.61793355320443799084
-94.53125000     0.62341813794694145301
-93.75000000     0.62884716921959082914
-92.96875000     0.63422081983640421488
-92.18750000     0.63953926261144489196
-91.40625000     0.64480267035882121718
-90.62500000     0.65001121589268651135
-89.84375000     0.65516507202723839320
-89.06250000     0.66026441157672044469
-88.28125000     0.66530940735541965747
-87.50000000     0.67030023217766832033
-86.71875000     0.67523705885784346403
-85.93750000     0.68012006021036541803
-85.15625000     0.68494940904969991990
-84.37500000     0.68972527819035689411
-83.59375000     0.69444784044688978586
-82.81250000     0.69911726863389656028
-82.03125000     0.70373373556601903633
-81.25000000     0.70829741405794288678
-80.46875000     0.71280847692439819330
-79.68750000     0.71726709698015778116
-78.90625000     0.72167344704003855149
-78.12500000     0.72602769991890137025
-77.34375000     0.73033002843165006901
-76.56250000     0.73458060539323188909
-75.78125000     0.73877960361863759253
-75.00000000     0.74292719592290101804
-74.21875000     0.74702355512109885893
-73.43750000     0.75106885402835155130
-72.65625000     0.75506326545982183074
-71.87500000     0.75900696223071562052
-71.09375000     0.76290011715628169853
-70.31250000     0.76674290305181092009
-69.53125000     0.77053549273263732822
-68.75000000     0.77427805901413748746
-67.96875000     0.77797077471173003982
-67.18750000     0.78161381264087625986
-66.40625000     0.78520734561707961063
-65.62500000     0.78875154645588563262
-64.84375000     0.79224658797288194378
-64.06250000     0.79569264298369835053
-63.28125000     0.79908988430400651470
-62.50000000     0.80243848474951939842
-61.71875000     0.80573861713599270740
-60.93750000     0.80899045427922289253
-60.15625000     0.81219416899504837115
-59.37500000     0.81534993409934908293
-58.59375000     0.81845792240804615680
-57.81250000     0.82151830673710202202
-57.03125000     0.82453125990252063016
-56.25000000     0.82749695472034667798
-55.46875000     0.83041556400666616256
-54.68750000     0.83328726057760604817
-53.90625000     0.83611221724933382227
-53.12500000     0.83889060683805827257
-52.34375000     0.84162260216002859892
-51.56250000     0.84430837603153430226
-50.78125000     0.84694810126890596180
-50.00000000     0.84954195068851456885
-49.21875000     0.85209009710677086069
-48.43750000     0.85459271334012643084
-47.65625000     0.85704997220507306288
-46.87500000     0.85946204651814228637
-46.09375000     0.86182910909590537685
-45.31250000     0.86415133275497457710
-44.53125000     0.86642889031200098771
-43.75000000     0.86866195458367567728
-42.96875000     0.87085069838672979348
-42.18750000     0.87299529453793323075
-41.40625000     0.87509591585409629566
-40.62500000     0.87715273515206815258
-39.84375000     0.87916592524873726777
-39.06250000     0.88113565896103152042
-38.28125000     0.88306210910591820262
-37.50000000     0.88494544850040290918
-36.71875000     0.88678584996153031472
-35.93750000     0.88858348630638483989
-35.15625000     0.89033853035208920801
-34.37500000     0.89205115491580400100
-33.59375000     0.89372153281472976882
-32.81250000     0.89534983686610525311
-32.03125000     0.89693623988720649898
-31.25000000     0.89848091469534963061
-30.46875000     0.89998403410788774259
-29.68750000     0.90144577094221278735
-28.90625000     0.90286629801575457588
-28.12500000     0.90424578814598077781
-27.34375000     0.90558441415039736544
-26.56250000     0.90688234884654805867
-25.78125000     0.90813976505201410294
-25.00000000     0.90935683558441426921
-24.21875000     0.91053373326140585320
-23.43750000     0.91167063090068234388
-22.65625000     0.91276770131997542190
-21.87500000     0.91382511733705384938
-21.09375000     0.91484305176972413598
-20.31250000     0.91582167743582887365
-19.53125000     0.91676116715324873496
-18.75000000     0.91766169373990102986
-17.96875000     0.91852343001373948361
-17.18750000     0.91934654879275545802
-16.40625000     0.92013122289497628614
-15.62500000     0.92087762513846616041
-14.84375000     0.92158592834132646576
-14.06250000     0.92225630532169389220
-13.28125000     0.92288892889774221118
-12.50000000     0.92348397188768127641
-11.71875000     0.92404160710975746795
-10.93750000     0.92456200738225269298
-10.15625000     0.92504534552348538501
-9.37500000     0.92549179435180950470
-8.59375000     0.92590152668561509497
-7.81250000     0.92627471534332828096
-7.03125000     0.92661153314341004883
-6.25000000     0.92691215290435746699
-5.46875000     0.92717674744470335302
-4.68750000     0.92740548958301549654
-3.90625000     0.92759855213789710326
-3.12500000     0.92775610792798657300
-2.34375000     0.92787832977195794371
-1.56250000     0.92796539048851967024
-0.78125000     0.92801746289641562360
0.00000000     0.92803471981442409167
0.78125000     0.92801733406135877846
1.56250000     0.92796547845606769389
2.34375000     0.92787932581743370886
3.12500000     0.92775904896437400016
3.90625000     0.92760482071584049457
4.68750000     0.92741681389081942477
5.46875000     0.92719520130833088523
6.25000000     0.92694015578742949835
7.03125000     0.92665185014720474754
7.81250000     0.92633045720677864576
8.59375000     0.92597614978530773389
9.37500000     0.92558910070198363584
10.15625000     0.92516948277602972794
10.93750000     0.92471746882670458056
11.71875000     0.92423323167329940464
12.50000000     0.92371694413513971700
13.28125000     0.92316877903158378604
14.06250000     0.92258890918202385301
14.84375000     0.92197750740588435558
15.62500000     0.92133474652262437044
16.40625000     0.92066079935173517068
17.18750000     0.91995583871274044796
17.96875000     0.91922003742519797775
18.75000000     0.91845356830869806508
19.53125000     0.91765660418286310041
20.31250000     0.91682931786734866986
21.09375000     0.91597188218184266706
21.87500000     0.91508446994606562619
22.65625000     0.91416725397977061096
23.43750000     0.91322040710274277053
24.21875000     0.91224410213479889542
25.00000000     0.91123851189578908283
25.78125000     0.91020380920559507132
26.56250000     0.90914016688412924161
27.34375000     0.90804775775133794724
28.12500000     0.90692675462719807289
28.90625000     0.90577733033171825561
29.68750000     0.90459965768493855176
30.46875000     0.90339390950693188032
31.25000000     0.90216025861780080319
32.03125000     0.90089887783767996776
32.81250000     0.89960993998673599581
33.59375000     0.89829361788516504106
34.37500000     0.89695008435319623086
35.15625000     0.89557951221108833550
35.93750000     0.89418207427913132257
36.71875000     0.89275794337764613484
37.50000000     0.89130729232698502340
38.28125000     0.88983029394752966024
39.06250000     0.88832712105969313665
39.84375000     0.88679794648391885303
40.62500000     0.88524294304068074091
41.40625000     0.88366228355048237475
42.18750000     0.88205614083385863733
42.96875000     0.88042468771137338823
43.75000000     0.87876809700362135125
44.53125000     0.87708654153122689312
45.31250000     0.87538019411484424559
46.09375000     0.87364922757515750540
46.87500000     0.87189381473288041224
47.65625000     0.87011412840875623775
48.43750000     0.86831034142355822958
49.21875000     0.86648262659808839015
50.00000000     0.86463115675317847586
50.78125000     0.86275610470968933097
51.56250000     0.86085764328851122063
52.34375000     0.85893594531056349783
53.12500000     0.85699118359679404833
53.90625000     0.85502353096818040079
54.68750000     0.85303316024572828358
55.46875000     0.85102024425047229084
56.25000000     0.84898495580347599354
57.03125000     0.84692746772583149539
57.81250000     0.84484795283865865567
58.59375000     0.84274658396310719866
59.37500000     0.84062353392035338295
60.15625000     0.83847897553160299911
60.93750000     0.83631308161808948221
61.71875000     0.83412602500107446701
62.50000000     0.83191797850184745489
63.28125000     0.82968911494172592480
64.06250000     0.82743960714205488927
64.84375000     0.82516962792420722739
65.62500000     0.82287935010958368487
66.40625000     0.82056894651961209686
67.18750000     0.81823858997574794305
67.96875000     0.81588845329947468077
68.75000000     0.81351870931230141348
69.53125000     0.81112953083576633251
70.31250000     0.80872109069143349735
71.09375000     0.80629356170089439004
71.87500000     0.80384711668576735999
72.65625000     0.80138192846769762401
73.43750000     0.79889816986835693324
74.21875000     0.79639601370944423930
75.00000000     0.79387563281268436199
75.78125000     0.79133719999982932158
76.56250000     0.78878088809265722858
77.34375000     0.78620686991297228374
78.12500000     0.78361531828260533317
78.90625000     0.78100640602341275809
79.68750000     0.77838030595727802918
80.46875000     0.77573719090610948612
81.25000000     0.77307723369184211393
82.03125000     0.77040060713643643275
82.81250000     0.76770748406187849788
83.59375000     0.76499803729018023279
84.37500000     0.76227243964337920712
85.15625000     0.75953086394353785948
85.93750000     0.75677348301274494080
86.71875000     0.75400046967311373791
87.50000000     0.75121199674678285074
88.28125000     0.74840823705591585924
89.06250000     0.74558936342270232256
89.84375000     0.74275554866935522558
90.62500000     0.73990696561811353238
91.40625000     0.73704378709124074298
92.18750000     0.73416618591102467128
92.96875000     0.73127433489977788916
93.75000000     0.72836840687983794851
94.53125000     0.72544857467356571590
95.31250000     0.72251501110334781508
96.09375000     0.71956788899159374040
96.87500000     0.71660738116073818826
97.65625000     0.71363366043323916976
98.43750000     0.71064689963157934294
99.21875000     0.70764727157826456949
100.00000000     0.70463494909582524706
100.78125000     0.70161010500681497692
101.56250000     0.69857291213381078610
102.34375000     0.69552354329941423750
103.12500000     0.69246217132624932056
103.90625000     0.68938896903696389451
104.68750000     0.68630410925422902224
105.46875000     0.68320776480073897030
106.25000000     0.68010010849921098686
107.03125000     0.67698131317238596782
107.81250000     0.67385155164302656949
108.59375000     0.67071099673391931795
109.37500000     0.66755982126787316577
110.15625000     0.66439819806771993616
110.93750000     0.66122629995631365674
111.71875000     0.65804429975653111473
112.50000000     0.65485237029127163488
113.28125000     0.65165068438345652435
114.06250000     0.64843941485602984987
114.84375000     0.64521873453195732750
115.62500000     0.64198881623422676679
116.40625000     0.63874983278584862578
117.18750000     0.63550195700985467884
117.96875000     0.63224536172929823863
118.75000000     0.62898021976725526638
119.53125000     0.62570670394682270654
120.31250000     0.62242498709111904187
121.09375000     0.61913524202328462653
121.87500000     0.61583764156648079791
122.65625000     0.61253235854389032067
123.43750000     0.60921956577871738681
124.21875000     0.60589943609418706050
125.00000000     0.60257214231354538914
125.78125000     0.59923785726005962537
126.56250000     0.59589675375701778304
127.34375000     0.59254900462772841507
128.12500000     0.58919478269552127969
128.90625000     0.58583426078374623014
129.68750000     0.58246761171577376981
130.46875000     0.57909500831499516327
131.25000000     0.57571662340482154807
132.03125000     0.57233262980868471193
132.81250000     0.56894320035003620450
133.59375000     0.56554850785234800359
134.37500000     0.56214872513911207097
135.15625000     0.55874402503383990837
135.93750000     0.55533458036006355663
136.71875000     0.55192056394133404140
137.50000000     0.54850214860122203930
138.28125000     0.54507950716331876606
139.06250000     0.54165281245123397813
139.84375000     0.53822223728859686087
140.62500000     0.53478795449905658366
141.40625000     0.53135013690628074556
142.18750000     0.52790895733395659661
142.96875000     0.52446458860579014960
143.75000000     0.52101720354550629111
144.53125000     0.51756697497684955867
145.31250000     0.51411407572358225337
146.09375000     0.51065867860948588319
146.87500000     0.50720095645836038578
147.65625000     0.50374108209402468361
148.43750000     0.50027922834031546273
149.21875000     0.49681556802108822746
150.00000000     0.49335027396021663426
150.78125000     0.48988351898159232523
151.56250000     0.48641547590912542764
152.34375000     0.48294631756674372136
153.12500000     0.47947621677839302734
153.90625000     0.47600534636803709665
154.68750000     0.47253387915965733290
155.46875000     0.46906198797725257021
156.25000000     0.46558984564483979485
157.03125000     0.46211762498645297947
157.81250000     0.45864549882614347176
158.59375000     0.45517363998798049396
159.37500000     0.45170222129604986616
160.15625000     0.44823141557445472793
160.93750000     0.44476139564731548282
161.71875000     0.44129233433876935422
162.50000000     0.43782440447297027442
163.28125000     0.43435777887408938414
164.06250000     0.43089263036631419990
164.84375000     0.42742913177384894707
165.62500000     0.42396745592091433785
166.40625000     0.42050777563174768225
167.18750000     0.41705026373060233302
167.96875000     0.41359509304174840727
168.75000000     0.41014243638947184278
169.53125000     0.40669246659807462008
170.31250000     0.40324535649187503994
171.09375000     0.39980127889520722384
171.87500000     0.39636040663242089188
172.65625000     0.39292291252788186240
173.43750000     0.38948896940597133032
174.21875000     0.38605875009108631124
175.00000000     0.38263242740763925287
175.78125000     0.37921017418005792399
176.56250000     0.37579216323278541445
177.34375000     0.37237856739028019071
178.12500000     0.36896955947701576273
178.90625000     0.36556531231748051747
179.68750000     0.36216599873617827399
180.46875000     0.35877179155762739526
181.25000000     0.35538286360636101024
182.03125000     0.35199938770692723589
182.81250000     0.34862153668388862204
183.59375000     0.34524948336182226249
184.37500000     0.34188340056531973943
185.15625000     0.33852346111898712344
185.93750000     0.33516983784744441843
186.71875000     0.33182270357532633875
187.50000000     0.32848223112728125450
188.28125000     0.32514859332797169111
189.06250000     0.32182196300207427386
189.84375000     0.31850251297427928376
190.62500000     0.31519041606929082411
191.40625000     0.31188584511182665393
192.18750000     0.30858897292661835454
192.96875000     0.30529997233841044135
193.75000000     0.30201901617196147409
194.53125000     0.29874627725204305762
195.31250000     0.29548192840344000842
196.09375000     0.29222614245095029917
196.87500000     0.28897909221938511415
197.65625000     0.28574095053356846075
198.43750000     0.28251189021833733594
199.21875000     0.27929208409854150430
200.00000000     0.27608170499904349793
200.78125000     0.27288092574471833895
201.56250000     0.26968991916045398360
202.34375000     0.26650885807115026749
203.12500000     0.26333791530171996031
203.90625000     0.26017726367708771118
204.68750000     0.25702707602219065919
205.46875000     0.25388752516197782283
206.25000000     0.25075878392141054407
207.03125000     0.24764102512546173895
207.81250000     0.24453442159911656373
208.59375000     0.24143914616737163770
209.37500000     0.23835537165523540404
210.15625000     0.23528327088772793552
210.93750000     0.23222301668988071244
211.71875000     0.22917478188673667816
212.50000000     0.22613873930335015583
213.28125000     0.22311506176478673735
214.06250000     0.22010392209612297809
214.84375000     0.21710549312244681319
215.62500000     0.21411994766885694697
216.40625000     0.21114745856046304717
217.18750000     0.20818819862238571727
217.96875000     0.20524234067975608009
218.75000000     0.20231005755771602761
219.53125000     0.19939152208141802669
220.31250000     0.19648690707602492478
221.09375000     0.19359638536671006093
221.87500000     0.19072012977865696048
222.65625000     0.18785831313705950163
223.43750000     0.18501110826712152679
224.21875000     0.18217868799405709246
225.00000000     0.17936122514309005282
225.78125000     0.17655889253945411532
226.56250000     0.17377186300839292388
227.34375000     0.17100030937515972584
228.12500000     0.16824440446501728874
228.90625000     0.16550432110323812229
229.68750000     0.16278023211510389556
230.46875000     0.16007231032590585329
231.25000000     0.15738072856094437180
232.03125000     0.15470565964552898675
232.81250000     0.15204727640497839314
233.59375000     0.14940575166462025103
234.37500000     0.14678125824979115777
235.15625000     0.14417396898583648146
235.93750000     0.14158405669811041649
236.71875000     0.13901169421197573373
237.50000000     0.13645705435280372497
238.28125000     0.13392030994597434179
239.06250000     0.13140163381687572364
239.84375000     0.12890119879090444766
240.62500000     0.12641917769346527889
241.40625000     0.12395574334997107313
242.18750000     0.12151106858584280468
242.96875000     0.11908532622650934429
243.75000000     0.11667868909740748695
244.53125000     0.11429133002398177144
245.31250000     0.11192342183168443870
246.09375000     0.10957513734597539024
246.87500000     0.10724664939232200767
247.65625000     0.10493813079619912498
248.43750000     0.10264975438308891753
249.21875000     0.10038169297848087425
250.00000000     0.09813411940787158949
250.78125000     0.09590720649676484633
251.56250000     0.09370112707067133895
252.34375000     0.09151605395510871432
253.12500000     0.08935215997560151668
253.90625000     0.08720961795768095159
254.68750000     0.08508860072688491372
255.46875000     0.08298928110875790354
256.25000000     0.08091183192885086084
257.03125000     0.07885642601272115082
257.81250000     0.07682323618593242531
258.59375000     0.07481243527405465055
259.37500000     0.07282419610266380183
260.15625000     0.07085869149734201622
260.93750000     0.06891609428367735657
261.71875000     0.06699657728726375605
262.50000000     0.06510031333370097650
263.28125000     0.06322747524859445578
264.06250000     0.06137823585755528694
264.84375000     0.05955276798620004475
265.62500000     0.05775124446015079266
266.40625000     0.05597383810503495094
267.18750000     0.05422072174648523424
267.96875000     0.05249206821013947810
268.75000000     0.05078805032164069450
269.53125000     0.04910884090663687751
270.31250000     0.04745461279078094091
271.09375000     0.04582553879973065569
271.87500000     0.04422179175914854599
272.65625000     0.04264354449470180580
273.43750000     0.04109096983206219494
274.21875000     0.03956424059690599737
275.00000000     0.03806352961491388937
275.78125000     0.03658900971177084932
276.56250000     0.03514085371316614387
277.34375000     0.03371923444479313359
278.12500000     0.03232432473234927994
278.90625000     0.03095629740153599610
279.68750000     0.02961532527805860529
280.46875000     0.02830158118762620897
281.25000000     0.02701523795595164520
282.03125000     0.02575646840875137414
282.81250000     0.02452544537174539477
283.59375000     0.02332234167065716859
284.37500000     0.02214733013121353289
285.15625000     0.02100058357914458274
285.93750000     0.01988227484018364327
286.71875000     0.01879257674006712051
287.50000000     0.01773166210453445968
288.28125000     0.01669970375932804466
289.06250000     0.01569687453019309731
289.84375000     0.01472334724287760119
290.62500000     0.01377929472313224081
291.40625000     0.01286488979671026461
292.18750000     0.01198030528936743465
292.96875000     0.01112571402686193464
293.75000000     0.01030128883495426938
294.53125000     0.00950720253940719358
295.31250000     0.00874362796598561649
296.09375000     0.00801073794045652036
296.87500000     0.00730870528858886589
297.65625000     0.00663770283615351935
298.43750000     0.00599790340892315289
299.21875000     0.00538947983267216209
300.00000000     0.00481260493317658185
300.78125000     0.00426745153621399531
301.56250000     0.00375419246756345491
302.34375000     0.00327300055300538701
303.12500000     0.00282404861832150859
303.90625000     0.00240750948929474356
304.68750000     0.00202355599170913215
305.46875000     0.00167236095134974672
306.25000000     0.00135409719400260398
307.03125000     0.00106893754545457826
307.81250000     0.00081705483149331593
308.59375000     0.00059862187790714783
309.37500000     0.00041381151048500365
310.15625000     0.00026279655501632384
310.93750000     0.00014574983729097454
311.71875000     0.00006284418309916014
312.50000000     0.00001425241823133686
313.28125000     0.00000000000000000000
314.06250000     0.00000000000000000000
314.84375000     0.00000000000000000000
315.62500000     0.00000000000000000000
316.40625000     0.00000000000000000000
317.18750000     0.00000000000000000000
317.96875000     0.00000000000000000000
318.75000000     0.00000000000000000000
319.53125000     0.00000000000000000000
320.31250000     0.00000000000000000000
321.09375000     0.00000000000000000000
321.87500000     0.00000000000000000000
322.65625000     0.00000000000000000000
323.43750000     0.00000000000000000000
324.21875000     0.00000000000000000000
325.00000000     0.00000000000000000000
325.78125000     0.00000000000000000000
326.56250000     0.00000000000000000000
327.34375000     0.00000000000000000000
328.12500000     0.00000000000000000000
328.90625000     0.00000000000000000000
329.68750000     0.00000000000000000000
330.46875000     0.00000000000000000000
331.25000000     0.00000000000000000000
332.03125000     0.00000000000000000000
332.81250000     0.00000000000000000000
333.59375000     0.00000000000000000000
334.37500000     0.00000000000000000000
335.15625000     0.00000000000000000000
335.93750000     0.00000000000000000000
336.71875000     0.00000000000000000000
337.50000000     0.00000000000000000000
338.28125000     0.00000000000000000000
339.06250000     0.00000000000000000000
339.84375000     0.00000000000000000000
340.62500000     0.00000000000000000000
341.40625000     0.00000000000000000000
342.18750000     0.00000000000000000000
342.96875000     0.00000000000000000000
343.75000000     0.00000000000000000000
344.53125000     0.00000000000000000000
345.31250000     0.00000000000000000000
346.09375000     0.00000000000000000000
346.87500000     0.00000000000000000000
347.65625000     0.00000000000000000000
348.43750000     0.00000000000000000000
349.21875000     0.00000000000000000000
350.00000000     0.00000000000000000000
350.78125000     0.00000000000000000000
351.56250000     0.00000000000000000000
352.34375000     0.00000000000000000000
353.12500000     0.00000000000000000000
353.90625000     0.00000000000000000000
354.68750000     0.00000000000000000000
355.46875000     0.00000000000000000000
356.25000000     0.00000000000000000000
357.03125000     0.00000000000000000000
357.81250000     0.00000000000000000000
358.59375000     0.00000000000000000000
359.37500000     0.00000000000000000000
360.15625000     0.00000000000000000000
360.93750000     0.00000000000000000000
361.71875000     0.00000000000000000000
362.50000000     0.00000000000000000000
363.28125000     0.00000000000000000000
364.06250000     0.00000000000000000000
364.84375000     0.00000000000000000000
365.62500000     0.00000000000000000000
366.40625000     0.00000000000000000000
367.18750000     0.00000000000000000000
367.96875000     0.00000000000000000000
368.75000000     0.00000000000000000000
369.53125000     0.00000000000000000000
370.31250000     0.00000000000000000000
371.09375000     0.00000000000000000000
371.87500000     0.00000000000000000000
372.65625000     0.00000000000000000000
373.43750000     0.00000000000000000000
374.21875000     0.00000000000000000000
375.00000000     0.00000000000000000000
375.78125000     0.00000000000000000000
376.56250000     0.00000000000000000000
377.34375000     0.00000000000000000000
378.12500000     0.00000000000000000000
378.90625000     0.00000000000000000000
379.68750000     0.00000000000000000000
380.46875000     0.00000000000000000000
381.25000000     0.00000000000000000000
382.03125000     0.00000000000000000000
382.81250000     0.00000000000000000000
383.59375000     0.00000000000000000000
384.37500000     0.00000000000000000000
385.15625000     0.00000000000000000000
385.93750000     0.00000000000000000000
386.71875000     0.00000000000000000000
387.50000000     0.00000000000000000000
388.28125000     0.00000000000000000000
389.06250000     0.00000000000000000000
389.84375000     0.00000000000000000000
390.62500000     0.00000000000000000000
391.40625000     0.00000000000000000000
392.18750000     0.00000000000000000000
392.96875000     0.00000000000000000000
393.75000000     0.00000000000000000000
394.53125000     0.00000000000000000000
395.31250000     0.00000000000000000000
396.09375000     0.00000000000000000000
396.87500000     0.00000000000000000000
397.65625000     0.00000000000000000000
398.43750000     0.00000000000000000000
399.21875000     0.00000000000000000000
400.00000000     0.00000000000000000000
