-200.00000000     0.99999999999499999959
-199.21875000     0.99999999999099997705
-198.43750000     0.99999999998400002088
-197.65625000     0.99999999997300004217
-196.87500000     0.99999999995400001840
-196.09375000     0.99999999992400001592
-195.31250000     0.99999999987199994500
-194.53125000     0.99999999978800002687
-193.75000000     0.99999999964800001528
-192.96875000     0.99999999941899997413
-192.18750000     0.99999999904400005413
-191.40625000     0.99999999843400000366
-190.62500000     0.99999999744599998852
-189.84375000     0.99999999585300003435
-189.06250000     0.99999999329800004499
-188.28125000     0.99999998921999999624
-187.50000000     0.99999998274199997095
-186.71875000     0.99999997250700001228
-185.93750000     0.99999995641899996901
-185.15625000     0.99999993126499997498
-184.37500000     0.99999989214899998036
-183.59375000     0.99999983165999994927
-182.81250000     0.99999973864900004727
-182.03125000     0.99999959645900005079
-181.25000000     0.99999938037199997964
-180.46875000     0.99999905397699995202
-179.68750000     0.99999856402400000288
-178.90625000     0.99999783323599999996
-178.12500000     0.99999675034599999623
-177.34375000     0.99999515646600001251
-176.56250000     0.99999282663199995369
-175.78125000     0.99998944515400001176
-175.00000000     0.99998457312800004271
-174.21875000     0.99997760626999998568
-173.43750000     0.99996772106800002611
-172.65625000     0.99995380727500005058
-171.87500000     0.99993438499400000286
-171.09375000     0.99990750521399995865
-170.31250000     0.99987063373100004693
-169.53125000     0.99982052004599997197
-168.75000000     0.99975305522699997596
-167.96875000     0.99966312580000005195
-167.18750000     0.99954447445600003164
-166.40625000     0.99938958237700004084
-165.62500000     0.99918959186599998201
-164.84375000     0.99893429081899998145
-164.06250000     0.99861218150899999646
-163.28125000     0.99821065404700004553
-162.50000000     0.99771627885600000507
-161.71875000     0.99711522205100000527
-160.93750000     0.99639377328699996195
-160.15625000     0.99553895876800002629
-159.37500000     0.99453919534400003766
-158.59375000     0.99338492838100000970
-157.81250000     0.99206918956099998663
-157.03125000     0.99058801373200000562
-156.25000000     0.98894066686299997304
-155.46875000     0.98712965869799995655
-154.68750000     0.98516054011999998341
-153.90625000     0.98304151158300001612
-153.12500000     0.98078289036300003723
-152.34375000     0.97839649711999998605
-151.56250000     0.97589502487400003883
-150.78125000     0.97329144676699996808
-150.00000000     0.97059850546000003835
-149.21875000     0.96782831025100002353
-148.43750000     0.96499205126999998416
-147.65625000     0.96209982613500000248
-146.87500000     0.95916056452800002585
-146.09375000     0.95618203071800000892
-145.31250000     0.95317088244899994542
-144.53125000     0.95013276600700002916
-143.75000000     0.94707243034699994944
-142.96875000     0.94399384708900002661
-142.18750000     0.94090032710000004457
-141.40625000     0.93779462782099998197
-140.62500000     0.93467904827500003506
-139.84375000     0.93155551071499997917
-139.06250000     0.92842562921000004739
-138.28125000     0.92529076627399997612
-137.50000000     0.92215207902999996037
-136.71875000     0.91901055651800001023
-135.93750000     0.91586704968199994514
-135.15625000     0.91272229541100002859
-134.37500000     0.90957693582099996554
-133.59375000     0.90643153375800000759
-132.81250000     0.90328658531200001214
-132.03125000     0.90014252997800003886
-131.25000000     0.89699975894899997009
-130.46875000     0.89385862194999998742
-129.68750000     0.89071943288499999536
-128.90625000     0.88758247455999994546
-128.12500000     0.88444800264599998663
-127.34375000     0.88131624902500005359
-126.56250000     0.87818742464099996958
-125.78125000     0.87506172193800002557
-125.00000000     0.87193931695500004331
-124.21875000     0.86882037113199994671
-123.43750000     0.86570503288400002528
-122.65625000     0.86259343896800000362
-121.87500000     0.85948571567800002846
-121.09375000     0.85638197989900000096
-120.31250000     0.85328234002500003008
-119.53125000     0.85018689678500003470
-118.75000000     0.84709574396200004731
-117.96875000     0.84400896903599997856
-117.18750000     0.84092665376099995367
-116.40625000     0.83784887467699997732
-115.62500000     0.83477570356800001594
-114.84375000     0.83170720787700003207
-114.06250000     0.82864345107500003706
-113.28125000     0.82558449299600000781
-112.50000000     0.82253039014499995663
-111.71875000     0.81948119596699997569
-110.93750000     0.81643696109899999147
-110.15625000     0.81339773360000000579
-109.37500000     0.81036355915199997924
-108.59375000     0.80733448125700002507
-107.81250000     0.80431054140600000135
-107.03125000     0.80129177923899996827
-106.25000000     0.79827823269499997849
-105.46875000     0.79526993814299995478
-104.68750000     0.79226693050999996704
-103.90625000     0.78926924339600001979
-103.12500000     0.78627690918199999448
-102.34375000     0.78328995912999999085
-101.56250000     0.78030842347499995704
-100.78125000     0.77733233151500003011
-100.00000000     0.77436171169199996545
-99.21875000     0.77139659166700003112
-98.43750000     0.76843699839400003704
-97.65625000     0.76548295818900002896
-96.87500000     0.76253449679399998296
-96.09375000     0.75959163944100005494
-95.31250000     0.75665441090600005225
-94.53125000     0.75372283556999997156
-93.75000000     0.75079693747099995882
-92.96875000     0.74787674035700002495
-92.18750000     0.74496226773399998322
-91.40625000     0.74205354291699998637
-90.62500000     0.73915058907399999732
-89.84375000     0.73625342927699999329
-89.06250000     0.73336208654299994691
-88.28125000     0.73047658387799996316
-87.50000000     0.72759694432199994996
-86.71875000     0.72472319099299997713
-85.93750000     0.72185534712699994664
-85.15625000     0.71899343612099997358
-84.37500000     0.71613748157299994546
-83.59375000     0.71328750732799994783
-82.81250000     0.71044353751599997882
-82.03125000     0.70760559659300004132
-81.25000000     0.70477370938600003569
-80.46875000     0.70194790113200000725
-79.68750000     0.69912819752199995005
-78.90625000     0.69631462474000005436
-78.12500000     0.69350720950699995537
-77.34375000     0.69070597912599995816
-76.56250000     0.68791096151700004135
-75.78125000     0.68512218526799995022
-75.00000000     0.68233967966899999880
-74.21875000     0.67956347475900003019
-73.43750000     0.67679360136599997499
-72.65625000     0.67403009114800005452
-71.87500000     0.67127297662899998443
-71.09375000     0.66852229124399997762
-70.31250000     0.66577806936899996959
-69.53125000     0.66304034635800002118
-68.75000000     0.66030915857500005473
-67.96875000     0.65758454341999994508
-67.18750000     0.65486653935500005463
-66.40625000     0.65215518591800003545
-65.62500000     0.64945052373800005174
-64.84375000     0.64675259454000000314
-64.06250000     0.64406144113700003473
-63.28125000     0.64137710741599995856
-62.50000000     0.63869963830900000623
-61.71875000     0.63602907975000000373
-60.93750000     0.63336547861699998840
-60.15625000     0.63070888264500002407
-59.37500000     0.62805934033199994904
-58.59375000     0.62541690079800005275
-57.81250000     0.62278161363600004208
-57.03125000     0.62015352870399997887
-56.25000000     0.61753269590199999506
-55.46875000     0.61491916488599995816
-54.68750000     0.61231298473600004328
-53.90625000     0.60971420357999994710
-53.12500000     0.60712286813399995999
-52.34375000     0.60453902319300001356
-51.56250000     0.60196271103700005334
-50.78125000     0.59939397075199996046
-50.00000000     0.59683283746899995492
-49.21875000     0.59427934150200001362
-48.43750000     0.59173350739200003545
-47.65625000     0.58919535283900004163
-46.87500000     0.58666488753199996786
-46.09375000     0.58414211187300002504
-45.31250000     0.58162701559499996318
-44.53125000     0.57911957628699994860
-43.75000000     0.57661975783300001286
-42.96875000     0.57412750878300000679
-42.18750000     0.57164276068399999531
-41.40625000     0.56916542640300005207
-40.62500000     0.56669539847700001189
-39.84375000     0.56423254754700002955
-39.06250000     0.56177672092999997311
-38.28125000     0.55932774140200003377
-37.50000000     0.55688540626899996067
-36.71875000     0.55444948680399996910
-35.93750000     0.55201972815900002267
-35.15625000     0.54959584981300002582
-34.37500000     0.54717754667300000371
-33.59375000     0.54476449089099998613
-32.81250000     0.54235633446700004523
-32.03125000     0.53995271268199995784
-31.25000000     0.53755324837600004795
-30.46875000     0.53515755704199996501
-29.68750000     0.53276525269099994642
-28.90625000     0.53037595437200002468
-28.12500000     0.52798929319800003146
-27.34375000     0.52560491969199996110
-26.56250000     0.52322251122499996434
-25.78125000     0.52084177929200003998
-25.00000000     0.51846247635900000184
-24.21875000     0.51608440202500005523
-23.43750000     0.51370740824600003016
-22.65625000     0.51133140342600003070
-21.87500000     0.50895635520600002177
-21.09375000     0.50658229186500003394
-20.31250000     0.50420930230000005068
-19.53125000     0.50183753463000002615
-18.75000000     0.49946719353099999772
-17.96875000     0.49709853645599999528
-17.18750000     0.49473186896100002086
-16.40625000     0.49236753934600002713
-15.62500000     0.49000593287400001641
-14.84375000     0.48764746578500001162
-14.06250000     0.48529257932999997349
-13.28125000     0.48294173400700002308
-12.50000000     0.48059540413399998160
-11.71875000     0.47825407286799997975
-10.93750000     0.47591822771399999725
-10.15625000     0.47358835654300002194
-9.37500000     0.47126494405899999052
-8.59375000     0.46894846867299999627
-7.81250000     0.46663939964899997515
-7.03125000     0.46433819439899998160
-6.25000000     0.46204529575199998481
-5.46875000     0.45976112902499999269
-4.68750000     0.45748609868599998673
-3.90625000     0.45522058439700002763
-3.12500000     0.45296493622299999204
-2.34375000     0.45071946879199997760
-1.56250000     0.44848445420700000508
-0.78125000     0.44626011355299999295
0.00000000     0.44404660691999997546
0.78125000     0.44184402187600002598
1.56250000     0.43965236063099999431
2.34375000     0.43747152612599998767
3.12500000     0.43530130764600000193
3.90625000     0.43314136681299997278
4.68750000     0.43099122511999998775
5.46875000     0.42885025452399999635
6.25000000     0.42671767287500000920
7.03125000     0.42459254615600000582
7.81250000     0.42247379948100000080
8.59375000     0.42036023850999998386
9.37500000     0.41825058230599998499
10.15625000     0.41614350767399999054
10.93750000     0.41403770372699999491
11.71875000     0.41193193392600002678
12.50000000     0.40982510146299999665
13.28125000     0.40771631275300002084
14.06250000     0.40560493335600000808
14.84375000     0.40349063098100002023
15.62500000     0.40137340141599997523
16.40625000     0.39925357507400000001
17.18750000     0.39713180408499998419
17.96875000     0.39500903200400000470
18.75000000     0.39288644992499999198
19.53125000     0.39076544372999999499
20.31250000     0.38864753730399997922
21.09375000     0.38653433589199998055
21.87500000     0.38442747254600001527
22.65625000     0.38232855913199997877
23.43750000     0.38023914188099999789
24.21875000     0.37816066019400002007
25.00000000     0.37609440654699999307
25.78125000     0.37404148491900002238
26.56250000     0.37200276528900000361
27.34375000     0.36997883254699998057
28.12500000     0.36796992962399999172
28.90625000     0.36597589695799997989
29.68750000     0.36399611352999999836
30.46875000     0.36202944836000000572
31.25000000     0.36007423512600000848
32.03125000     0.35812828523599998798
32.81250000     0.35618895496000002598
33.59375000     0.35425327831300001957
34.37500000     0.35231816843600000100
35.15625000     0.35038067640400000213
35.93750000     0.34843828055100001251
36.71875000     0.34648916603000001757
37.50000000     0.34453244885599998426
38.28125000     0.34256830478900002213
39.06250000     0.34059798063599999729
39.84375000     0.33862368894099997840
40.62500000     0.33664840888999997270
41.40625000     0.33467562950899998331
42.18750000     0.33270907263999999204
42.96875000     0.33075242420500000629
43.75000000     0.32880908788000001719
44.53125000     0.32688196128800001139
45.31250000     0.32497322615500001675
46.09375000     0.32308414348399999705
46.87500000     0.32121485389900000795
47.65625000     0.31936420139700000265
48.43750000     0.31752962274800000664
49.21875000     0.31570716740700000003
50.00000000     0.31389172172899998392
50.78125000     0.31207749120000000120
51.56250000     0.31025873559099997889
52.34375000     0.30843066202500002415
53.12500000     0.30659029275799998260
53.90625000     0.30473708634399998552
54.68750000     0.30287313722999997800
55.46875000     0.30100289962600002003
56.25000000     0.29913251992399997325
57.03125000     0.29726894973899997687
57.81250000     0.29541901507899998025
58.59375000     0.29358855505300002209
59.37500000     0.29178166820599998887
60.15625000     0.29000006759000002132
60.93750000     0.28824257313200002395
61.71875000     0.28650485417799997911
62.50000000     0.28477963040799997296
63.28125000     0.28305756214099997425
64.06250000     0.28132891996400000156
64.84375000     0.27958579654100002010
65.62500000     0.27782424468700001041
66.40625000     0.27604556327500001656
67.18750000     0.27425620155800001232
67.96875000     0.27246630779600000682
68.75000000     0.27068744242499997998
69.53125000     0.26893010820500001801
70.31250000     0.26720155064200001860
71.09375000     0.26550403975199998730
71.87500000     0.26383382244999997734
72.65625000     0.26218115169099998063
73.43750000     0.26053197514499998322
74.21875000     0.25887155898100000506
75.00000000     0.25718932360899998679
75.78125000     0.25548300018699998670
76.56250000     0.25375999703500001781
77.34375000     0.25203514621700001674
78.12500000     0.25032584855899997489
78.90625000     0.24864654015699999556
79.68750000     0.24700403403900000887
80.46875000     0.24539467510300000397
81.25000000     0.24380427964400000485
82.03125000     0.24221204819200001235
82.81250000     0.24059854685800000085
83.59375000     0.23895491538899998885
84.37500000     0.23728805492300000801
85.15625000     0.23561810141899999782
85.93750000     0.23396939012400000402
86.71875000     0.23235959109599998995
87.50000000     0.23079141580699999436
88.28125000     0.22924988758799999533
89.06250000     0.22770767486900000964
89.84375000     0.22613879761700000914
90.62500000     0.22453457982499999690
91.40625000     0.22291051695499999874
92.18750000     0.22129770817700000762
92.96875000     0.21972431607000000864
93.75000000     0.21819838852299999754
94.53125000     0.21670120174199999918
95.31250000     0.21519672933399999759
96.09375000     0.21365585673599998828
96.87500000     0.21207976388499999443
97.65625000     0.21050101229900000654
98.43750000     0.20895904158000000450
99.21875000     0.20746950687499998711
100.00000000     0.20601010682199999424
100.78125000     0.20453582288899999075
101.56250000     0.20301785564300001141
102.34375000     0.20147289085600000869
103.12500000     0.19994915318299999463
103.90625000     0.19848025980799999246
104.68750000     0.19705106642000000394
105.46875000     0.19560959677100001053
106.25000000     0.19412140760200000122
107.03125000     0.19261104288700001130
107.81250000     0.19113568063700001054
108.59375000     0.18971791455600001131
109.37500000     0.18831632874699999469
110.15625000     0.18687441992299999582
110.93750000     0.18539625284799998717
111.71875000     0.18394357404100000752
112.50000000     0.18254999252400000431
113.28125000     0.18117118238499999028
114.06250000     0.17974816905900001252
114.84375000     0.17830004469300000935
115.62500000     0.17689517069700000373
116.40625000     0.17553864826500001350
117.18750000     0.17416206439199999334
117.96875000     0.17274314485000000219
118.75000000     0.17134759002700000741
119.53125000     0.17000582065600000625
120.31250000     0.16865408912999999003
121.09375000     0.16726154484499999864
121.87500000     0.16589376645000000754
122.65625000     0.16457262378799999980
123.43750000     0.16322972732300000676
124.21875000     0.16186151476499999191
125.00000000     0.16053527082999999309
125.78125000     0.15922770783500000968
126.56250000     0.15788572363200001347
127.34375000     0.15655968599199998614
128.12500000     0.15526858646399999131
128.90625000     0.15395326817099999617
129.68750000     0.15264030853900001361
130.46875000     0.15136139443099999591
131.25000000     0.15006509650999999561
132.03125000     0.14877222977999998710
132.81250000     0.14750622671800001084
133.59375000     0.14622419115599999406
134.37500000     0.14495521151999998799
135.15625000     0.14369984366999999370
135.93750000     0.14243383441999998840
136.71875000     0.14118854266600000535
137.50000000     0.13994012655900001096
138.28125000     0.13869825749799999381
139.06250000     0.13746670091800000657
139.84375000     0.13623278615100001265
140.62500000     0.13501318767100001228
141.40625000     0.13379070368000001157
142.18750000     0.13258127248300000112
142.96875000     0.13137077888300000006
143.75000000     0.13017167634800000386
144.53125000     0.12897268152800001051
145.31250000     0.12778441086100000845
146.09375000     0.12659663371499998985
146.87500000     0.12541914592799999206
147.65625000     0.12424299744500000298
148.43750000     0.12307553976099999682
149.21875000     0.12191197817700000217
150.00000000     0.12075375877699999483
150.78125000     0.11960280821900000359
151.56250000     0.11845506006200000326
152.34375000     0.11731445208000000624
153.12500000     0.11617926565699999986
153.90625000     0.11504862309900000528
154.68750000     0.11392434404399999492
155.46875000     0.11280564627700000180
156.25000000     0.11169204382399999798
157.03125000     0.11058401597500000513
157.81250000     0.10948173315400000494
158.59375000     0.10838498212699999856
159.37500000     0.10729365275499999632
160.15625000     0.10620784728300000643
160.93750000     0.10512756066200000526
161.71875000     0.10405285365600000502
162.50000000     0.10298365567700000500
163.28125000     0.10192001462699999681
164.06250000     0.10086187582699999987
164.84375000     0.09980928504550000413
165.62500000     0.09876220497700000100
166.40625000     0.09772067257659999839
167.18750000     0.09668465260609999945
167.96875000     0.09565417684549999688
168.75000000     0.09462922382249999709
169.53125000     0.09360980308350000390
170.31250000     0.09259591500069999648
171.09375000     0.09158755237570000152
171.87500000     0.09058472481349999494
172.65625000     0.08958742562759999806
173.43750000     0.08859565657479999412
174.21875000     0.08760941991460000078
175.00000000     0.08662871301999999774
175.78125000     0.08565353673919999522
176.56250000     0.08468389185430000299
177.34375000     0.08371977791809999403
178.12500000     0.08276119488130000146
178.90625000     0.08180814292900000229
179.68750000     0.08086062230380000604
180.46875000     0.07991863293850000327
181.25000000     0.07898217494549999995
182.03125000     0.07805124838030000345
182.81250000     0.07712585334339999710
183.59375000     0.07620598992310000097
184.37500000     0.07529165817579999698
185.15625000     0.07438285823010000464
185.93750000     0.07347959015299999896
186.71875000     0.07258185401269999504
187.50000000     0.07168964992189999497
188.28125000     0.07080297795209999911
189.06250000     0.06992183818119999950
189.84375000     0.06904623078459999619
190.62500000     0.06817615580989999646
191.40625000     0.06731161331429999506
192.18750000     0.06645260338990000015
192.96875000     0.06559912629179999455
193.75000000     0.06475118190680000108
194.53125000     0.06390877048250000192
195.31250000     0.06307189211170000087
196.09375000     0.06224054678810000268
196.87500000     0.06141473478170000194
197.65625000     0.06059445609499999885
198.43750000     0.05977971113479999682
199.21875000     0.05897049963530000272
200.00000000     0.05816682161430000025
200.78125000     0.05736867755060000296
201.56250000     0.05657606783619999885
202.34375000     0.05578899173330000016
203.12500000     0.05500745003759999890
203.90625000     0.05423144296119999930
204.68750000     0.05346096991930000125
205.46875000     0.05269603209859999998
206.25000000     0.05193662851400000086
207.03125000     0.05118276049969999741
207.81250000     0.05043442697810000125
208.59375000     0.04969162927180000022
209.37500000     0.04895436659059999862
210.15625000     0.04822263979650000254
210.93750000     0.04749644876189999809
211.71875000     0.04677579347860000292
212.50000000     0.04606067472530000345
213.28125000     0.04535109197139999826
214.06250000     0.04464704558589999844
214.84375000     0.04394853608709999720
215.62500000     0.04325556365509999890
216.40625000     0.04256812900939999783
217.18750000     0.04188623211970000232
217.96875000     0.04120987174340000336
218.75000000     0.04053904716480000170
219.53125000     0.03987375716600000120
220.31250000     0.03921399832619999748
221.09375000     0.03855977056079999687
221.87500000     0.03791108453460000083
222.65625000     0.03726797606670000096
223.43750000     0.03663050809710000078
224.21875000     0.03599865039550000090
225.00000000     0.03537210819870000023
225.78125000     0.03475062398269999908
226.56250000     0.03413490092410000065
227.34375000     0.03352590535270000283
228.12500000     0.03292196224050000092
228.90625000     0.03232156103500000155
229.68750000     0.03172880902880000076
230.46875000     0.03114302891189999964
231.25000000     0.03055764504999999853
232.03125000     0.02998287424570000165
232.81250000     0.02941336044570000072
233.59375000     0.02884195609229999943
234.37500000     0.02829191330390000078
235.15625000     0.02772401635509999865
235.93750000     0.02719184179270000071
236.71875000     0.02662834183029999871
237.50000000     0.02611549162470000116
238.28125000     0.02555184722029999952
239.06250000     0.02506531779160000098
239.84375000     0.02449450537990000010
240.62500000     0.02403237239329999997
241.40625000     0.02347338953940000111
242.18750000     0.02299172412119999953
242.96875000     0.02252015138610000133
243.75000000     0.02195275408260000116
244.53125000     0.02155006328299999968
245.31250000     0.02102522338720000036
246.09375000     0.02050456964399999943
246.87500000     0.02013597348509999982
247.65625000     0.01961642043390000173
248.43750000     0.01908599577299999878
249.21875000     0.01873799223589999938
250.00000000     0.01832723746200000045
250.78125000     0.01771622226639999950
251.56250000     0.01732722145489999990
252.34375000     0.01701868941700000054
253.12500000     0.01659386558320000149
253.90625000     0.01596791489139999867
254.68750000     0.01559877491399999996
255.46875000     0.01531708176280000000
256.25000000     0.01501351988419999915
257.03125000     0.01445709180370000069
257.81250000     0.01389300100760000080
258.59375000     0.01358187551469999983
259.37500000     0.01333023955249999955
260.15625000     0.01308241413339999992
260.93750000     0.01277112275130000071
261.71875000     0.01203974174549999991
262.50000000     0.01156306173420000062
263.28125000     0.01129033997810000023
264.06250000     0.01106656867020000025
264.84375000     0.01086126322329999949
265.62500000     0.01065778729210000060
266.40625000     0.01043879032390000045
267.18750000     0.01016818650589999991
267.96875000     0.00892602054631999944
268.75000000     0.00859875779134999969
269.53125000     0.00837085946177000030
270.31250000     0.00817813440016000072
271.09375000     0.00800316223504000078
271.87500000     0.00783828257619000046
272.65625000     0.00767935420062999981
273.43750000     0.00752376803612000034
274.21875000     0.00736967127614999995
275.00000000     0.00721560570803000002
275.78125000     0.00706030526204000017
276.56250000     0.00690255519574000005
277.34375000     0.00674107502124000023
278.12500000     0.00657439516012999978
278.90625000     0.00640068765016000001
279.68750000     0.00621749755698000010
280.46875000     0.00602128188008999986
281.25000000     0.00580655748689999987
282.03125000     0.00556427675136000020
282.81250000     0.00527927668836000036
283.59375000     0.00493238247715999979
284.37500000     0.00453598931169000002
285.15625000     0.00416084881930000022
285.93750000     0.00383924398316999984
286.71875000     0.00355999299186999987
287.50000000     0.00330987077947999999
288.28125000     0.00308045362823999988
289.06250000     0.00286668944529999995
289.84375000     0.00266551308818000019
290.62500000     0.00247502872680999998
291.40625000     0.00229404061827000010
292.18750000     0.00212177538027000017
292.96875000     0.00195771323363999996
293.75000000     0.00180148497139000002
294.53125000     0.00165281015789999993
295.31250000     0.00151146130623999991
296.09375000     0.00137724397283999996
296.87500000     0.00124998612333000010
297.65625000     0.00112953256338999995
298.43750000     0.00101574195267999990
299.21875000     0.00090848505559699999
300.00000000     0.00080764356457400000
300.78125000     0.00071310919815499997
301.56250000     0.00062478295147600003
302.34375000     0.00054257445122699998
303.12500000     0.00046640139466400002
303.90625000     0.00039618906333000001
304.68750000     0.00033186991004000000
305.46875000     0.00027338323252200001
306.25000000     0.00022067497900900000
307.03125000     0.00017369779662899999
307.81250000     0.00013241155854200001
308.59375000     0.00009678483228960001
309.37500000     0.00006679815754449999
310.15625000     0.00004245072179320000
310.93750000     0.00002377262692320000
311.71875000     0.00001083327161010000
312.50000000     0.00000355364939914000
313.28125000     0.00000032601902153600
314.06250000     0.00000026961207060900
314.84375000     0.00000004390617343800
315.62500000     0.00000000000000000000
316.40625000     0.00000000000000000000
317.18750000     0.00000000000000000000
317.96875000     0.00000000000000000000
318.75000000     0.00000000000000000000
319.53125000     0.00000000000000000000
320.31250000     0.00000000000000000000
321.09375000     0.00000000000000000000
321.87500000     0.00000000000000000000
322.65625000     0.00000000000000000000
323.43750000     0.00000000000000000000
324.21875000     0.00000000000000000000
325.00000000     0.00000000000000000000
325.78125000     0.00000000000000000000
326.56250000     0.00000000000000000000
327.34375000     0.00000000000000000000
328.12500000     0.00000000000000000000
328.90625000     0.00000000000000000000
329.68750000     0.00000000000000000000
330.46875000     0.00000000000000000000
331.25000000     0.00000000000000000000
332.03125000     0.00000000000000000000
332.81250000     0.00000000000000000000
333.59375000     0.00000000000000000000
334.37500000     0.00000000000000000000
335.15625000     0.00000000000000000000
335.93750000     0.00000000000000000000
336.71875000     0.00000000000000000000
337.50000000     0.00000000000000000000
338.28125000     0.00000000000000000000
339.06250000     0.00000000000000000000
339.84375000     0.00000000000000000000
340.62500000     0.00000000000000000000
341.40625000     0.00000000000000000000
342.18750000     0.00000000000000000000
342.96875000     0.00000000000000000000
343.75000000     0.00000000000000000000
344.53125000     0.00000000000000000000
345.31250000     0.00000000000000000000
346.09375000     0.00000000000000000000
346.87500000     0.00000000000000000000
347.65625000     0.00000000000000000000
348.43750000     0.00000000000000000000
349.21875000     0.00000000000000000000
350.00000000     0.00000000000000000000
350.78125000     0.00000000000000000000
351.56250000     0.00000000000000000000
352.34375000     0.00000000000000000000
353.12500000     0.00000000000000000000
353.90625000     0.00000000000000000000
354.68750000     0.00000000000000000000
355.46875000     0.00000000000000000000
356.25000000     0.00000000000000000000
357.03125000     0.00000000000000000000
357.81250000     0.00000000000000000000
358.59375000     0.00000000000000000000
359.37500000     0.00000000000000000000
360.15625000     0.00000000000000000000
360.93750000     0.00000000000000000000
361.71875000     0.00000000000000000000
362.50000000     0.00000000000000000000
363.28125000     0.00000000000000000000
364.06250000     0.00000000000000000000
364.84375000     0.00000000000000000000
365.62500000     0.00000000000000000000
366.40625000     0.00000000000000000000
367.18750000     0.00000000000000000000
367.96875000     0.00000000000000000000
368.75000000     0.00000000000000000000
369.53125000     0.00000000000000000000
370.31250000     0.00000000000000000000
371.09375000     0.00000000000000000000
371.87500000     0.00000000000000000000
372.65625000     0.00000000000000000000
373.43750000     0.00000000000000000000
374.21875000     0.00000000000000000000
375.00000000     0.00000000000000000000
375.78125000     0.00000000000000000000
376.56250000     0.00000000000000000000
377.34375000     0.00000000000000000000
378.12500000     0.00000000000000000000
378.90625000     0.00000000000000000000
379.68750000     0.00000000000000000000
380.46875000     0.00000000000000000000
381.25000000     0.00000000000000000000
382.03125000     0.00000000000000000000
382.81250000     0.00000000000000000000
383.59375000     0.00000000000000000000
384.37500000     0.00000000000000000000
385.15625000     0.00000000000000000000
385.93750000     0.00000000000000000000
386.71875000     0.00000000000000000000
387.50000000     0.00000000000000000000
388.28125000     0.00000000000000000000
389.06250000     0.00000000000000000000
389.84375000     0.00000000000000000000
390.62500000     0.00000000000000000000
391.40625000     0.00000000000000000000
392.18750000     0.00000000000000000000
392.96875000     0.00000000000000000000
393.75000000     0.00000000000000000000
394.53125000     0.00000000000000000000
395.31250000     0.00000000000000000000
396.09375000     0.00000000000000000000
396.87500000     0.00000000000000000000
397.65625000     0.00000000000000000000
398.43750000     0.00000000000000000000
399.21875000     0.00000000000000000000
400.00000000     0.00000000000000000000
