-200.00000000     0.00000000001863289370
-199.21875000     0.00000000003201159849
-198.43750000     0.00000000005444208334
-197.65625000     0.00000000009191712239
-196.87500000     0.00000000015433924777
-196.09375000     0.00000000025817752675
-195.31250000     0.00000000043050476530
-194.53125000     0.00000000071548505942
-193.75000000     0.00000000118485127345
-192.96875000     0.00000000195455954593
-192.18750000     0.00000000321113368455
-191.40625000     0.00000000525316050942
-190.62500000     0.00000000855598904077
-189.84375000     0.00000001387229936970
-189.06250000     0.00000002238797162700
-188.28125000     0.00000003596111133890
-187.50000000     0.00000005748665075470
-186.71875000     0.00000009144902739560
-185.93750000     0.00000014475410202700
-185.15625000     0.00000022797254053500
-184.37500000     0.00000035718456238500
-183.59375000     0.00000055669621452400
-182.81250000     0.00000086300737935400
-182.03125000     0.00000133056075517000
-181.25000000     0.00000203999995094000
-180.46875000     0.00000310992539988000
-179.68750000     0.00000471347226684000
-178.90625000     0.00000710145650378000
-178.12500000     0.00001063435272130000
-177.34375000     0.00001582598197960000
-176.56250000     0.00002340248835670000
-175.78125000     0.00003438093895090000
-175.00000000     0.00005017263259970000
-174.21875000     0.00007271684642050000
-173.43750000     0.00010465113269600001
-172.65625000     0.00014952418509300001
-171.87500000     0.00021205643934400000
-171.09375000     0.00029845161424500000
-170.31250000     0.00041675895652999999
-169.53125000     0.00057728066440400003
-168.75000000     0.00079301157444999998
-167.96875000     0.00108008868029000000
-167.18750000     0.00145821678049999994
-166.40625000     0.00195102445797000002
-165.62500000     0.00258629330604000012
-164.84375000     0.00339599519940000016
-164.06250000     0.00441607039422999958
-163.28125000     0.00568588642151999970
-162.50000000     0.00724733663164999972
-161.71875000     0.00914356888228000028
-160.93750000     0.01141737779629999928
-160.15625000     0.01410934371019999939
-159.37500000     0.01725585029079999833
-158.59375000     0.02088715120759999933
-157.81250000     0.02502567460719999984
-157.03125000     0.02968474545989999852
-156.25000000     0.03486786818379999930
-155.46875000     0.04056864968579999842
-154.68750000     0.04677136638630000065
-153.90625000     0.05345210178990000144
-153.12500000     0.06058031775949999920
-152.34375000     0.06812068344159999400
-151.56250000     0.07603497555740000580
-150.78125000     0.08428388084150000015
-150.00000000     0.09282856890160000318
-149.21875000     0.10163195200100000326
-148.43750000     0.11065959745700000572
-147.65625000     0.11988030071600000448
-146.87500000     0.12926635813199999214
-146.09375000     0.13879359657800000027
-145.31250000     0.14844122346700000525
-144.53125000     0.15819155817899999139
-143.75000000     0.16802969752300001005
-142.96875000     0.17794315669200000407
-142.18750000     0.18792151555899999638
-141.40625000     0.19795608960100000151
-140.62500000     0.20803963618300000404
-139.84375000     0.21816610045099998905
-139.06250000     0.22833040069800000782
-138.28125000     0.23852825035600000447
-137.50000000     0.24875601236200001187
-136.71875000     0.25901058116100000861
-135.93750000     0.26928928768100002245
-135.15625000     0.27958982305399998625
-134.37500000     0.28991017740500002464
-133.59375000     0.30024859064199999059
-132.81250000     0.31060351274899999918
-132.03125000     0.32097357158299999469
-131.25000000     0.33135754659299998526
-130.46875000     0.34175434722800002163
-129.68750000     0.35216299507600001828
-128.90625000     0.36258260897999999850
-128.12500000     0.37301239255300000508
-127.34375000     0.38345162363399998284
-126.56250000     0.39389964533499999266
-125.78125000     0.40435585838700000005
-125.00000000     0.41481971456400001941
-124.21875000     0.42529071101499998919
-123.43750000     0.43576838534000000847
-122.65625000     0.44625231130800002699
-121.87500000     0.45674209511500002412
-121.09375000     0.46723737209499999201
-120.31250000     0.47773780383100000746
-119.53125000     0.48824307559699997583
-118.75000000     0.49875289409899997706
-117.96875000     0.50926698545699999876
-117.18750000     0.51978509341800005483
-116.40625000     0.53030697775099999713
-115.62500000     0.54083241281200000738
-114.84375000     0.55136118625099994617
-114.06250000     0.56189309785800001240
-113.28125000     0.57242795850600003416
-112.50000000     0.58296558920899999023
-111.71875000     0.59350582025700004962
-110.93750000     0.60404849043399999609
-110.15625000     0.61459344630400003506
-109.37500000     0.62514054156400000739
-108.59375000     0.63568963643999998325
-107.81250000     0.64624059714600001758
-107.03125000     0.65679329537499997471
-106.25000000     0.66734760783699997866
-105.46875000     0.67790341583100000022
-104.68750000     0.68846060484100002341
-103.90625000     0.69901906417299997099
-103.12500000     0.70957868660400003069
-102.34375000     0.72013936806500000731
-101.56250000     0.73070100733300002993
-100.78125000     0.74126350575400001830
-100.00000000     0.75182676696999994892
-99.21875000     0.76239069667000003427
-98.43750000     0.77295520234699999218
-97.65625000     0.78352019306999998172
-96.87500000     0.79408557926900003032
-96.09375000     0.80465127252199997177
-95.31250000     0.81521718535599996258
-94.53125000     0.82578323105200002185
-93.75000000     0.83634932345799994913
-92.96875000     0.84691537680499995311
-92.18750000     0.85748130552799994852
-91.40625000     0.86804702409500000826
-90.62500000     0.87861244682999994904
-89.84375000     0.88917748774899996178
-89.06250000     0.89974206038600001989
-88.28125000     0.91030607763299997703
-87.50000000     0.92086945156900001930
-86.71875000     0.93143209329800003005
-85.93750000     0.94199391278099997571
-85.15625000     0.95255481867100000315
-84.37500000     0.96311471814200000363
-83.59375000     0.97367351672500002113
-82.81250000     0.98423111813300001582
-82.03125000     0.99478742408999998315
-81.25000000     1.00534233415000007206
-80.46875000     1.01589574553999995032
-79.68750000     1.02644755294999989736
-78.90625000     1.03699764836000007939
-78.12500000     1.04754592088999998190
-77.34375000     1.05809225652999994161
-76.56250000     1.06863653806000002966
-75.78125000     1.07917864475000002678
-75.00000000     1.08971845224000007946
-74.21875000     1.10025583231000001483
-73.43750000     1.11079065268999999105
-72.65625000     1.12132277688000003835
-71.87500000     1.13185206394000004160
-71.09375000     1.14237836827999994505
-70.31250000     1.15290153952999996356
-69.53125000     1.16342142228999989584
-68.75000000     1.17393785602000000345
-67.96875000     1.18445067485000010699
-67.18750000     1.19495970744000001851
-66.40625000     1.20546477683999997410
-65.62500000     1.21596570041999996192
-64.84375000     1.22646228976999993598
-64.06250000     1.23695435067000003571
-63.28125000     1.24744168310999992144
-62.50000000     1.25792408129000010675
-61.71875000     1.26840133379999997487
-60.93750000     1.27887322376000001078
-60.15625000     1.28933952909000004716
-59.37500000     1.29980002286999996031
-58.59375000     1.31025447378999992942
-57.81250000     1.32070264680000004631
-57.03125000     1.33114430377999992672
-56.25000000     1.34157920450999990081
-55.46875000     1.35200710771999998983
-54.68750000     1.36242777244000001780
-53.90625000     1.37284095951999995933
-53.12500000     1.38324643349000009351
-52.34375000     1.39364396467000006830
-51.56250000     1.40403333162999999217
-50.78125000     1.41441432402000000224
-50.00000000     1.42478674580000008731
-49.21875000     1.43515041885999994342
-48.43750000     1.44550518716999998325
-47.65625000     1.45585092130999993465
-46.87500000     1.46618752358999993035
-46.09375000     1.47651493361000007987
-45.31250000     1.48683313431000008187
-44.53125000     1.49714215854999999067
-43.75000000     1.50744209602999990061
-42.96875000     1.51773310068999989220
-42.18750000     1.52801539824999998984
-41.40625000     1.53828929396999991575
-40.62500000     1.54855518032999994738
-39.84375000     1.55881354452999998372
-39.06250000     1.56906497543999989830
-38.28125000     1.57931016975000004798
-37.50000000     1.58954993705999991782
-36.71875000     1.59978520344999997072
-35.93750000     1.61001701307000000263
-35.15625000     1.62024652755999998277
-34.37500000     1.63047502262999999267
-33.59375000     1.64070388159999991373
-32.81250000     1.65093458555999994530
-32.03125000     1.66116869978999992519
-31.25000000     1.67140785647999989827
-30.46875000     1.68165373371999993246
-29.68750000     1.69190803089000008086
-28.90625000     1.70217244097000008907
-28.12500000     1.71244862029000000092
-27.34375000     1.72273815647999994916
-26.56250000     1.73304253561000010109
-25.78125000     1.74336310958999995968
-25.00000000     1.75370106497000000090
-24.21875000     1.76405739430999997097
-23.43750000     1.77443287113999992322
-22.65625000     1.78482802964000009105
-21.87500000     1.79524314958000008602
-21.09375000     1.80567824722999992204
-20.31250000     1.81613307228999998344
-19.53125000     1.82660711089999994172
-18.75000000     1.83709959419999990793
-17.96875000     1.84760951199000000855
-17.18750000     1.85813563058000008610
-16.40625000     1.86867651387999988977
-15.62500000     1.87923054671999989473
-14.84375000     1.88979595943000000524
-14.06250000     1.90037085266000005390
-13.28125000     1.91095322178000004421
-12.50000000     1.92154097997000006259
-11.71875000     1.93213197982000006725
-10.93750000     1.94272403288999995219
-10.15625000     1.95331492740999990154
-9.37500000     1.96390244407999992049
-8.59375000     1.97448437036999990823
-7.81250000     1.98505851373000008486
-7.03125000     1.99562271439000005202
-6.25000000     2.00617485838000009224
-5.46875000     2.01671289180000012919
-4.68750000     2.02723483709999996449
-3.90625000     2.03773881253000022085
-3.12500000     2.04822305572999985301
-2.34375000     2.05868595263999987210
-1.56250000     2.06912607253000002672
-0.78125000     2.07954221021000007497
0.00000000     2.08993343585999991063
0.78125000     2.10029915268999989308
1.56250000     2.11063916172999999077
2.34375000     2.12095373256999986111
3.12500000     2.13124367722000007674
3.90625000     2.14151042329000018682
4.68750000     2.15175608074999979991
5.46875000     2.16198349494999986220
6.25000000     2.17219627722999986119
7.03125000     2.18239880324999990791
7.81250000     2.19259616919000022150
8.59375000     2.20279409717999996587
9.37500000     2.21299878417999984492
10.15625000     2.22321669314999992295
10.93750000     2.23345429182000021484
11.71875000     2.24371775119000016474
12.50000000     2.25401262351999998046
13.28125000     2.26434352445000008913
14.06250000     2.27471384742000015677
14.84375000     2.28512553672999985110
15.62500000     2.29557894086000002787
16.40625000     2.30607275881000006734
17.18750000     2.31660408149999996752
17.96875000     2.32716851996999984920
18.75000000     2.33776040325999989733
19.53125000     2.34837302383999979583
20.31250000     2.35899890753000018861
21.09375000     2.36963008750000003744
21.87500000     2.38025836767000020799
22.65625000     2.39087556774000020710
23.43750000     2.40147374973000005127
24.21875000     2.41204543193000020551
25.00000000     2.42258380089000002755
25.78125000     2.43308293466999980836
26.56250000     2.44353804954999986876
27.34375000     2.45394577931000013038
28.12500000     2.46430448837999982459
28.90625000     2.47461460816000000662
29.68750000     2.48487896980000000369
30.46875000     2.49510308698999994093
31.25000000     2.50529532193999981970
32.03125000     2.51546685264999991816
32.81250000     2.52563135677999994755
33.59375000     2.53580434625999995291
34.37500000     2.54600213258999996668
35.15625000     2.55624047453000002861
35.93750000     2.56653304413999983069
36.71875000     2.57688991986000015544
37.50000000     2.58731634838999990933
38.28125000     2.59781199034999987774
39.06250000     2.60837077811999984434
39.84375000     2.61898139375999994272
40.62500000     2.62962825845999992325
41.40625000     2.64029285170999994392
42.18750000     2.65095516603000014300
42.96875000     2.66159514603999980409
43.75000000     2.67219403430999991045
44.53125000     2.68273562019999989303
45.31250000     2.69320743451000010893
46.09375000     2.70360193601000009522
46.87500000     2.71391768636999985986
47.65625000     2.72416041081000015467
48.43750000     2.73434370722999986469
49.21875000     2.74448903754000017585
50.00000000     2.75462457940000016166
50.78125000     2.76478262155000020783
51.56250000     2.77499550702999986385
52.34375000     2.78529062967999996303
53.12500000     2.79568548997999988259
53.90625000     2.80618405049000019247
54.68750000     2.81677539976000002042
55.46875000     2.82743508075999994134
56.25000000     2.83812867003000013355
57.03125000     2.84881668561000012119
57.81250000     2.85945985439999983413
58.59375000     2.87002409354000009856
59.37500000     2.88048497009999993068
60.15625000     2.89083160792000004591
60.93750000     2.90106985036999986960
61.71875000     2.91122399832000011699
62.50000000     2.92133588085000006629
63.28125000     2.93145986785000012276
64.06250000     2.94165323714000015443
64.84375000     2.95196320865000005895
65.62500000     2.96241419600000011059
66.40625000     2.97299985075999995132
67.18750000     2.98368312359000009693
67.96875000     2.99440438406000009053
68.75000000     3.00509471772000003043
69.53125000     3.01569063541999993205
70.31250000     3.02614748385999998703
71.09375000     3.03645020054000003285
71.87500000     3.04662014984999984790
72.65625000     3.05671546213000011605
73.43750000     3.06682121903999993506
74.21875000     3.07702766373000002886
75.00000000     3.08740066090000020438
75.78125000     3.09795580924000013567
76.56250000     3.10864919304000020261
77.34375000     3.11939026985999978692
78.12500000     3.13007120757999990346
78.90625000     3.14060118055000003778
79.68750000     3.15093596758000016322
80.46875000     3.16109667529000004649
81.25000000     3.17117109790999984753
82.03125000     3.18128989556999997035
82.81250000     3.19157665276999980009
83.59375000     3.20208936300999980062
84.37500000     3.21278634840999988143
85.15625000     3.22354061455000007186
85.93750000     3.23419627921999985887
86.71875000     3.24463823470000001237
87.50000000     3.25484675409999990592
88.28125000     3.26491682978000019588
89.06250000     3.27502508798000002699
89.84375000     3.28534151202000002101
90.62500000     3.29592506625000014608
91.40625000     3.30667677336999998872
92.18750000     3.31739320319999997366
92.96875000     3.32788730283999978354
93.75000000     3.33810319704000013630
94.53125000     3.34816297980000010526
95.31250000     3.35830603432999996727
96.09375000     3.36872846203999998238
96.87500000     3.37942533771999986669
97.65625000     3.39017974265999999517
98.43750000     3.40072471097000006424
99.21875000     3.41095132269999989916
100.00000000     3.42100860291000019586
100.78125000     3.43120315128000008542
101.56250000     3.44173425896999995999
102.34375000     3.45249067624000005594
103.12500000     3.46314111117000011930
103.90625000     3.47345063247000007678
104.68750000     3.48352115225999980908
105.46875000     3.49371365189999982803
106.25000000     3.50427108266999987052
107.03125000     3.51502486535000002732
107.81250000     3.52557301054000005180
108.59375000     3.53575273058000005832
109.37500000     3.54585483094000020188
110.15625000     3.55628193647000001576
110.93750000     3.56700874464999984070
111.71875000     3.57759459233000010059
112.50000000     3.58779494775999996392
113.28125000     3.59792659718999985330
114.06250000     3.60841746466000001803
114.84375000     3.61913267433999985556
115.62500000     3.62957419926999991233
116.40625000     3.63970111095999993012
117.18750000     3.65001427887000007289
117.96875000     3.66068093026999985540
118.75000000     3.67121743026000002530
119.53125000     3.68139507195999993172
120.31250000     3.69168643598999990374
121.09375000     3.70232478310999990612
121.87500000     3.71282035360000017832
122.65625000     3.72300555399000021595
123.43750000     3.73339562558000004344
124.21875000     3.74402069850999996703
125.00000000     3.75436918568999988821
125.78125000     3.76461584886000011352
126.56250000     3.77516864606000002169
127.34375000     3.78564255234000013317
128.12500000     3.79588862037999996701
128.90625000     3.80636453811999997399
129.68750000     3.81686621780999990605
130.46875000     3.82714491198000006378
131.25000000     3.83760241652999978257
132.03125000     3.84807732458000018028
132.81250000     3.85838345253000003510
133.59375000     3.86885995075000010957
134.37500000     3.87927732568999994456
135.15625000     3.88962960751999986542
135.93750000     3.90011146544000020242
136.71875000     3.91047151327000008791
137.50000000     3.92090084535999983117
138.28125000     3.93132235925000017573
139.06250000     3.94170468533999995842
139.84375000     3.95215138395999998622
140.62500000     3.96252620617000017589
141.40625000     3.97296994143000015143
142.18750000     3.98335183231999989673
142.96875000     3.99378799832000019876
143.75000000     4.00417567581000000132
144.53125000     4.01460829208000014034
145.31250000     4.02499761151999990716
146.09375000     4.03542898862999965814
146.87500000     4.04582038932000020992
147.65625000     4.05624704251999990134
148.43750000     4.06664691510999976032
149.21875000     4.07706064835999981710
150.00000000     4.08747587126999967211
150.78125000     4.09787625722000026229
151.56250000     4.10829651823000041588
152.34375000     4.11870286565000043311
153.12500000     4.12911015604000031232
153.90625000     4.13952589559000028174
154.68750000     4.14993434163999985742
155.46875000     4.16034233434000011442
156.25000000     4.17075405055000025811
157.03125000     4.18116532372000015982
157.81250000     4.19157466560000013800
158.59375000     4.20198394311000011925
159.37500000     4.21239413490000025320
160.15625000     4.22280431490000029982
160.93750000     4.23321455766000021015
161.71875000     4.24362429298999987992
162.50000000     4.25403417892999957672
163.28125000     4.26444375704999956156
164.06250000     4.27485354537000006303
164.84375000     4.28526310598000037544
165.62500000     4.29567279761999998300
166.40625000     4.30608226359999957111
167.18750000     4.31649184536999985795
167.96875000     4.32690123278000005058
168.75000000     4.33731063572999975264
169.53125000     4.34771995931999999385
170.31250000     4.35812919943000043332
171.09375000     4.36853842675999981537
171.87500000     4.37894754504999994538
172.65625000     4.38935662087000011411
173.43750000     4.39976563550999966168
174.21875000     4.41017456579000022288
175.00000000     4.42058343749000037803
175.78125000     4.43099224157000026736
176.56250000     4.44140096909000003933
177.34375000     4.45180962400000002077
178.12500000     4.46221820613000019762
178.90625000     4.47262671270000033985
179.68750000     4.48303514050000018187
180.46875000     4.49344348936999971045
181.25000000     4.50385175795999970205
182.03125000     4.51425994395999996556
182.81250000     4.52466804613000039836
183.59375000     4.53507606245999994599
184.37500000     4.54548399120000023999
185.15625000     4.55589183093000027469
185.93750000     4.56629957968999988793
186.71875000     4.57670723539999979579
187.50000000     4.58711479645999986587
188.28125000     4.59752226073999992195
189.06250000     4.60792962612999978944
189.84375000     4.61833689157000026881
190.62500000     4.62874405451000026090
191.40625000     4.63915111242999955721
192.18750000     4.64955806310999975040
192.96875000     4.65996490627999992995
193.75000000     4.67037163715999970037
194.53125000     4.68077825526999991013
195.31250000     4.69118475817000035732
196.09375000     4.70159114214999984682
196.87500000     4.71199740681000012188
197.65625000     4.72240354837999998239
198.43750000     4.73280956810000041912
199.21875000     4.74321545866999993990
200.00000000     4.75362121626000000418
200.78125000     4.76402684275999988017
201.56250000     4.77443233904999964068
202.34375000     4.78483769123999991280
203.12500000     4.79524290525000029817
203.90625000     4.80564797937999976796
204.68750000     4.81605290122999996072
205.46875000     4.82645768191000001934
206.25000000     4.83686230331000022176
207.03125000     4.84726677861999988295
207.81250000     4.85767108797000002340
208.59375000     4.86807524443999994901
209.37500000     4.87847923175000008911
210.15625000     4.88888305650000010161
210.93750000     4.89928671143000027399
211.71875000     4.90969019064000011809
212.50000000     4.92009349958000008485
213.28125000     4.93049662462999993551
214.06250000     4.94089956500999960554
214.84375000     4.95130232213000009978
215.62500000     4.96170489226000022143
216.40625000     4.97210727969000032544
217.18750000     4.98250947755999984423
217.96875000     4.99291146038000022145
218.75000000     5.00331320994999995122
219.53125000     5.01371469955000037544
220.31250000     5.02411586676999988299
221.09375000     5.03451669959000014387
221.87500000     5.04491735648000005909
222.65625000     5.05531840592999959227
223.43750000     5.06572087828999961800
224.21875000     5.07612431662999963322
225.00000000     5.08652387444000009253
225.78125000     5.09691514712999982351
226.56250000     5.10730974979999974295
227.34375000     5.11772419064999972704
228.12500000     5.12813024688999963274
228.90625000     5.13850155310000022979
229.68750000     5.14890902643000014649
230.46875000     5.15934157754000022322
231.25000000     5.16968269690999981947
232.03125000     5.18011401531000004184
232.81250000     5.19054016904000015131
233.59375000     5.20083028863999974334
234.37500000     5.21141157785999986629
235.15625000     5.22155714372000012702
235.93750000     5.23226996340000027885
236.71875000     5.24228167402000000408
237.50000000     5.25315973962000004605
238.28125000     5.26294356346000036240
239.06250000     5.27413097629000038324
239.84375000     5.28353889607999960276
240.62500000     5.29500743052000011346
241.40625000     5.30441298262999971769
242.18750000     5.31526861857000021416
242.96875000     5.32624149062000018517
243.75000000     5.33507566786999998243
244.53125000     5.34727489101999964305
245.31250000     5.35677025291999964196
246.09375000     5.36619198199000013716
246.87500000     5.37884090331000042084
247.65625000     5.38805811627999986513
248.43750000     5.39684351056000011226
249.21875000     5.40965205596999965110
250.00000000     5.42096038722000006516
250.78125000     5.42743727701000011621
251.56250000     5.43894104695000013550
252.34375000     5.45230237652999960574
253.12500000     5.46279785726000000068
253.90625000     5.46814698863000003826
254.68750000     5.47962784662999968788
255.46875000     5.49324409463999963066
256.25000000     5.50627527935999960818
257.03125000     5.51266989443000010596
257.81250000     5.51849163981999968343
258.59375000     5.53082599404999974979
259.37500000     5.54471631855999991245
260.15625000     5.55869491464000020642
260.93750000     5.57089263576999993433
261.71875000     5.57105362174999996228
262.50000000     5.57788773135999971231
263.28125000     5.59047077877000031521
264.06250000     5.60447158799000000329
264.84375000     5.61896083429000015030
265.62500000     5.63350921221999989541
266.40625000     5.64767737391999968821
267.18750000     5.66017070540999966966
267.96875000     5.64101272954999988229
268.75000000     5.65040626731000017458
269.53125000     5.66298100276999960556
270.31250000     5.67670203084999958065
271.09375000     5.69101608841999961896
271.87500000     5.70568101860999998820
272.65625000     5.72056627252000016171
273.43750000     5.73558920224999990722
274.21875000     5.75069012149999991834
275.00000000     5.76582054287000023152
275.78125000     5.78093635223000035239
276.56250000     5.79599270152000034528
277.34375000     5.81093931612999980985
278.12500000     5.82571504856000021988
278.90625000     5.84023995039999999079
279.68750000     5.85440228501999992972
280.46875000     5.86803573451000026751
281.25000000     5.88087649388999977873
282.03125000     5.89247911873999985488
282.81250000     5.90207158472999982024
283.59375000     5.90857116293000039775
284.37500000     5.91213753949999976101
285.15625000     5.91578781085000038331
285.93750000     5.92120662865000024766
286.71875000     5.92808428288999955669
287.50000000     5.93591256520999976942
288.28125000     5.94435011374999966449
289.06250000     5.95318682225000017638
289.84375000     5.96229325942999999199
290.62500000     5.97158903424999998322
291.40625000     5.98102407139000025182
292.18750000     5.99056716541999989545
292.96875000     6.00019874041000011999
293.75000000     6.00990621650000012011
294.53125000     6.01968108980999971891
295.31250000     6.02951715888000006061
296.09375000     6.03940950134999976484
296.87500000     6.04935391678000033977
297.65625000     6.05934663987000021734
298.43750000     6.06938419813999985308
299.21875000     6.07946334030000024029
300.00000000     6.08958099624999960042
300.78125000     6.09973424964999999531
301.56250000     6.10992031479000008432
302.34375000     6.12013651375000033994
303.12500000     6.13038025108000006469
303.90625000     6.14064898243000012457
304.68750000     6.15094017010000015944
305.46875000     6.16125121035999967489
306.25000000     6.17157929606999999805
307.03125000     6.18192112312000041641
307.81250000     6.19227220339999995247
308.59375000     6.20262513894000022674
309.37500000     6.21296497829999960771
310.15625000     6.22325562032999979323
310.93750000     6.23339522971000015161
311.71875000     6.24305053045999969186
312.50000000     6.25109768731999970726
313.28125000     6.25275430017000033445
314.06250000     6.25585182043000020968
314.84375000     5.46797011438999991384
315.62500000     0.00000000000000000000
316.40625000     0.00000000000000000000
317.18750000     0.00000000000000000000
317.96875000     0.00000000000000000000
318.75000000     0.00000000000000000000
319.53125000     0.00000000000000000000
320.31250000     0.00000000000000000000
321.09375000     0.00000000000000000000
321.87500000     0.00000000000000000000
322.65625000     0.00000000000000000000
323.43750000     0.00000000000000000000
324.21875000     0.00000000000000000000
325.00000000     0.00000000000000000000
325.78125000     0.00000000000000000000
326.56250000     0.00000000000000000000
327.34375000     0.00000000000000000000
328.12500000     0.00000000000000000000
328.90625000     0.00000000000000000000
329.68750000     0.00000000000000000000
330.46875000     0.00000000000000000000
331.25000000     0.00000000000000000000
332.03125000     0.00000000000000000000
332.81250000     0.00000000000000000000
333.59375000     0.00000000000000000000
334.37500000     0.00000000000000000000
335.15625000     0.00000000000000000000
335.93750000     0.00000000000000000000
336.71875000     0.00000000000000000000
337.50000000     0.00000000000000000000
338.28125000     0.00000000000000000000
339.06250000     0.00000000000000000000
339.84375000     0.00000000000000000000
340.62500000     0.00000000000000000000
341.40625000     0.00000000000000000000
342.18750000     0.00000000000000000000
342.96875000     0.00000000000000000000
343.75000000     0.00000000000000000000
344.53125000     0.00000000000000000000
345.31250000     0.00000000000000000000
346.09375000     0.00000000000000000000
346.87500000     0.00000000000000000000
347.65625000     0.00000000000000000000
348.43750000     0.00000000000000000000
349.21875000     0.00000000000000000000
350.00000000     0.00000000000000000000
350.78125000     0.00000000000000000000
351.56250000     0.00000000000000000000
352.34375000     0.00000000000000000000
353.12500000     0.00000000000000000000
353.90625000     0.00000000000000000000
354.68750000     0.00000000000000000000
355.46875000     0.00000000000000000000
356.25000000     0.00000000000000000000
357.03125000     0.00000000000000000000
357.81250000     0.00000000000000000000
358.59375000     0.00000000000000000000
359.37500000     0.00000000000000000000
360.15625000     0.00000000000000000000
360.93750000     0.00000000000000000000
361.71875000     0.00000000000000000000
362.50000000     0.00000000000000000000
363.28125000     0.00000000000000000000
364.06250000     0.00000000000000000000
364.84375000     0.00000000000000000000
365.62500000     0.00000000000000000000
366.40625000     0.00000000000000000000
367.18750000     0.00000000000000000000
367.96875000     0.00000000000000000000
368.75000000     0.00000000000000000000
369.53125000     0.00000000000000000000
370.31250000     0.00000000000000000000
371.09375000     0.00000000000000000000
371.87500000     0.00000000000000000000
372.65625000     0.00000000000000000000
373.43750000     0.00000000000000000000
374.21875000     0.00000000000000000000
375.00000000     0.00000000000000000000
375.78125000     0.00000000000000000000
376.56250000     0.00000000000000000000
377.34375000     0.00000000000000000000
378.12500000     0.00000000000000000000
378.90625000     0.00000000000000000000
379.68750000     0.00000000000000000000
380.46875000     0.00000000000000000000
381.25000000     0.00000000000000000000
382.03125000     0.00000000000000000000
382.81250000     0.00000000000000000000
383.59375000     0.00000000000000000000
384.37500000     0.00000000000000000000
385.15625000     0.00000000000000000000
385.93750000     0.00000000000000000000
386.71875000     0.00000000000000000000
387.50000000     0.00000000000000000000
388.28125000     0.00000000000000000000
389.06250000     0.00000000000000000000
389.84375000     0.00000000000000000000
390.62500000     0.00000000000000000000
391.40625000     0.00000000000000000000
392.18750000     0.00000000000000000000
392.96875000     0.00000000000000000000
393.75000000     0.00000000000000000000
394.53125000     0.00000000000000000000
395.31250000     0.00000000000000000000
396.09375000     0.00000000000000000000
396.87500000     0.00000000000000000000
397.65625000     0.00000000000000000000
398.43750000     0.00000000000000000000
399.21875000     0.00000000000000000000
400.00000000     0.00000000000000000000
