-112.50000000     0.00000000000000000000
-112.30468750     0.00000000000000000000
-112.10937500     0.00000000000000000000
-111.91406250     0.00000000000000000000
-111.71875000     0.00000000000000000000
-111.52343750     0.00000000000000000000
-111.32812500     0.00000000000000000000
-111.13281250     0.00000000000000000000
-110.93750000     0.00000000000000000000
-110.74218750     0.00000000000000000000
-110.54687500     0.00000000000000000000
-110.35156250     0.00000000000000000000
-110.15625000     0.00000000000000000000
-109.96093750     0.00000000000000000000
-109.76562500     0.00000000000000000000
-109.57031250     0.00000000000000000000
-109.37500000     0.00000000000000000000
-109.17968750     0.00000000000000000000
-108.98437500     0.00000000000000000000
-108.78906250     0.00000000000000000000
-108.59375000     0.00000000000000000000
-108.39843750     0.00000000000000000000
-108.20312500     0.00000000000000000000
-108.00781250     0.00000000000000000000
-107.81250000     0.00000000000000000000
-107.61718750     0.00000000000000000000
-107.42187500     0.00000000000000000000
-107.22656250     0.00000000000000000000
-107.03125000     0.00000000000000000000
-106.83593750     0.00000000000000000000
-106.64062500     0.00000000000000000000
-106.44531250     0.00000000000000000000
-106.25000000     0.00000000000000000000
-106.05468750     0.00000000000000000000
-105.85937500     0.00000000000000000000
-105.66406250     0.00000000000000000000
-105.46875000     0.00000000000000000000
-105.27343750     0.00000000000000000000
-105.07812500     0.00000000000000000000
-104.88281250     0.00000000000000000000
-104.68750000     0.00000000000000000000
-104.49218750     0.00000000000000000000
-104.29687500     0.00000000000000000000
-104.10156250     0.00000000000000000000
-103.90625000     0.00000000000000000000
-103.71093750     0.00000000000000000000
-103.51562500     0.00000000000000000000
-103.32031250     0.00000000000000000000
-103.12500000     0.00000000000000000000
-102.92968750     0.00000000000000000000
-102.73437500     0.00000000000000000000
-102.53906250     0.00000000000000000000
-102.34375000     0.00000000000000000000
-102.14843750     0.00000000000000000000
-101.95312500     0.00000000000000000000
-101.75781250     0.00000000000000000000
-101.56250000     0.00000000000000000000
-101.36718750     0.00000000000000000000
-101.17187500     0.00000000000000000000
-100.97656250     0.00000000000000000000
-100.78125000     0.00000000000000000000
-100.58593750     0.00000000000000000000
-100.39062500     0.00000000000000000000
-100.19531250     0.00000000000000000000
-100.00000000     0.00000000000000000000
-99.80468750     0.00000000000000000000
-99.60937500     0.00000000000000000000
-99.41406250     0.00000000000000000000
-99.21875000     0.00000000000000000000
-99.02343750     0.00000000000000000000
-98.82812500     0.00000000000000000000
-98.63281250     0.00000000000000000000
-98.43750000     0.00000000000000000000
-98.24218750     0.00000000000000000000
-98.04687500     0.00000000000000000000
-97.85156250     0.00000000000000000000
-97.65625000     0.00000000000000000000
-97.46093750     0.00000000000000000000
-97.26562500     0.00000000000000000000
-97.07031250     0.00000000000000000000
-96.87500000     0.00000000000000000000
-96.67968750     0.00000000000000000000
-96.48437500     0.00000000000000000000
-96.28906250     0.00000000000000000000
-96.09375000     0.00000000000000000000
-95.89843750     0.00000000000000000000
-95.70312500     0.00000000000000000000
-95.50781250     0.00000000000000000000
-95.31250000     0.00000000000000000000
-95.11718750     0.00000000000000000000
-94.92187500     0.00000000000000000000
-94.72656250     0.00000000000000000000
-94.53125000     0.00000000000000000000
-94.33593750     0.00000000000000000000
-94.14062500     0.00000000000000000000
-93.94531250     0.00000000000000000000
-93.75000000     0.00000000000000000000
-93.55468750     0.00000000000000000000
-93.35937500     0.00000000000000000000
-93.16406250     0.00000000000000000000
-92.96875000     0.00000000000000000000
-92.77343750     0.00000000000000000000
-92.57812500     0.00000000000000000000
-92.38281250     0.00000000000000000000
-92.18750000     0.00000000000000000000
-91.99218750     0.00000000000000000000
-91.79687500     0.00000000000000000000
-91.60156250     0.00000000000000000000
-91.40625000     0.00000000000000000000
-91.21093750     0.00000000000000000000
-91.01562500     0.00000000000000000000
-90.82031250     0.00000000000000000000
-90.62500000     0.00000000000000000000
-90.42968750     0.00000000000000000000
-90.23437500     0.00000000000000000000
-90.03906250     0.00000000000000000000
-89.84375000     0.00000000000000000000
-89.64843750     0.00000000000000000000
-89.45312500     0.00000000000000000000
-89.25781250     0.00000000000000000000
-89.06250000     0.00000000000000000000
-88.86718750     0.00000000000000000000
-88.67187500     0.00000000000000000000
-88.47656250     0.00000000000000000000
-88.28125000     0.00000000000000000000
-88.08593750     0.00000000000000000000
-87.89062500     0.00000000000000000000
-87.69531250     0.00000000000000000000
-87.50000000     0.00000000000000000000
-87.30468750     0.00000000000000000000
-87.10937500     0.00000000000000000000
-86.91406250     0.00000000000000000000
-86.71875000     0.00000000000000000000
-86.52343750     0.00000000000000000000
-86.32812500     0.00000000000000000000
-86.13281250     0.00000000000000000000
-85.93750000     0.00000000000000000000
-85.74218750     0.00000000000000000000
-85.54687500     0.00000000000000000000
-85.35156250     0.00000000000000000000
-85.15625000     0.00000000000000000000
-84.96093750     0.00000000000000000000
-84.76562500     0.00000000000000000000
-84.57031250     0.00000000000000000000
-84.37500000     0.00000000000000000000
-84.17968750     0.00000000000000000000
-83.98437500     0.00000000000000000000
-83.78906250     0.00000000000000000000
-83.59375000     0.00000000000000000000
-83.39843750     0.00000000000000000000
-83.20312500     0.00000000000000000000
-83.00781250     0.00000000000000000000
-82.81250000     0.00000000000000000000
-82.61718750     0.00000000000000000000
-82.42187500     0.00000000000000000000
-82.22656250     0.00000000000000000000
-82.03125000     0.00000000000000000000
-81.83593750     0.00000000000000000000
-81.64062500     0.00000000000000000000
-81.44531250     0.00000000000000000000
-81.25000000     0.00000000000000000000
-81.05468750     0.00000000000000000000
-80.85937500     0.00000000000000000000
-80.66406250     0.00000000000000000000
-80.46875000     0.00000000000000000000
-80.27343750     0.00000000000000000000
-80.07812500     0.00000000000000000000
-79.88281250     0.00000000000000000000
-79.68750000     0.00000000000000000000
-79.49218750     0.00000000000000000000
-79.29687500     0.00000000000000000000
-79.10156250     0.00000000000000000000
-78.90625000     0.00000000000000000000
-78.71093750     0.00000000000000000000
-78.51562500     0.00000000000000000000
-78.32031250     0.00000000000000000000
-78.12500000     0.00000000000000000000
-77.92968750     0.00000000000000000000
-77.73437500     0.00000000000000000000
-77.53906250     0.00000000000000000000
-77.34375000     0.00000000000000000000
-77.14843750     0.00000000000000000000
-76.95312500     0.00000000000000000000
-76.75781250     0.00000000000000000000
-76.56250000     0.00000000000000000000
-76.36718750     0.00000000000000000000
-76.17187500     0.00000000000000000000
-75.97656250     0.00000000000000000000
-75.78125000     0.00000000000000000000
-75.58593750     0.00000000000000000000
-75.39062500     0.00000000000000000000
-75.19531250     0.00000000000000000000
-75.00000000     0.00000000000000000000
-74.80468750     0.00000000000000000000
-74.60937500     0.00000000000000000000
-74.41406250     0.00000000000000000000
-74.21875000     0.00000000000000000000
-74.02343750     0.00000000000000000000
-73.82812500     0.00000000000000000000
-73.63281250     0.00000000000000000000
-73.43750000     0.00000000000000000000
-73.24218750     0.00000000000000000000
-73.04687500     0.00000000000000000000
-72.85156250     0.00000000000000000000
-72.65625000     0.00000000000000000000
-72.46093750     0.00000000000000000000
-72.26562500     0.00000000000000000000
-72.07031250     0.00000000000000000000
-71.87500000     0.00000000000000000000
-71.67968750     0.00000000000000000000
-71.48437500     0.00000000000000000000
-71.28906250     0.00000000000000000000
-71.09375000     0.00000000000000000000
-70.89843750     0.00000000000000000000
-70.70312500     0.00000000000000000000
-70.50781250     0.00000000000000000000
-70.31250000     0.00000000000000000000
-70.11718750     0.00000000000000000000
-69.92187500     0.00000000000000000000
-69.72656250     0.00000000000000000000
-69.53125000     0.00000000000000000000
-69.33593750     0.00000000000000000000
-69.14062500     0.00000000000000000000
-68.94531250     0.00000000000000000000
-68.75000000     0.00000000000000000000
-68.55468750     0.00000000000000000000
-68.35937500     0.00000000000000000000
-68.16406250     0.00000000000000000000
-67.96875000     0.00000000000000000000
-67.77343750     0.00000000000000000000
-67.57812500     0.00000000000000000000
-67.38281250     0.00000000000000000000
-67.18750000     0.00000000000000000000
-66.99218750     0.00000000000000000000
-66.79687500     0.00000000000000000000
-66.60156250     0.00000000000000000000
-66.40625000     0.00000000000000000000
-66.21093750     0.00000000000000000000
-66.01562500     0.00000000000000000000
-65.82031250     0.00000000000000000000
-65.62500000     0.00000000000000000000
-65.42968750     0.00000000000000000000
-65.23437500     0.00000000000000000000
-65.03906250     0.00000000000000000000
-64.84375000     0.00000000000000000000
-64.64843750     0.00000000000000000000
-64.45312500     0.00000000000000000000
-64.25781250     0.00000000000000000000
-64.06250000     0.00000000000000000000
-63.86718750     0.00000000000000000000
-63.67187500     0.00000000000000000000
-63.47656250     0.00000000000000000000
-63.28125000     0.00000000000000000000
-63.08593750     0.00000000000000000000
-62.89062500     0.00000000000000000000
-62.69531250     0.00000000000000000000
-62.50000000     0.00000000000000000000
-62.30468750     0.00000000000000000000
-62.10937500     0.00000000000000000000
-61.91406250     0.00000000000000000000
-61.71875000     0.00000000000000000000
-61.52343750     0.00000000000000000000
-61.32812500     0.00000000000000000000
-61.13281250     0.00000000000000000000
-60.93750000     0.00000000000000000000
-60.74218750     0.00000000000000000000
-60.54687500     0.00000000000000000000
-60.35156250     0.00000000000000000000
-60.15625000     0.00000000000000000000
-59.96093750     0.00000000000000000000
-59.76562500     0.00000000000000000000
-59.57031250     0.00000000000000000000
-59.37500000     0.00000000000000000000
-59.17968750     0.00000000000000000000
-58.98437500     0.00000000000000000000
-58.78906250     0.00000000000000000000
-58.59375000     0.00000000000000000000
-58.39843750     0.00000000000000000000
-58.20312500     0.00000000000000000000
-58.00781250     0.00000000000000000000
-57.81250000     0.00000000000000000000
-57.61718750     0.00000000000000000000
-57.42187500     0.00000000000000000000
-57.22656250     0.00000000000000000000
-57.03125000     0.00000000000000000000
-56.83593750     0.00000000000000000000
-56.64062500     0.00000000000000000000
-56.44531250     0.00000000000000000000
-56.25000000     0.00000000000000000000
-56.05468750     0.00000000000000000000
-55.85937500     0.00000000000000000000
-55.66406250     0.00000000000000000000
-55.46875000     0.00000000000000000000
-55.27343750     0.00000000000000000000
-55.07812500     0.00000000000000000000
-54.88281250     0.00000000000000000000
-54.68750000     0.00000000000000000000
-54.49218750     0.00000000000000000000
-54.29687500     0.00000000000000000000
-54.10156250     0.00000000000000000000
-53.90625000     0.00000000000000000000
-53.71093750     0.00000000000000000000
-53.51562500     0.00000000000000000000
-53.32031250     0.00000000000000000000
-53.12500000     0.00000000000000000000
-52.92968750     0.00000000000000000000
-52.73437500     0.00000000000000000000
-52.53906250     0.00000000000000000000
-52.34375000     0.00000000000000000000
-52.14843750     0.00000000000000000000
-51.95312500     0.00000000000000000000
-51.75781250     0.00000000000000000000
-51.56250000     0.00000000000000000000
-51.36718750     0.00000000000000000000
-51.17187500     0.00000000000000000000
-50.97656250     0.00000000000000000000
-50.78125000     0.00000000000000000000
-50.58593750     0.00000000000000000000
-50.39062500     0.00000000000000000000
-50.19531250     0.00000000000000000000
-50.00000000     0.00000000000000000000
-49.80468750     0.00000000000000000000
-49.60937500     0.00000000000000000000
-49.41406250     0.00000000000000000000
-49.21875000     0.00000000000000000000
-49.02343750     0.00000000000000000000
-48.82812500     0.00000000000000000000
-48.63281250     0.00000000000000000000
-48.43750000     0.00000000000000000000
-48.24218750     0.00000000000000000000
-48.04687500     0.00000000000000000000
-47.85156250     0.00000000000000000000
-47.65625000     0.00000000000000000000
-47.46093750     0.00000000000000000000
-47.26562500     0.00000000000000000000
-47.07031250     0.00000000000000000000
-46.87500000     0.00000000000000000000
-46.67968750     0.00000000000000000000
-46.48437500     0.00000000000000000000
-46.28906250     0.00000000000000000000
-46.09375000     0.00000000000000000000
-45.89843750     0.00000000000000000000
-45.70312500     0.00000000000000000000
-45.50781250     0.00000000000000000000
-45.31250000     0.00000000000000000000
-45.11718750     0.00000000000000000000
-44.92187500     0.00000000000000000000
-44.72656250     0.00000000000000000000
-44.53125000     0.00000000000000000000
-44.33593750     0.00000000000000000000
-44.14062500     0.00000000000000000000
-43.94531250     0.00000000000000000000
-43.75000000     0.00000000000000000000
-43.55468750     0.00000000000000000000
-43.35937500     0.00000000000000000000
-43.16406250     0.00000000000000000000
-42.96875000     0.00000000000000000000
-42.77343750     0.00000000000000000000
-42.57812500     0.00000000000000000000
-42.38281250     0.00000000000000000000
-42.18750000     0.00000000000000000000
-41.99218750     0.00000000000000000000
-41.79687500     0.00000000000000000000
-41.60156250     0.00000000000000000000
-41.40625000     0.00000000000000000000
-41.21093750     0.00000000000000000000
-41.01562500     0.00000000000000000000
-40.82031250     0.00000000000000000000
-40.62500000     0.00000000000000000000
-40.42968750     0.00000000000000000000
-40.23437500     0.00000000000000000000
-40.03906250     0.00000000000000000000
-39.84375000     0.00000000000000000000
-39.64843750     0.00000000000000000000
-39.45312500     -0.00000162663227255000
-39.25781250     -0.00000650344454696000
-39.06250000     -0.00001383241838750000
-38.86718750     -0.00001935726980520000
-38.67187500     -0.00001975390034550000
-38.47656250     -0.00001842489682240000
-38.28125000     -0.00001668728785460000
-38.08593750     -0.00001481963741240000
-37.89062500     -0.00001118372722130000
-37.69531250     -0.00001216457349200000
-37.50000000     -0.00000491212096097000
-37.30468750     -0.00000359291622664000
-37.10937500     -0.00000017803431973100
-36.91406250     -0.00000459845954074000
-36.71875000     0.00000000000000000000
-36.52343750     0.00000000000000000000
-36.32812500     0.00000000000000000000
-36.13281250     0.00000000000000000000
-35.93750000     0.00000000000000000000
-35.74218750     0.00000000000000000000
-35.54687500     0.00000000000000000000
-35.35156250     0.00000000000000000000
-35.15625000     0.00000000000000000000
-34.96093750     0.00000000000000000000
-34.76562500     0.00000000000000000000
-34.57031250     0.00000000000000000000
-34.37500000     0.00000000000000000000
-34.17968750     0.00000000000000000000
-33.98437500     0.00000000000000000000
-33.78906250     0.00000000000000000000
-33.59375000     0.00000000000000000000
-33.39843750     0.00000000000000000000
-33.20312500     0.00000000000000000000
-33.00781250     0.00000000000000000000
-32.81250000     0.00000000000000000000
-32.61718750     0.00000000000000000000
-32.42187500     0.00000000000000000000
-32.22656250     0.00000000000000000000
-32.03125000     0.00000000000000000000
-31.83593750     0.00000000000000000000
-31.64062500     0.00000000000000000000
-31.44531250     0.00000000000000000000
-31.25000000     0.00000000000000000000
-31.05468750     0.00000000000000000000
-30.85937500     0.00000000000000000000
-30.66406250     0.00000000000000000000
-30.46875000     0.00000000000031209078
-30.27343750     0.00000026857331864700
-30.07812500     0.00000000000000000000
-29.88281250     0.00000000000130396647
-29.68750000     0.00000338948317152000
-29.49218750     0.00000000000000000000
-29.29687500     0.00000000000019108398
-29.10156250     0.00000500804116147000
-28.90625000     0.00000000000000000000
-28.71093750     0.00000000000000000000
-28.51562500     0.00000585383377466000
-28.32031250     0.00000000000172866409
-28.12500000     0.00000000000000000000
-27.92968750     0.00000585463067703000
-27.73437500     0.00000046461895465200
-27.53906250     0.00000000000000000000
-27.34375000     0.00000471536616221000
-27.14843750     0.00000466392762822000
-26.95312500     0.00000000000000000000
-26.75781250     0.00000070494144566500
-26.56250000     0.00000642345871972000
-26.36718750     0.00000000000000000000
-26.17187500     0.00000019672238409800
-25.97656250     0.00000757998234954000
-25.78125000     0.00000000000127965741
-25.58593750     0.00000000000175818405
-25.39062500     0.00000838359378512000
-25.19531250     0.00000039042239308900
-25.00000000     0.00000000000000000000
-24.80468750     0.00000849342854061000
-24.60937500     0.00000472397224711000
-24.41406250     0.00000000000000000000
-24.21875000     0.00000766182271178000
-24.02343750     0.00000646889335373000
-23.82812500     0.00000000000000000000
-23.63281250     0.00000538843299747000
-23.43750000     0.00000772166586381000
-23.24218750     0.00000000000050213909
-23.04687500     0.00000382019508201000
-22.85156250     0.00000875727973670000
-22.65625000     0.00000000005001354110
-22.46093750     0.00000025215864810500
-22.26562500     0.00000932817675502000
-22.07031250     0.00000062798571223100
-21.87500000     0.00000000000110754012
-21.67968750     0.00000919203159083000
-21.48437500     0.00000521973605548000
-21.28906250     0.00000000000000000000
-21.09375000     0.00000827092302443000
-20.89843750     0.00000677077827443000
-20.70312500     0.00000000000000000000
-20.50781250     0.00000537558943433000
-20.31250000     0.00000773263765491000
-20.11718750     0.00000000000232455486
-19.92187500     0.00000358003206386000
-19.72656250     0.00000805585757167000
-19.53125000     0.00000045761190914100
-19.33593750     0.00000022991652179700
-19.14062500     0.00000753731721743000
-18.94531250     0.00000404620939536000
-18.75000000     0.00000000002844454370
-18.55468750     0.00000663451524844000
-18.35937500     0.00000481893567549000
-18.16406250     0.00000000000028874930
-17.96875000     0.00000549403435057000
-17.77343750     0.00000505955144986000
-17.57812500     0.00000000000055024268
-17.38281250     0.00000423984130184000
-17.18750000     0.00000516587243978000
-16.99218750     0.00000014547369685100
-16.79687500     0.00000294986327848000
-16.60156250     0.00000495804872039000
-16.40625000     0.00000227603107253000
-16.21093750     0.00000193907684242000
-16.01562500     0.00000428139167007000
-15.82031250     0.00000271071143001000
-15.62500000     0.00000008834125925590
-15.42968750     0.00000336814864391000
-15.23437500     0.00000266360654357000
-15.03906250     0.00000000001079236137
-14.84375000     0.00000241612035598000
-14.64843750     0.00000240713429621000
-14.45312500     0.00000000002081660053
-14.25781250     0.00000158979555375000
-14.06250000     0.00000197014548083000
-13.86718750     0.00000094355163523100
-13.67187500     0.00000095749626674500
-13.47656250     0.00000135818215925000
-13.28125000     0.00000082678843413300
-13.08593750     0.00000051358233737200
-12.89062500     0.00000068966368211400
-12.69531250     0.00000051633482148000
-12.50000000     0.00000001288971828060
-12.30468750     0.00000008267351278390
-12.10937500     0.00000006878936263320
-11.91406250     0.00000000000121873420
-11.71875000     -0.00000036466927228500
-11.52343750     -0.00000047794759473500
-11.32812500     -0.00000000479449437000
-11.13281250     -0.00000067778684532800
-10.93750000     -0.00000107890050492000
-10.74218750     -0.00000034931517354500
-10.54687500     -0.00000078035270320900
-10.35156250     -0.00000162244605672000
-10.15625000     -0.00000076675235802100
-9.96093750     -0.00000073185094256500
-9.76562500     -0.00000205995044062000
-9.57031250     -0.00000125096233394000
-9.37500000     -0.00000000001150727658
-9.17968750     -0.00000229828679246000
-8.98437500     -0.00000199709306293000
-8.78906250     -0.00000000000003377221
-8.59375000     -0.00000220125347205000
-8.39843750     -0.00000275166536524000
-8.20312500     -0.00000000001776884472
-8.00781250     -0.00000178790303838000
-7.81250000     -0.00000307757485783000
-7.61718750     -0.00000128713121506000
-7.42187500     -0.00000159908973065000
-7.22656250     -0.00000327823385198000
-7.03125000     -0.00000159582772401000
-6.83593750     -0.00000007112533366140
-6.64062500     -0.00000350191937147000
-6.44531250     -0.00000199766909122000
-6.25000000     -0.00000000000021392962
-6.05468750     -0.00000348006628231000
-5.85937500     -0.00000289779601607000
-5.66406250     0.00000000000000000000
-5.46875000     -0.00000311594696529000
-5.27343750     -0.00000369836448850000
-5.07812500     -0.00000000000008711703
-4.88281250     -0.00000231398022987000
-4.68750000     -0.00000399437095549000
-4.49218750     -0.00000004142841543370
-4.29687500     -0.00000007255433038130
-4.10156250     -0.00000393339939585000
-3.90625000     -0.00000188581785260000
-3.71093750     -0.00000000000027966657
-3.51562500     -0.00000373212424139000
-3.32031250     -0.00000229402642911000
-3.12500000     -0.00000000000002973758
-2.92968750     -0.00000350335891211000
-2.73437500     -0.00000280894687473000
-2.53906250     0.00000000000000000000
-2.34375000     -0.00000322985287008000
-2.14843750     -0.00000331688933117000
-1.95312500     0.00000000000000000000
-1.75781250     -0.00000267617732170000
-1.56250000     -0.00000371370982221000
-1.36718750     -0.00000000000004032026
-1.17187500     -0.00000007118308029080
-0.97656250     -0.00000386298904798000
-0.78125000     -0.00000000003186553804
-0.58593750     -0.00000000000017552425
-0.39062500     -0.00000369415027657000
-0.19531250     -0.00000005894267948300
0.00000000     0.00000000000000000000
0.19531250     -0.00000334995895222000
0.39062500     -0.00000245418295014000
0.58593750     -0.00000000000000000000
0.78125000     -0.00000287947996906000
0.97656250     -0.00000290305229520000
1.17187500     0.00000000000000000000
1.36718750     -0.00000238599883479000
1.56250000     -0.00000307552369155000
1.75781250     0.00000000000000000000
1.95312500     -0.00000001751402802860
2.14843750     -0.00000303280786522000
2.34375000     -0.00000000000001938946
2.53906250     -0.00000000000001692836
2.73437500     -0.00000281546679138000
2.92968750     -0.00000000459309328817
3.12500000     0.00000000000000000000
3.32031250     -0.00000254791677640000
3.51562500     -0.00000000958957760312
3.71093750     -0.00000000000000000000
3.90625000     -0.00000227400064568000
4.10156250     -0.00000206248242819000
4.29687500     0.00000000000000000000
4.49218750     -0.00000000006788422940
4.68750000     -0.00000211376548134000
4.88281250     0.00000000000000000000
5.07812500     0.00000000000000000000
5.27343750     -0.00000207102089782000
5.46875000     0.00000000000000277907
5.66406250     0.00000000000000000196
5.85937500     -0.00000197578945254000
6.05468750     -0.00000161704634908000
6.25000000     -0.00000156884452623000
6.44531250     -0.00000186670388367000
6.64062500     -0.00000160349363824000
6.83593750     -0.00000154259228280000
7.03125000     -0.00000175293649053000
7.22656250     -0.00000154663689879000
7.42187500     -0.00000150723119643000
7.61718750     -0.00000159546967986000
7.81250000     -0.00000130963702042000
8.00781250     -0.00000086966011476400
8.20312500     0.00000026275776319500
8.39843750     0.00000380750848438000
8.59375000     0.00001294798811440000
8.78906250     0.00003565294053260000
8.98437500     0.00009028300300860000
9.17968750     0.00021418278700700001
9.37500000     0.00048049517944800002
9.57031250     0.00102413691456999995
9.76562500     0.00207419693882999979
9.96093750     0.00399213326460000004
10.15625000     0.00730006576634999963
10.35156250     0.01268268080530000029
10.54687500     0.02095040622509999895
10.74218750     0.03295512902569999736
10.93750000     0.04948310649079999679
11.13281250     0.07113371940130000515
11.32812500     0.09814752440860000093
11.52343750     0.13011191622699999626
11.71875000     0.16550053713499998653
11.91406250     0.20122911720799999125
12.10937500     0.23266391167100000659
12.30468750     0.25449605927000001904
12.50000000     0.26233230947399999167
12.69531250     0.25462112589000002183
12.89062500     0.23288665195300001232
13.08593750     0.20150695429500001254
13.28125000     0.16579354198400000908
13.47656250     0.13038776325000001055
13.67187500     0.09838680085289999711
13.86718750     0.07132967836140000073
14.06250000     0.04963661755379999985
14.25781250     0.03306956636780000042
14.45312500     0.02103169146810000140
14.64843750     0.01273742247980000006
14.84375000     0.00733477861206999985
15.03906250     0.00401343383247000033
15.23437500     0.00208679191104999993
15.42968750     0.00103143780697000000
15.62500000     0.00048486947743199999
15.82031250     0.00021688196312699999
16.01562500     0.00009233938730760000
16.21093750     0.00003742864518280000
16.40625000     0.00001444456141850000
16.60156250     0.00000530706452239000
16.79687500     0.00000185581640778000
16.99218750     0.00000061727294437200
17.18750000     0.00000019503613441900
17.38281250     0.00000005838161533010
17.57812500     0.00000001646220320820
17.77343750     0.00000000431553398229
17.96875000     0.00000000101444549794
18.16406250     0.00000000018766125097
18.35937500     0.00000000000660698293
18.55468750     -0.00000000002127150814
18.75000000     -0.00000000001954789356
18.94531250     -0.00000000001477678830
19.14062500     -0.00000000001135686864
19.33593750     -0.00000000000895130143
19.53125000     -0.00000000000760391771
19.72656250     -0.00000000000660172353
19.92187500     -0.00000000000552682169
20.11718750     -0.00000000000471847180
20.31250000     -0.00000000000389122618
20.50781250     -0.00000000000293159578
20.70312500     -0.00000000000205345553
20.89843750     -0.00000000000112347171
21.09375000     -0.00000000000017293443
21.28906250     0.00000000000000000000
21.48437500     0.00000000000000000000
21.67968750     0.00000000000000000000
21.87500000     0.00000000000000000000
22.07031250     0.00000000000000000000
22.26562500     0.00000000000000000000
22.46093750     0.00000000000000000000
22.65625000     0.00000000000000000000
22.85156250     0.00000000000000000000
23.04687500     0.00000000000000000000
23.24218750     0.00000000000000000000
23.43750000     0.00000000000000000000
23.63281250     0.00000000000000000000
23.82812500     0.00000000000000000000
24.02343750     0.00000000000000000000
24.21875000     0.00000000000000000000
24.41406250     0.00000000000000000000
24.60937500     0.00000000000000000000
24.80468750     0.00000000000000000000
25.00000000     0.00000000000000000000
25.19531250     0.00000000000000000000
25.39062500     0.00000000000000000000
25.58593750     0.00000000000000000000
25.78125000     0.00000000000000000000
25.97656250     0.00000000000000000000
26.17187500     0.00000000000000000000
26.36718750     0.00000000000000000000
26.56250000     0.00000000000000000000
26.75781250     0.00000000000000000000
26.95312500     0.00000000000000000000
27.14843750     0.00000000000000000000
27.34375000     0.00000000000000000000
27.53906250     0.00000000000000000000
27.73437500     0.00000000000000000000
27.92968750     0.00000000000000000000
28.12500000     0.00000000000000000000
28.32031250     0.00000000000000000000
28.51562500     0.00000000000000000000
28.71093750     0.00000000000000000000
28.90625000     0.00000000000000000000
29.10156250     0.00000000000000000000
29.29687500     0.00000000000000000000
29.49218750     0.00000000000000000000
29.68750000     0.00000000000000000000
29.88281250     0.00000000000000000000
30.07812500     0.00000000000000000000
30.27343750     0.00000000000000000000
30.46875000     0.00000000000000000000
30.66406250     0.00000000000000000000
30.85937500     0.00000000000000000000
31.05468750     0.00000000000000000000
31.25000000     0.00000000000000000000
31.44531250     0.00000000000000000000
31.64062500     0.00000000000000000000
31.83593750     0.00000000000000000000
32.03125000     0.00000000000000000000
32.22656250     0.00000000000000000000
32.42187500     0.00000000000000000000
32.61718750     0.00000000000000000000
32.81250000     0.00000000000000000000
33.00781250     0.00000000000000000000
33.20312500     0.00000000000000000000
33.39843750     0.00000000000000000000
33.59375000     0.00000000000000000000
33.78906250     0.00000000000000000000
33.98437500     0.00000000000000000000
34.17968750     0.00000000000000000000
34.37500000     0.00000000000000000000
34.57031250     0.00000000000000000000
34.76562500     0.00000000000000000000
34.96093750     0.00000000000000000000
35.15625000     0.00000000000000000000
35.35156250     0.00000000000000000000
35.54687500     0.00000000000000000000
35.74218750     0.00000000000000000000
35.93750000     0.00000000000000000000
36.13281250     0.00000000000000000000
36.32812500     0.00000000000000000000
36.52343750     0.00000000000000000000
36.71875000     0.00000000000000000000
36.91406250     0.00000000000000000000
37.10937500     0.00000000000000000000
37.30468750     0.00000000000000000000
37.50000000     0.00000000000000000000
37.69531250     0.00000000000000000000
37.89062500     0.00000000000000000000
38.08593750     0.00000000000000000000
38.28125000     0.00000000000000000000
38.47656250     0.00000000000000000000
38.67187500     0.00000000000000000000
38.86718750     0.00000000000000000000
39.06250000     0.00000000000000000000
39.25781250     0.00000000000000000000
39.45312500     0.00000000000000000000
39.64843750     0.00000000000000000000
39.84375000     0.00000000000000000000
40.03906250     0.00000000000000000000
40.23437500     0.00000000000000000000
40.42968750     0.00000000000000000000
40.62500000     0.00000000000000000000
40.82031250     0.00000000000000000000
41.01562500     0.00000000000000000000
41.21093750     0.00000000000000000000
41.40625000     0.00000000000000000000
41.60156250     0.00000000000000000000
41.79687500     0.00000000000000000000
41.99218750     0.00000000000000000000
42.18750000     0.00000000000000000000
42.38281250     0.00000000000000000000
42.57812500     0.00000000000000000000
42.77343750     0.00000000000000000000
42.96875000     0.00000000000000000000
43.16406250     0.00000000000000000000
43.35937500     0.00000000000000000000
43.55468750     0.00000000000000000000
43.75000000     0.00000000000000000000
43.94531250     0.00000000000000000000
44.14062500     0.00000000000000000000
44.33593750     0.00000000000000000000
44.53125000     0.00000000000000000000
44.72656250     0.00000000000000000000
44.92187500     0.00000000000000000000
45.11718750     0.00000000000000000000
45.31250000     0.00000000000000000000
45.50781250     0.00000000000000000000
45.70312500     0.00000000000000000000
45.89843750     0.00000000000000000000
46.09375000     0.00000000000000000000
46.28906250     0.00000000000000000000
46.48437500     0.00000000000000000000
46.67968750     0.00000000000000000000
46.87500000     0.00000000000000000000
47.07031250     0.00000000000000000000
47.26562500     0.00000000000000000000
47.46093750     0.00000000000000000000
47.65625000     0.00000000000000000000
47.85156250     0.00000000000000000000
48.04687500     0.00000000000000000000
48.24218750     0.00000000000000000000
48.43750000     0.00000000000000000000
48.63281250     0.00000000000000000000
48.82812500     0.00000000000000000000
49.02343750     0.00000000000000000000
49.21875000     0.00000000000000000000
49.41406250     0.00000000000000000000
49.60937500     0.00000000000000000000
49.80468750     0.00000000000000000000
50.00000000     0.00000000000000000000
50.19531250     0.00000000000000000000
50.39062500     0.00000000000000000000
50.58593750     0.00000000000000000000
50.78125000     0.00000000000000000000
50.97656250     0.00000000000000000000
51.17187500     0.00000000000000000000
51.36718750     0.00000000000000000000
51.56250000     0.00000000000000000000
51.75781250     0.00000000000000000000
51.95312500     0.00000000000000000000
52.14843750     0.00000000000000000000
52.34375000     0.00000000000000000000
52.53906250     0.00000000000000000000
52.73437500     0.00000000000000000000
52.92968750     0.00000000000000000000
53.12500000     0.00000000000000000000
53.32031250     0.00000000000000000000
53.51562500     0.00000000000000000000
53.71093750     0.00000000000000000000
53.90625000     0.00000000000000000000
54.10156250     0.00000000000000000000
54.29687500     0.00000000000000000000
54.49218750     0.00000000000000000000
54.68750000     0.00000000000000000000
54.88281250     0.00000000000000000000
55.07812500     0.00000000000000000000
55.27343750     0.00000000000000000000
55.46875000     0.00000000000000000000
55.66406250     0.00000000000000000000
55.85937500     0.00000000000000000000
56.05468750     0.00000000000000000000
56.25000000     0.00000000000000000000
56.44531250     0.00000000000000000000
56.64062500     0.00000000000000000000
56.83593750     0.00000000000000000000
57.03125000     0.00000000000000000000
57.22656250     0.00000000000000000000
57.42187500     0.00000000000000000000
57.61718750     0.00000000000000000000
57.81250000     0.00000000000000000000
58.00781250     0.00000000000000000000
58.20312500     0.00000000000000000000
58.39843750     0.00000000000000000000
58.59375000     0.00000000000000000000
58.78906250     0.00000000000000000000
58.98437500     0.00000000000000000000
59.17968750     0.00000000000000000000
59.37500000     0.00000000000000000000
59.57031250     0.00000000000000000000
59.76562500     0.00000000000000000000
59.96093750     0.00000000000000000000
60.15625000     0.00000000000000000000
60.35156250     0.00000000000000000000
60.54687500     0.00000000000000000000
60.74218750     0.00000000000000000000
60.93750000     0.00000000000000000000
61.13281250     0.00000000000000000000
61.32812500     0.00000000000000000000
61.52343750     0.00000000000000000000
61.71875000     0.00000000000000000000
61.91406250     0.00000000000000000000
62.10937500     0.00000000000000000000
62.30468750     0.00000000000000000000
62.50000000     0.00000000000000000000
62.69531250     0.00000000000000000000
62.89062500     0.00000000000000000000
63.08593750     0.00000000000000000000
63.28125000     0.00000000000000000000
63.47656250     0.00000000000000000000
63.67187500     0.00000000000000000000
63.86718750     0.00000000000000000000
64.06250000     0.00000000000000000000
64.25781250     0.00000000000000000000
64.45312500     0.00000000000000000000
64.64843750     0.00000000000000000000
64.84375000     0.00000000000000000000
65.03906250     0.00000000000000000000
65.23437500     0.00000000000000000000
65.42968750     0.00000000000000000000
65.62500000     0.00000000000000000000
65.82031250     0.00000000000000000000
66.01562500     0.00000000000000000000
66.21093750     0.00000000000000000000
66.40625000     0.00000000000000000000
66.60156250     0.00000000000000000000
66.79687500     0.00000000000000000000
66.99218750     0.00000000000000000000
67.18750000     0.00000000000000000000
67.38281250     0.00000000000000000000
67.57812500     0.00000000000000000000
67.77343750     0.00000000000000000000
67.96875000     0.00000000000000000000
68.16406250     0.00000000000000000000
68.35937500     0.00000000000000000000
68.55468750     0.00000000000000000000
68.75000000     0.00000000000000000000
68.94531250     0.00000000000000000000
69.14062500     0.00000000000000000000
69.33593750     0.00000000000000000000
69.53125000     0.00000000000000000000
69.72656250     0.00000000000000000000
69.92187500     0.00000000000000000000
70.11718750     0.00000000000000000000
70.31250000     0.00000000000000000000
70.50781250     0.00000000000000000000
70.70312500     0.00000000000000000000
70.89843750     0.00000000000000000000
71.09375000     0.00000000000000000000
71.28906250     0.00000000000000000000
71.48437500     0.00000000000000000000
71.67968750     0.00000000000000000000
71.87500000     0.00000000000000000000
72.07031250     0.00000000000000000000
72.26562500     0.00000000000000000000
72.46093750     0.00000000000000000000
72.65625000     0.00000000000000000000
72.85156250     0.00000000000000000000
73.04687500     0.00000000000000000000
73.24218750     0.00000000000000000000
73.43750000     0.00000000000000000000
73.63281250     0.00000000000000000000
73.82812500     0.00000000000000000000
74.02343750     0.00000000000000000000
74.21875000     0.00000000000000000000
74.41406250     0.00000000000000000000
74.60937500     0.00000000000000000000
74.80468750     0.00000000000000000000
75.00000000     0.00000000000000000000
75.19531250     0.00000000000000000000
75.39062500     0.00000000000000000000
75.58593750     0.00000000000000000000
75.78125000     0.00000000000000000000
75.97656250     0.00000000000000000000
76.17187500     0.00000000000000000000
76.36718750     0.00000000000000000000
76.56250000     0.00000000000000000000
76.75781250     0.00000000000000000000
76.95312500     0.00000000000000000000
77.14843750     0.00000000000000000000
77.34375000     0.00000000000000000000
77.53906250     0.00000000000000000000
77.73437500     0.00000000000000000000
77.92968750     0.00000000000000000000
78.12500000     0.00000000000000000000
78.32031250     0.00000000000000000000
78.51562500     0.00000000000000000000
78.71093750     0.00000000000000000000
78.90625000     0.00000000000000000000
79.10156250     0.00000000000000000000
79.29687500     0.00000000000000000000
79.49218750     0.00000000000000000000
79.68750000     0.00000000000000000000
79.88281250     0.00000000000000000000
80.07812500     0.00000000000000000000
80.27343750     0.00000000000000000000
80.46875000     0.00000000000000000000
80.66406250     0.00000000000000000000
80.85937500     0.00000000000000000000
81.05468750     0.00000000000000000000
81.25000000     0.00000000000000000000
81.44531250     0.00000000000000000000
81.64062500     0.00000000000000000000
81.83593750     0.00000000000000000000
82.03125000     0.00000000000000000000
82.22656250     0.00000000000000000000
82.42187500     0.00000000000000000000
82.61718750     0.00000000000000000000
82.81250000     0.00000000000000000000
83.00781250     0.00000000000000000000
83.20312500     0.00000000000000000000
83.39843750     0.00000000000000000000
83.59375000     0.00000000000000000000
83.78906250     0.00000000000000000000
83.98437500     0.00000000000000000000
84.17968750     0.00000000000000000000
84.37500000     0.00000000000000000000
84.57031250     0.00000000000000000000
84.76562500     0.00000000000000000000
84.96093750     0.00000000000000000000
85.15625000     0.00000000000000000000
85.35156250     0.00000000000000000000
85.54687500     0.00000000000000000000
85.74218750     0.00000000000000000000
85.93750000     0.00000000000000000000
86.13281250     0.00000000000000000000
86.32812500     0.00000000000000000000
86.52343750     0.00000000000000000000
86.71875000     0.00000000000000000000
86.91406250     0.00000000000000000000
87.10937500     0.00000000000000000000
87.30468750     0.00000000000000000000
87.50000000     0.00000000000000000000
