-112.50000000     -1.00000000000000000000
-112.30468750     -0.99969881869599996893
-112.10937500     -0.99879545620499998737
-111.91406250     -0.99729045667899995919
-111.71875000     -0.99518472667199997517
-111.52343750     -0.99247953459899995732
-111.32812500     -0.98917650996499995042
-111.13281250     -0.98527764238899995242
-110.93750000     -0.98078528040299994828
-110.74218750     -0.97570213003899997073
-110.54687500     -0.97003125319500005386
-110.35156250     -0.96377606579499996986
-110.15625000     -0.95694033573199999143
-109.96093750     -0.94952818059300003739
-109.76562500     -0.94154406518300004514
-109.57031250     -0.93299279883499997013
-109.37500000     -0.92387953251099996788
-109.17968750     -0.91420975570399998222
-108.98437500     -0.90398929312300002614
-108.78906250     -0.89322430119600004783
-108.59375000     -0.88192126434800000023
-108.39843750     -0.87008699110900000750
-108.20312500     -0.85772861000000000242
-108.00781250     -0.84485356524999999372
-107.81250000     -0.83146961230299998302
-107.61718750     -0.81758481315200004502
-107.42187500     -0.80320753148099999219
-107.22656250     -0.78834642762700002372
-107.03125000     -0.77301045336300000521
-106.83593750     -0.75720884650599995513
-106.64062500     -0.74095112535499996209
-106.44531250     -0.72424708295100004296
-106.25000000     -0.70710678118699998862
-106.05468750     -0.68954054473699999406
-105.85937500     -0.67155895484700001141
-105.66406250     -0.65317284295400002136
-105.46875000     -0.63439328416399998201
-105.27343750     -0.61523159058099996521
-105.07812500     -0.59569930449200003686
-104.88281250     -0.57580819141799999272
-104.68750000     -0.55557023301999997056
-104.49218750     -0.53499761988700000881
-104.29687500     -0.51410274419299994975
-104.10156250     -0.49289819222999997628
-103.90625000     -0.47139673682599997351
-103.71093750     -0.44961132965500000269
-103.51562500     -0.42755509342999997724
-103.32031250     -0.40524131400500001954
-103.12500000     -0.38268343236500002025
-102.92968750     -0.35989503653499999025
-102.73437500     -0.33688985339200000491
-102.53906250     -0.31368174039899998640
-102.34375000     -0.29028467725399997867
-102.14843750     -0.26671275747500000630
-101.95312500     -0.24298017990299999869
-101.75781250     -0.21910124015699999900
-101.56250000     -0.19509032201599998957
-101.36718750     -0.17096188876000001367
-101.17187500     -0.14673047445500000951
-100.97656250     -0.12241067519899999361
-100.78125000     -0.09801714032960000267
-100.58593750     -0.07356456359969999748
-100.39062500     -0.04906767432740000157
-100.19531250     -0.02454122852289999934
-100.00000000     0.00000000000000048986
-99.80468750     0.02454122852289999934
-99.60937500     0.04906767432740000157
-99.41406250     0.07356456359969999748
-99.21875000     0.09801714032960000267
-99.02343750     0.12241067519899999361
-98.82812500     0.14673047445500000951
-98.63281250     0.17096188876000001367
-98.43750000     0.19509032201599998957
-98.24218750     0.21910124015699999900
-98.04687500     0.24298017990299999869
-97.85156250     0.26671275747500000630
-97.65625000     0.29028467725399997867
-97.46093750     0.31368174039899998640
-97.26562500     0.33688985339200000491
-97.07031250     0.35989503653499999025
-96.87500000     0.38268343236500002025
-96.67968750     0.40524131400500001954
-96.48437500     0.42755509342999997724
-96.28906250     0.44961132965500000269
-96.09375000     0.47139673682599997351
-95.89843750     0.49289819222999997628
-95.70312500     0.51410274419299994975
-95.50781250     0.53499761988700000881
-95.31250000     0.55557023301999997056
-95.11718750     0.57580819141799999272
-94.92187500     0.59569930449200003686
-94.72656250     0.61523159058099996521
-94.53125000     0.63439328416399998201
-94.33593750     0.65317284295400002136
-94.14062500     0.67155895484700001141
-93.94531250     0.68954054473699999406
-93.75000000     0.70710678118699998862
-93.55468750     0.72424708295100004296
-93.35937500     0.74095112535499996209
-93.16406250     0.75720884650599995513
-92.96875000     0.77301045336300000521
-92.77343750     0.78834642762700002372
-92.57812500     0.80320753148099999219
-92.38281250     0.81758481315200004502
-92.18750000     0.83146961230299998302
-91.99218750     0.84485356524999999372
-91.79687500     0.85772861000000000242
-91.60156250     0.87008699110900000750
-91.40625000     0.88192126434800000023
-91.21093750     0.89322430119600004783
-91.01562500     0.90398929312300002614
-90.82031250     0.91420975570399998222
-90.62500000     0.92387953251099996788
-90.42968750     0.93299279883499997013
-90.23437500     0.94154406518300004514
-90.03906250     0.94952818059300003739
-89.84375000     0.95694033573199999143
-89.64843750     0.96377606579499996986
-89.45312500     0.97003125319500005386
-89.25781250     0.97570213003899997073
-89.06250000     0.98078528040299994828
-88.86718750     0.98527764238899995242
-88.67187500     0.98917650996499995042
-88.47656250     0.99247953459899995732
-88.28125000     0.99518472667199997517
-88.08593750     0.99729045667899995919
-87.89062500     0.99879545620499998737
-87.69531250     0.99969881869599996893
-87.50000000     1.00000000000000000000
-87.30468750     0.99969881869599996893
-87.10937500     0.99879545620499998737
-86.91406250     0.99729045667899995919
-86.71875000     0.99518472667199997517
-86.52343750     0.99247953459899995732
-86.32812500     0.98917650996499995042
-86.13281250     0.98527764238899995242
-85.93750000     0.98078528040299994828
-85.74218750     0.97570213003899997073
-85.54687500     0.97003125319500005386
-85.35156250     0.96377606579499996986
-85.15625000     0.95694033573199999143
-84.96093750     0.94952818059300003739
-84.76562500     0.94154406518300004514
-84.57031250     0.93299279883499997013
-84.37500000     0.92387953251099996788
-84.17968750     0.91420975570399998222
-83.98437500     0.90398929312300002614
-83.78906250     0.89322430119600004783
-83.59375000     0.88192126434800000023
-83.39843750     0.87008699110900000750
-83.20312500     0.85772861000000000242
-83.00781250     0.84485356524999999372
-82.81250000     0.83146961230299998302
-82.61718750     0.81758481315200004502
-82.42187500     0.80320753148099999219
-82.22656250     0.78834642762700002372
-82.03125000     0.77301045336300000521
-81.83593750     0.75720884650599995513
-81.64062500     0.74095112535499996209
-81.44531250     0.72424708295100004296
-81.25000000     0.70710678118699998862
-81.05468750     0.68954054473699999406
-80.85937500     0.67155895484700001141
-80.66406250     0.65317284295400002136
-80.46875000     0.63439328416399998201
-80.27343750     0.61523159058099996521
-80.07812500     0.59569930449200003686
-79.88281250     0.57580819141799999272
-79.68750000     0.55557023301999997056
-79.49218750     0.53499761988700000881
-79.29687500     0.51410274419299994975
-79.10156250     0.49289819222999997628
-78.90625000     0.47139673682599997351
-78.71093750     0.44961132965500000269
-78.51562500     0.42755509342999997724
-78.32031250     0.40524131400500001954
-78.12500000     0.38268343236500002025
-77.92968750     0.35989503653499999025
-77.73437500     0.33688985339200000491
-77.53906250     0.31368174039899998640
-77.34375000     0.29028467725399997867
-77.14843750     0.26671275747500000630
-76.95312500     0.24298017990299999869
-76.75781250     0.21910124015699999900
-76.56250000     0.19509032201599998957
-76.36718750     0.17096188876000001367
-76.17187500     0.14673047445500000951
-75.97656250     0.12241067519899999361
-75.78125000     0.09801714032960000267
-75.58593750     0.07356456359969999748
-75.39062500     0.04906767432740000157
-75.19531250     0.02454122852289999934
-75.00000000     -0.00000000000000214375
-74.80468750     -0.02454122852289999934
-74.60937500     -0.04906767432740000157
-74.41406250     -0.07356456359969999748
-74.21875000     -0.09801714032960000267
-74.02343750     -0.12241067519899999361
-73.82812500     -0.14673047445500000951
-73.63281250     -0.17096188876000001367
-73.43750000     -0.19509032201599998957
-73.24218750     -0.21910124015699999900
-73.04687500     -0.24298017990299999869
-72.85156250     -0.26671275747500000630
-72.65625000     -0.29028467725399997867
-72.46093750     -0.31368174039899998640
-72.26562500     -0.33688985339200000491
-72.07031250     -0.35989503653499999025
-71.87500000     -0.38268343236500002025
-71.67968750     -0.40524131400500001954
-71.48437500     -0.42755509342999997724
-71.28906250     -0.44961132965500000269
-71.09375000     -0.47139673682599997351
-70.89843750     -0.49289819222999997628
-70.70312500     -0.51410274419299994975
-70.50781250     -0.53499761988700000881
-70.31250000     -0.55557023301999997056
-70.11718750     -0.57580819141799999272
-69.92187500     -0.59569930449200003686
-69.72656250     -0.61523159058099996521
-69.53125000     -0.63439328416399998201
-69.33593750     -0.65317284295400002136
-69.14062500     -0.67155895484700001141
-68.94531250     -0.68954054473699999406
-68.75000000     -0.70710678118699998862
-68.55468750     -0.72424708295100004296
-68.35937500     -0.74095112535499996209
-68.16406250     -0.75720884650599995513
-67.96875000     -0.77301045336300000521
-67.77343750     -0.78834642762700002372
-67.57812500     -0.80320753148099999219
-67.38281250     -0.81758481315200004502
-67.18750000     -0.83146961230299998302
-66.99218750     -0.84485356524999999372
-66.79687500     -0.85772861000000000242
-66.60156250     -0.87008699110900000750
-66.40625000     -0.88192126434800000023
-66.21093750     -0.89322430119600004783
-66.01562500     -0.90398929312300002614
-65.82031250     -0.91420975570399998222
-65.62500000     -0.92387953251099996788
-65.42968750     -0.93299279883499997013
-65.23437500     -0.94154406518300004514
-65.03906250     -0.94952818059300003739
-64.84375000     -0.95694033573199999143
-64.64843750     -0.96377606579499996986
-64.45312500     -0.97003125319500005386
-64.25781250     -0.97570213003899997073
-64.06250000     -0.98078528040299994828
-63.86718750     -0.98527764238899995242
-63.67187500     -0.98917650996499995042
-63.47656250     -0.99247953459899995732
-63.28125000     -0.99518472667199997517
-63.08593750     -0.99729045667899995919
-62.89062500     -0.99879545620499998737
-62.69531250     -0.99969881869599996893
-62.50000000     -1.00000000000000000000
-62.30468750     -0.99969881869599996893
-62.10937500     -0.99879545620499998737
-61.91406250     -0.99729045667899995919
-61.71875000     -0.99518472667199997517
-61.52343750     -0.99247953459899995732
-61.32812500     -0.98917650996499995042
-61.13281250     -0.98527764238899995242
-60.93750000     -0.98078528040299994828
-60.74218750     -0.97570213003899997073
-60.54687500     -0.97003125319500005386
-60.35156250     -0.96377606579499996986
-60.15625000     -0.95694033573199999143
-59.96093750     -0.94952818059300003739
-59.76562500     -0.94154406518300004514
-59.57031250     -0.93299279883499997013
-59.37500000     -0.92387953251099996788
-59.17968750     -0.91420975570399998222
-58.98437500     -0.90398929312300002614
-58.78906250     -0.89322430119600004783
-58.59375000     -0.88192126434800000023
-58.39843750     -0.87008699110900000750
-58.20312500     -0.85772861000000000242
-58.00781250     -0.84485356524999999372
-57.81250000     -0.83146961230299998302
-57.61718750     -0.81758481315200004502
-57.42187500     -0.80320753148099999219
-57.22656250     -0.78834642762700002372
-57.03125000     -0.77301045336300000521
-56.83593750     -0.75720884650599995513
-56.64062500     -0.74095112535499996209
-56.44531250     -0.72424708295100004296
-56.25000000     -0.70710678118699998862
-56.05468750     -0.68954054473699999406
-55.85937500     -0.67155895484700001141
-55.66406250     -0.65317284295400002136
-55.46875000     -0.63439328416399998201
-55.27343750     -0.61523159058099996521
-55.07812500     -0.59569930449200003686
-54.88281250     -0.57580819141799999272
-54.68750000     -0.55557023301999997056
-54.49218750     -0.53499761988700000881
-54.29687500     -0.51410274419299994975
-54.10156250     -0.49289819222999997628
-53.90625000     -0.47139673682599997351
-53.71093750     -0.44961132965500000269
-53.51562500     -0.42755509342999997724
-53.32031250     -0.40524131400500001954
-53.12500000     -0.38268343236500002025
-52.92968750     -0.35989503653499999025
-52.73437500     -0.33688985339200000491
-52.53906250     -0.31368174039899998640
-52.34375000     -0.29028467725399997867
-52.14843750     -0.26671275747500000630
-51.95312500     -0.24298017990299999869
-51.75781250     -0.21910124015699999900
-51.56250000     -0.19509032201599998957
-51.36718750     -0.17096188876000001367
-51.17187500     -0.14673047445500000951
-50.97656250     -0.12241067519899999361
-50.78125000     -0.09801714032960000267
-50.58593750     -0.07356456359969999748
-50.39062500     -0.04906767432740000157
-50.19531250     -0.02454122852289999934
-50.00000000     0.00000000000000113311
-49.80468750     0.02454122852289999934
-49.60937500     0.04906767432740000157
-49.41406250     0.07356456359969999748
-49.21875000     0.09801714032960000267
-49.02343750     0.12241067519899999361
-48.82812500     0.14673047445500000951
-48.63281250     0.17096188876000001367
-48.43750000     0.19509032201599998957
-48.24218750     0.21910124015699999900
-48.04687500     0.24298017990299999869
-47.85156250     0.26671275747500000630
-47.65625000     0.29028467725399997867
-47.46093750     0.31368174039899998640
-47.26562500     0.33688985339200000491
-47.07031250     0.35989503653499999025
-46.87500000     0.38268343236500002025
-46.67968750     0.40524131400500001954
-46.48437500     0.42755509342999997724
-46.28906250     0.44961132965500000269
-46.09375000     0.47139673682599997351
-45.89843750     0.49289819222999997628
-45.70312500     0.51410274419299994975
-45.50781250     0.53499761988700000881
-45.31250000     0.55557023301999997056
-45.11718750     0.57580819141799999272
-44.92187500     0.59569930449200003686
-44.72656250     0.61523159058099996521
-44.53125000     0.63439328416399998201
-44.33593750     0.65317284295400002136
-44.14062500     0.67155895484700001141
-43.94531250     0.68954054473699999406
-43.75000000     0.70710678118699998862
-43.55468750     0.72424708295100004296
-43.35937500     0.74095112535499996209
-43.16406250     0.75720884650599995513
-42.96875000     0.77301045336300000521
-42.77343750     0.78834642762700002372
-42.57812500     0.80320753148099999219
-42.38281250     0.81758481315200004502
-42.18750000     0.83146961230299998302
-41.99218750     0.84485356524999999372
-41.79687500     0.85772861000000000242
-41.60156250     0.87008699110900000750
-41.40625000     0.88192126434800000023
-41.21093750     0.89322430119600004783
-41.01562500     0.90398929312300002614
-40.82031250     0.91420975570399998222
-40.62500000     0.92387953251099996788
-40.42968750     0.93299279883499997013
-40.23437500     0.94154406518300004514
-40.03906250     0.94952818059300003739
-39.84375000     0.95694033573199999143
-39.64843750     0.96377606579499996986
-39.45312500     0.97003194774799994526
-39.25781250     0.97570438372799994653
-39.06250000     0.98078957344299999566
-38.86718750     0.98528403870400005360
-38.67187500     0.98918455499799995412
-38.47656250     0.99248846118699995955
-38.28125000     0.99519375053799996600
-38.08593750     0.99729897788999999353
-37.89062500     0.99880296341800001159
-37.69531250     0.99969887964600001595
-37.50000000     1.00001178862999995367
-37.30468750     0.99971582050200002989
-37.10937500     0.99879545620499998737
-36.91406250     0.99729728203400003217
-36.71875000     0.99518472667199997517
-36.52343750     0.99247953459899995732
-36.32812500     0.98917650996499995042
-36.13281250     0.98527764238899995242
-35.93750000     0.98078528040299994828
-35.74218750     0.97570213003899997073
-35.54687500     0.97003125319500005386
-35.35156250     0.96377606579499996986
-35.15625000     0.95694033573199999143
-34.96093750     0.94952818059300003739
-34.76562500     0.94154406518300004514
-34.57031250     0.93299279883499997013
-34.37500000     0.92387953251099996788
-34.17968750     0.91420975570399998222
-33.98437500     0.90398929312300002614
-33.78906250     0.89322430119600004783
-33.59375000     0.88192126434800000023
-33.39843750     0.87008699110900000750
-33.20312500     0.85772861000000000242
-33.00781250     0.84485356524999999372
-32.81250000     0.83146961230299998302
-32.61718750     0.81758481315200004502
-32.42187500     0.80320753148099999219
-32.22656250     0.78834642762700002372
-32.03125000     0.77301045336300000521
-31.83593750     0.75720884650599995513
-31.64062500     0.74095112527899997801
-31.44531250     0.72424711995500001827
-31.25000000     0.70710720618300004769
-31.05468750     0.68954420921600001471
-30.85937500     0.67156703696800001957
-30.66406250     0.65318891006199997218
-30.46875000     0.63442782122700003278
-30.27343750     0.61529990153600000458
-30.07812500     0.59582884846499994946
-29.88281250     0.57605092303799998454
-29.68750000     0.55601246766900003227
-29.49218750     0.53578155462900001194
-29.29687500     0.51546060248900005263
-29.10156250     0.49519389323899998256
-28.90625000     0.47518322135699997411
-28.71093750     0.45570641789600002669
-28.51562500     0.43713004571699998202
-28.32031250     0.41992022692800001771
-28.12500000     0.40464436469600001400
-27.92968750     0.39195753563500002059
-27.73437500     0.38257202025800002287
-27.53906250     0.37719964654900001166
-27.34375000     0.37647134383899999444
-27.14843750     0.38083821099499998164
-26.95312500     0.39045648840899999099
-26.75781250     0.40507833256100000963
-26.56250000     0.42396336798599998374
-26.36718750     0.44583163628200001005
-26.17187500     0.46887933764000000458
-25.97656250     0.49086517313900002168
-25.78125000     0.50926947081499995829
-25.58593750     0.52151507496000004682
-25.39062500     0.52522317504899995733
-25.19531250     0.51847001486300003936
-25.00000000     0.50000247359700000782
-24.80468750     0.46941180648100000461
-24.60937500     0.42713430690199999384
-24.41406250     0.37445144626699999879
-24.21875000     0.31331515271600002270
-24.02343750     0.24613318471000000809
-23.82812500     0.17551201422400000696
-23.63281250     0.10400081105300000572
-23.43750000     0.03387103009769999729
-23.24218750     -0.03304338308489999931
-23.04687500     -0.09543287685949999877
-22.85156250     -0.15252699953900000773
-22.65625000     -0.20404840664500001335
-22.46093750     -0.25012445926400000973
-22.26562500     -0.29117704328600002572
-22.07031250     -0.32780961521500001643
-21.87500000     -0.36070611129099999781
-21.67968750     -0.39055073509499999007
-21.48437500     -0.41797212179999998494
-21.28906250     -0.44351092516800000309
-21.09375000     -0.46760695496999998833
-20.89843750     -0.49060063189600000566
-20.70312500     -0.51274343986399995021
-20.50781250     -0.53421281185900004740
-20.31250000     -0.55512804496000001109
-20.11718750     -0.57556505647699995887
-19.92187500     -0.59556884219600003672
-19.72656250     -0.61516327478400001372
-19.53125000     -0.63435837371000003415
-19.33593750     -0.65315543343899995499
-19.14062500     -0.67155048229699998430
-18.94531250     -0.68953652092499995163
-18.75000000     -0.70710491628100002881
-18.55468750     -0.72424623948199995382
-18.35937500     -0.74095075307500002371
-18.16406250     -0.75720868616400005546
-17.96875000     -0.77301038597600002511
-17.77343750     -0.78834639999800004695
-17.57812500     -0.80320752043400001075
-17.38281250     -0.81758480884999995553
-17.18750000     -0.83146961067699998171
-16.99218750     -0.84485356465899996703
-16.79687500     -0.85772860979999998587
-16.60156250     -0.87008699105300002508
-16.40625000     -0.88192126434399997770
-16.21093750     -0.89322430119600004783
-16.01562500     -0.90398929312300002614
-15.82031250     -0.91420975570399998222
-15.62500000     -0.92387953251099996788
-15.42968750     -0.93299279883499997013
-15.23437500     -0.94154406518300004514
-15.03906250     -0.94952818059300003739
-14.84375000     -0.95694033573199999143
-14.64843750     -0.96377606579499996986
-14.45312500     -0.97003125319500005386
-14.25781250     -0.97570213003899997073
-14.06250000     -0.98078528040299994828
-13.86718750     -0.98527764238899995242
-13.67187500     -0.98917650996499995042
-13.47656250     -0.99247953459899995732
-13.28125000     -0.99518472667199997517
-13.08593750     -0.99729045667899995919
-12.89062500     -0.99879545620499998737
-12.69531250     -0.99969881869599996893
-12.50000000     -1.00000000000000000000
-12.30468750     -0.99969881869599996893
-12.10937500     -0.99879545620499998737
-11.91406250     -0.99729045667899995919
-11.71875000     -0.99518472667199997517
-11.52343750     -0.99247953459899995732
-11.32812500     -0.98917650996499995042
-11.13281250     -0.98527764238899995242
-10.93750000     -0.98078528040299994828
-10.74218750     -0.97570213003899997073
-10.54687500     -0.97003125319500005386
-10.35156250     -0.96377606579499996986
-10.15625000     -0.95694033573199999143
-9.96093750     -0.94952818059300003739
-9.76562500     -0.94154406518300004514
-9.57031250     -0.93299279883499997013
-9.37500000     -0.92387953251099996788
-9.17968750     -0.91420975570399998222
-8.98437500     -0.90398929312300002614
-8.78906250     -0.89322430119600004783
-8.59375000     -0.88192126434800000023
-8.39843750     -0.87008699110900000750
-8.20312500     -0.85772861000000000242
-8.00781250     -0.84485356524999999372
-7.81250000     -0.83146961230299998302
-7.61718750     -0.81758481315200004502
-7.42187500     -0.80320753148099999219
-7.22656250     -0.78834642762700002372
-7.03125000     -0.77301045336300000521
-6.83593750     -0.75720884650599995513
-6.64062500     -0.74095112535499996209
-6.44531250     -0.72424708295100004296
-6.25000000     -0.70710678118699998862
-6.05468750     -0.68954054473699999406
-5.85937500     -0.67155895484700001141
-5.66406250     -0.65317284295400002136
-5.46875000     -0.63439328416399998201
-5.27343750     -0.61523159058099996521
-5.07812500     -0.59569930449200003686
-4.88281250     -0.57580819141799999272
-4.68750000     -0.55557023301999997056
-4.49218750     -0.53499761988700000881
-4.29687500     -0.51410274419299994975
-4.10156250     -0.49289819222999997628
-3.90625000     -0.47139673682599997351
-3.71093750     -0.44961132965500000269
-3.51562500     -0.42755509342999997724
-3.32031250     -0.40524131400500001954
-3.12500000     -0.38268343236500002025
-2.92968750     -0.35989503653499999025
-2.73437500     -0.33688985339200000491
-2.53906250     -0.31368174039899998640
-2.34375000     -0.29028467725399997867
-2.14843750     -0.26671275747500000630
-1.95312500     -0.24298017990299999869
-1.75781250     -0.21910124015699999900
-1.56250000     -0.19509032201599998957
-1.36718750     -0.17096188876000001367
-1.17187500     -0.14673047445500000951
-0.97656250     -0.12241067519899999361
-0.78125000     -0.09801714032960000267
-0.58593750     -0.07356456359969999748
-0.39062500     -0.04906767432740000157
-0.19531250     -0.02454122852289999934
0.00000000     0.00000000000000178579
0.19531250     0.02454122852289999934
0.39062500     0.04906767432740000157
0.58593750     0.07356456359969999748
0.78125000     0.09801714032960000267
0.97656250     0.12241067519899999361
1.17187500     0.14673047445500000951
1.36718750     0.17096188876000001367
1.56250000     0.19509032201599998957
1.75781250     0.21910124015699999900
1.95312500     0.24298017990299999869
2.14843750     0.26671275747500000630
2.34375000     0.29028467725399997867
2.53906250     0.31368174039899998640
2.73437500     0.33688985339200000491
2.92968750     0.35989503653499999025
3.12500000     0.38268343236500002025
3.32031250     0.40524131400500001954
3.51562500     0.42755509342999997724
3.71093750     0.44961132965500000269
3.90625000     0.47139673682599997351
4.10156250     0.49289819222999997628
4.29687500     0.51410274419299994975
4.49218750     0.53499761988700000881
4.68750000     0.55557023301999997056
4.88281250     0.57580819141799999272
5.07812500     0.59569930449200003686
5.27343750     0.61523159058099996521
5.46875000     0.63439328416399998201
5.66406250     0.65317284295400002136
5.85937500     0.67155895484700001141
6.05468750     0.68954054473699999406
6.25000000     0.70710678118699998862
6.44531250     0.72424708295100004296
6.64062500     0.74095112535499996209
6.83593750     0.75720884650599995513
7.03125000     0.77301045336300000521
7.22656250     0.78834642762700002372
7.42187500     0.80320753148099999219
7.61718750     0.81758481315200004502
7.81250000     0.83146961230299998302
8.00781250     0.84485356524999999372
8.20312500     0.85772861000000000242
8.39843750     0.87008699110900000750
8.59375000     0.88192126434800000023
8.78906250     0.89322430119600004783
8.98437500     0.90398929312300002614
9.17968750     0.91420975570399998222
9.37500000     0.92387953251099996788
9.57031250     0.93299279883499997013
9.76562500     0.94154406518300004514
9.96093750     0.94952818059300003739
10.15625000     0.95694033573199999143
10.35156250     0.96377606579499996986
10.54687500     0.97003125319500005386
10.74218750     0.97570213003899997073
10.93750000     0.98078528040299994828
11.13281250     0.98527764238899995242
11.32812500     0.98917650996499995042
11.52343750     0.99247953459899995732
11.71875000     0.99518472667199997517
11.91406250     0.99729045667899995919
12.10937500     0.99879545620499998737
12.30468750     0.99969881869599996893
12.50000000     1.00000000000000000000
12.69531250     0.99969881869599996893
12.89062500     0.99879545620499998737
13.08593750     0.99729045667899995919
13.28125000     0.99518472667199997517
13.47656250     0.99247953459899995732
13.67187500     0.98917650996499995042
13.86718750     0.98527764238899995242
14.06250000     0.98078528040299994828
14.25781250     0.97570213003899997073
14.45312500     0.97003125319500005386
14.64843750     0.96377606579499996986
14.84375000     0.95694033573199999143
15.03906250     0.94952818059300003739
15.23437500     0.94154406518300004514
15.42968750     0.93299279883499997013
15.62500000     0.92387953251099996788
15.82031250     0.91420975570399998222
16.01562500     0.90398929312300002614
16.21093750     0.89322430119600004783
16.40625000     0.88192126434800000023
16.60156250     0.87008699110900000750
16.79687500     0.85772861000000000242
16.99218750     0.84485356524999999372
17.18750000     0.83146961230299998302
17.38281250     0.81758481315200004502
17.57812500     0.80320753148099999219
17.77343750     0.78834642762700002372
17.96875000     0.77301045336300000521
18.16406250     0.75720884650599995513
18.35937500     0.74095112535499996209
18.55468750     0.72424708295100004296
18.75000000     0.70710678118699998862
18.94531250     0.68954054473699999406
19.14062500     0.67155895484700001141
19.33593750     0.65317284295400002136
19.53125000     0.63439328416399998201
19.72656250     0.61523159058099996521
19.92187500     0.59569930449200003686
20.11718750     0.57580819141799999272
20.31250000     0.55557023301999997056
20.50781250     0.53499761988700000881
20.70312500     0.51410274419299994975
20.89843750     0.49289819222999997628
21.09375000     0.47139673682599997351
21.28906250     0.44961132965500000269
21.48437500     0.42755509342999997724
21.67968750     0.40524131400500001954
21.87500000     0.38268343236500002025
22.07031250     0.35989503653499999025
22.26562500     0.33688985339200000491
22.46093750     0.31368174039899998640
22.65625000     0.29028467725399997867
22.85156250     0.26671275747500000630
23.04687500     0.24298017990299999869
23.24218750     0.21910124015699999900
23.43750000     0.19509032201599998957
23.63281250     0.17096188876000001367
23.82812500     0.14673047445500000951
24.02343750     0.12241067519899999361
24.21875000     0.09801714032960000267
24.41406250     0.07356456359969999748
24.60937500     0.04906767432740000157
24.80468750     0.02454122852289999934
25.00000000     -0.00000000000000209798
25.19531250     -0.02454122852289999934
25.39062500     -0.04906767432740000157
25.58593750     -0.07356456359969999748
25.78125000     -0.09801714032960000267
25.97656250     -0.12241067519899999361
26.17187500     -0.14673047445500000951
26.36718750     -0.17096188876000001367
26.56250000     -0.19509032201599998957
26.75781250     -0.21910124015699999900
26.95312500     -0.24298017990299999869
27.14843750     -0.26671275747500000630
27.34375000     -0.29028467725399997867
27.53906250     -0.31368174039899998640
27.73437500     -0.33688985339200000491
27.92968750     -0.35989503653499999025
28.12500000     -0.38268343236500002025
28.32031250     -0.40524131400500001954
28.51562500     -0.42755509342999997724
28.71093750     -0.44961132965500000269
28.90625000     -0.47139673682599997351
29.10156250     -0.49289819222999997628
29.29687500     -0.51410274419299994975
29.49218750     -0.53499761988700000881
29.68750000     -0.55557023301999997056
29.88281250     -0.57580819141799999272
30.07812500     -0.59569930449200003686
30.27343750     -0.61523159058099996521
30.46875000     -0.63439328416399998201
30.66406250     -0.65317284295400002136
30.85937500     -0.67155895484700001141
31.05468750     -0.68954054473699999406
31.25000000     -0.70710678118699998862
31.44531250     -0.72424708295100004296
31.64062500     -0.74095112535499996209
31.83593750     -0.75720884650599995513
32.03125000     -0.77301045336300000521
32.22656250     -0.78834642762700002372
32.42187500     -0.80320753148099999219
32.61718750     -0.81758481315200004502
32.81250000     -0.83146961230299998302
33.00781250     -0.84485356524999999372
33.20312500     -0.85772861000000000242
33.39843750     -0.87008699110900000750
33.59375000     -0.88192126434800000023
33.78906250     -0.89322430119600004783
33.98437500     -0.90398929312300002614
34.17968750     -0.91420975570399998222
34.37500000     -0.92387953251099996788
34.57031250     -0.93299279883499997013
34.76562500     -0.94154406518300004514
34.96093750     -0.94952818059300003739
35.15625000     -0.95694033573199999143
35.35156250     -0.96377606579499996986
35.54687500     -0.97003125319500005386
35.74218750     -0.97570213003899997073
35.93750000     -0.98078528040299994828
36.13281250     -0.98527764238899995242
36.32812500     -0.98917650996499995042
36.52343750     -0.99247953459899995732
36.71875000     -0.99518472667199997517
36.91406250     -0.99729045667899995919
37.10937500     -0.99879545620499998737
37.30468750     -0.99969881869599996893
37.50000000     -1.00000000000000000000
37.69531250     -0.99969881869599996893
37.89062500     -0.99879545620499998737
38.08593750     -0.99729045667899995919
38.28125000     -0.99518472667199997517
38.47656250     -0.99247953459899995732
38.67187500     -0.98917650996499995042
38.86718750     -0.98527764238899995242
39.06250000     -0.98078528040299994828
39.25781250     -0.97570213003899997073
39.45312500     -0.97003125319500005386
39.64843750     -0.96377606579499996986
39.84375000     -0.95694033573199999143
40.03906250     -0.94952818059300003739
40.23437500     -0.94154406518300004514
40.42968750     -0.93299279883499997013
40.62500000     -0.92387953251099996788
40.82031250     -0.91420975570399998222
41.01562500     -0.90398929312300002614
41.21093750     -0.89322430119600004783
41.40625000     -0.88192126434800000023
41.60156250     -0.87008699110900000750
41.79687500     -0.85772861000000000242
41.99218750     -0.84485356524999999372
42.18750000     -0.83146961230299998302
42.38281250     -0.81758481315200004502
42.57812500     -0.80320753148099999219
42.77343750     -0.78834642762700002372
42.96875000     -0.77301045336300000521
43.16406250     -0.75720884650599995513
43.35937500     -0.74095112535499996209
43.55468750     -0.72424708295100004296
43.75000000     -0.70710678118699998862
43.94531250     -0.68954054473699999406
44.14062500     -0.67155895484700001141
44.33593750     -0.65317284295400002136
44.53125000     -0.63439328416399998201
44.72656250     -0.61523159058099996521
44.92187500     -0.59569930449200003686
45.11718750     -0.57580819141799999272
45.31250000     -0.55557023301999997056
45.50781250     -0.53499761988700000881
45.70312500     -0.51410274419299994975
45.89843750     -0.49289819222999997628
46.09375000     -0.47139673682599997351
46.28906250     -0.44961132965500000269
46.48437500     -0.42755509342999997724
46.67968750     -0.40524131400500001954
46.87500000     -0.38268343236500002025
47.07031250     -0.35989503653499999025
47.26562500     -0.33688985339200000491
47.46093750     -0.31368174039899998640
47.65625000     -0.29028467725399997867
47.85156250     -0.26671275747500000630
48.04687500     -0.24298017990299999869
48.24218750     -0.21910124015699999900
48.43750000     -0.19509032201599998957
48.63281250     -0.17096188876000001367
48.82812500     -0.14673047445500000951
49.02343750     -0.12241067519899999361
49.21875000     -0.09801714032960000267
49.41406250     -0.07356456359969999748
49.60937500     -0.04906767432740000157
49.80468750     -0.02454122852289999934
50.00000000     0.00000000000000241961
50.19531250     0.02454122852289999934
50.39062500     0.04906767432740000157
50.58593750     0.07356456359969999748
50.78125000     0.09801714032960000267
50.97656250     0.12241067519899999361
51.17187500     0.14673047445500000951
51.36718750     0.17096188876000001367
51.56250000     0.19509032201599998957
51.75781250     0.21910124015699999900
51.95312500     0.24298017990299999869
52.14843750     0.26671275747500000630
52.34375000     0.29028467725399997867
52.53906250     0.31368174039899998640
52.73437500     0.33688985339200000491
52.92968750     0.35989503653499999025
53.12500000     0.38268343236500002025
53.32031250     0.40524131400500001954
53.51562500     0.42755509342999997724
53.71093750     0.44961132965500000269
53.90625000     0.47139673682599997351
54.10156250     0.49289819222999997628
54.29687500     0.51410274419299994975
54.49218750     0.53499761988700000881
54.68750000     0.55557023301999997056
54.88281250     0.57580819141799999272
55.07812500     0.59569930449200003686
55.27343750     0.61523159058099996521
55.46875000     0.63439328416399998201
55.66406250     0.65317284295400002136
55.85937500     0.67155895484700001141
56.05468750     0.68954054473699999406
56.25000000     0.70710678118699998862
56.44531250     0.72424708295100004296
56.64062500     0.74095112535499996209
56.83593750     0.75720884650599995513
57.03125000     0.77301045336300000521
57.22656250     0.78834642762700002372
57.42187500     0.80320753148099999219
57.61718750     0.81758481315200004502
57.81250000     0.83146961230299998302
58.00781250     0.84485356524999999372
58.20312500     0.85772861000000000242
58.39843750     0.87008699110900000750
58.59375000     0.88192126434800000023
58.78906250     0.89322430119600004783
58.98437500     0.90398929312300002614
59.17968750     0.91420975570399998222
59.37500000     0.92387953251099996788
59.57031250     0.93299279883499997013
59.76562500     0.94154406518300004514
59.96093750     0.94952818059300003739
60.15625000     0.95694033573199999143
60.35156250     0.96377606579499996986
60.54687500     0.97003125319500005386
60.74218750     0.97570213003899997073
60.93750000     0.98078528040299994828
61.13281250     0.98527764238899995242
61.32812500     0.98917650996499995042
61.52343750     0.99247953459899995732
61.71875000     0.99518472667199997517
61.91406250     0.99729045667899995919
62.10937500     0.99879545620499998737
62.30468750     0.99969881869599996893
62.50000000     1.00000000000000000000
62.69531250     0.99969881869599996893
62.89062500     0.99879545620499998737
63.08593750     0.99729045667899995919
63.28125000     0.99518472667199997517
63.47656250     0.99247953459899995732
63.67187500     0.98917650996499995042
63.86718750     0.98527764238899995242
64.06250000     0.98078528040299994828
64.25781250     0.97570213003899997073
64.45312500     0.97003125319500005386
64.64843750     0.96377606579499996986
64.84375000     0.95694033573199999143
65.03906250     0.94952818059300003739
65.23437500     0.94154406518300004514
65.42968750     0.93299279883499997013
65.62500000     0.92387953251099996788
65.82031250     0.91420975570399998222
66.01562500     0.90398929312300002614
66.21093750     0.89322430119600004783
66.40625000     0.88192126434800000023
66.60156250     0.87008699110900000750
66.79687500     0.85772861000000000242
66.99218750     0.84485356524999999372
67.18750000     0.83146961230299998302
67.38281250     0.81758481315200004502
67.57812500     0.80320753148099999219
67.77343750     0.78834642762700002372
67.96875000     0.77301045336300000521
68.16406250     0.75720884650599995513
68.35937500     0.74095112535499996209
68.55468750     0.72424708295100004296
68.75000000     0.70710678118699998862
68.94531250     0.68954054473699999406
69.14062500     0.67155895484700001141
69.33593750     0.65317284295400002136
69.53125000     0.63439328416399998201
69.72656250     0.61523159058099996521
69.92187500     0.59569930449200003686
70.11718750     0.57580819141799999272
70.31250000     0.55557023301999997056
70.50781250     0.53499761988700000881
70.70312500     0.51410274419299994975
70.89843750     0.49289819222999997628
71.09375000     0.47139673682599997351
71.28906250     0.44961132965500000269
71.48437500     0.42755509342999997724
71.67968750     0.40524131400500001954
71.87500000     0.38268343236500002025
72.07031250     0.35989503653499999025
72.26562500     0.33688985339200000491
72.46093750     0.31368174039899998640
72.65625000     0.29028467725399997867
72.85156250     0.26671275747500000630
73.04687500     0.24298017990299999869
73.24218750     0.21910124015699999900
73.43750000     0.19509032201599998957
73.63281250     0.17096188876000001367
73.82812500     0.14673047445500000951
74.02343750     0.12241067519899999361
74.21875000     0.09801714032960000267
74.41406250     0.07356456359969999748
74.60937500     0.04906767432740000157
74.80468750     0.02454122852289999934
75.00000000     -0.00000000000000140896
75.19531250     -0.02454122852289999934
75.39062500     -0.04906767432740000157
75.58593750     -0.07356456359969999748
75.78125000     -0.09801714032960000267
75.97656250     -0.12241067519899999361
76.17187500     -0.14673047445500000951
76.36718750     -0.17096188876000001367
76.56250000     -0.19509032201599998957
76.75781250     -0.21910124015699999900
76.95312500     -0.24298017990299999869
77.14843750     -0.26671275747500000630
77.34375000     -0.29028467725399997867
77.53906250     -0.31368174039899998640
77.73437500     -0.33688985339200000491
77.92968750     -0.35989503653499999025
78.12500000     -0.38268343236500002025
78.32031250     -0.40524131400500001954
78.51562500     -0.42755509342999997724
78.71093750     -0.44961132965500000269
78.90625000     -0.47139673682599997351
79.10156250     -0.49289819222999997628
79.29687500     -0.51410274419299994975
79.49218750     -0.53499761988700000881
79.68750000     -0.55557023301999997056
79.88281250     -0.57580819141799999272
80.07812500     -0.59569930449200003686
80.27343750     -0.61523159058099996521
80.46875000     -0.63439328416399998201
80.66406250     -0.65317284295400002136
80.85937500     -0.67155895484700001141
81.05468750     -0.68954054473699999406
81.25000000     -0.70710678118699998862
81.44531250     -0.72424708295100004296
81.64062500     -0.74095112535499996209
81.83593750     -0.75720884650599995513
82.03125000     -0.77301045336300000521
82.22656250     -0.78834642762700002372
82.42187500     -0.80320753148099999219
82.61718750     -0.81758481315200004502
82.81250000     -0.83146961230299998302
83.00781250     -0.84485356524999999372
83.20312500     -0.85772861000000000242
83.39843750     -0.87008699110900000750
83.59375000     -0.88192126434800000023
83.78906250     -0.89322430119600004783
83.98437500     -0.90398929312300002614
84.17968750     -0.91420975570399998222
84.37500000     -0.92387953251099996788
84.57031250     -0.93299279883499997013
84.76562500     -0.94154406518300004514
84.96093750     -0.94952818059300003739
85.15625000     -0.95694033573199999143
85.35156250     -0.96377606579499996986
85.54687500     -0.97003125319500005386
85.74218750     -0.97570213003899997073
85.93750000     -0.98078528040299994828
86.13281250     -0.98527764238899995242
86.32812500     -0.98917650996499995042
86.52343750     -0.99247953459899995732
86.71875000     -0.99518472667199997517
86.91406250     -0.99729045667899995919
87.10937500     -0.99879545620499998737
87.30468750     -0.99969881869599996893
87.50000000     -1.00000000000000000000
