-112.50000000     0.00000000000000000000
-112.30468750     0.00000000000000000000
-112.10937500     0.00000000000000000000
-111.91406250     0.00000000000000000000
-111.71875000     0.00000000000000000000
-111.52343750     0.00000000000000000000
-111.32812500     0.00000000000000000000
-111.13281250     0.00000000000000000000
-110.93750000     0.00000000000000000000
-110.74218750     0.00000000000000000000
-110.54687500     0.00000000000000000000
-110.35156250     0.00000000000000000000
-110.15625000     0.00000000000000000000
-109.96093750     0.00000000000000000000
-109.76562500     0.00000000000000000000
-109.57031250     0.00000000000000000000
-109.37500000     0.00000000000000000000
-109.17968750     0.00000000000000000000
-108.98437500     0.00000000000000000000
-108.78906250     0.00000000000000000000
-108.59375000     0.00000000000000000000
-108.39843750     0.00000000000000000000
-108.20312500     0.00000000000000000000
-108.00781250     0.00000000000000000000
-107.81250000     0.00000000000000000000
-107.61718750     0.00000000000000000000
-107.42187500     0.00000000000000000000
-107.22656250     0.00000000000000000000
-107.03125000     0.00000000000000000000
-106.83593750     0.00000000000000000000
-106.64062500     0.00000000000000000000
-106.44531250     0.00000000000000000000
-106.25000000     0.00000000000000000000
-106.05468750     0.00000000000000000000
-105.85937500     0.00000000000000000000
-105.66406250     0.00000000000000000000
-105.46875000     0.00000000000000000000
-105.27343750     0.00000000000000000000
-105.07812500     0.00000000000000000000
-104.88281250     0.00000000000000000000
-104.68750000     0.00000000000000000000
-104.49218750     0.00000000000000000000
-104.29687500     0.00000000000000000000
-104.10156250     0.00000000000000000000
-103.90625000     0.00000000000000000000
-103.71093750     0.00000000000000000000
-103.51562500     0.00000000000000000000
-103.32031250     0.00000000000000000000
-103.12500000     0.00000000000000000000
-102.92968750     0.00000000000000000000
-102.73437500     0.00000000000000000000
-102.53906250     0.00000000000000000000
-102.34375000     0.00000000000000000000
-102.14843750     0.00000000000000000000
-101.95312500     0.00000000000000000000
-101.75781250     0.00000000000000000000
-101.56250000     0.00000000000000000000
-101.36718750     0.00000000000000000000
-101.17187500     0.00000000000000000000
-100.97656250     0.00000000000000000000
-100.78125000     0.00000000000000000000
-100.58593750     0.00000000000000000000
-100.39062500     0.00000000000000000000
-100.19531250     0.00000000000000000000
-100.00000000     0.00000000000000000000
-99.80468750     0.00000000000000000000
-99.60937500     0.00000000000000000000
-99.41406250     0.00000000000000000000
-99.21875000     0.00000000000000000000
-99.02343750     0.00000000000000000000
-98.82812500     0.00000000000000000000
-98.63281250     0.00000000000000000000
-98.43750000     0.00000000000000000000
-98.24218750     0.00000000000000000000
-98.04687500     0.00000000000000000000
-97.85156250     0.00000000000000000000
-97.65625000     0.00000000000000000000
-97.46093750     0.00000000000000000000
-97.26562500     0.00000000000000000000
-97.07031250     0.00000000000000000000
-96.87500000     0.00000000000000000000
-96.67968750     0.00000000000000000000
-96.48437500     0.00000000000000000000
-96.28906250     0.00000000000000000000
-96.09375000     0.00000000000000000000
-95.89843750     0.00000000000000000000
-95.70312500     0.00000000000000000000
-95.50781250     0.00000000000000000000
-95.31250000     0.00000000000000000000
-95.11718750     0.00000000000000000000
-94.92187500     0.00000000000000000000
-94.72656250     0.00000000000000000000
-94.53125000     0.00000000000000000000
-94.33593750     0.00000000000000000000
-94.14062500     0.00000000000000000000
-93.94531250     0.00000000000000000000
-93.75000000     0.00000000000000000000
-93.55468750     0.00000000000000000000
-93.35937500     0.00000000000000000000
-93.16406250     0.00000000000000000000
-92.96875000     0.00000000000000000000
-92.77343750     0.00000000000000000000
-92.57812500     0.00000000000000000000
-92.38281250     0.00000000000000000000
-92.18750000     0.00000000000000000000
-91.99218750     0.00000000000000000000
-91.79687500     0.00000000000000000000
-91.60156250     0.00000000000000000000
-91.40625000     0.00000000000000000000
-91.21093750     0.00000000000000000000
-91.01562500     0.00000000000000000000
-90.82031250     0.00000000000000000000
-90.62500000     0.00000000000000000000
-90.42968750     0.00000000000000000000
-90.23437500     0.00000000000000000000
-90.03906250     0.00000000000000000000
-89.84375000     0.00000000000000000000
-89.64843750     0.00000000000000000000
-89.45312500     0.00000000000000000000
-89.25781250     0.00000000000000000000
-89.06250000     0.00000000000000000000
-88.86718750     0.00000000000000000000
-88.67187500     0.00000000000000000000
-88.47656250     0.00000000000000000000
-88.28125000     0.00000000000000000000
-88.08593750     0.00000000000000000000
-87.89062500     0.00000000000000000000
-87.69531250     0.00000000000000000000
-87.50000000     0.00000000000000000000
-87.30468750     0.00000000000000000000
-87.10937500     0.00000000000000000000
-86.91406250     0.00000000000000000000
-86.71875000     0.00000000000000000000
-86.52343750     0.00000000000000000000
-86.32812500     0.00000000000000000000
-86.13281250     0.00000000000000000000
-85.93750000     0.00000000000000000000
-85.74218750     0.00000000000000000000
-85.54687500     0.00000000000000000000
-85.35156250     0.00000000000000000000
-85.15625000     0.00000000000000000000
-84.96093750     0.00000000000000000000
-84.76562500     0.00000000000000000000
-84.57031250     0.00000000000000000000
-84.37500000     0.00000000000000000000
-84.17968750     0.00000000000000000000
-83.98437500     0.00000000000000000000
-83.78906250     0.00000000000000000000
-83.59375000     0.00000000000000000000
-83.39843750     0.00000000000000000000
-83.20312500     0.00000000000000000000
-83.00781250     0.00000000000000000000
-82.81250000     0.00000000000000000000
-82.61718750     0.00000000000000000000
-82.42187500     0.00000000000000000000
-82.22656250     0.00000000000000000000
-82.03125000     0.00000000000000000000
-81.83593750     0.00000000000000000000
-81.64062500     0.00000000000000000000
-81.44531250     0.00000000000000000000
-81.25000000     0.00000000000000000000
-81.05468750     0.00000000000000000000
-80.85937500     0.00000000000000000000
-80.66406250     0.00000000000000000000
-80.46875000     0.00000000000000000000
-80.27343750     0.00000000000000000000
-80.07812500     0.00000000000000000000
-79.88281250     0.00000000000000000000
-79.68750000     0.00000000000000000000
-79.49218750     0.00000000000000000000
-79.29687500     0.00000000000000000000
-79.10156250     0.00000000000000000000
-78.90625000     0.00000000000000000000
-78.71093750     0.00000000000000000000
-78.51562500     0.00000000000000000000
-78.32031250     0.00000000000000000000
-78.12500000     0.00000000000000000000
-77.92968750     0.00000000000000000000
-77.73437500     0.00000000000000000000
-77.53906250     0.00000000000000000000
-77.34375000     0.00000000000000000000
-77.14843750     0.00000000000000000000
-76.95312500     0.00000000000000000000
-76.75781250     0.00000000000000000000
-76.56250000     0.00000000000000000000
-76.36718750     0.00000000000000000000
-76.17187500     0.00000000000000000000
-75.97656250     0.00000000000000000000
-75.78125000     0.00000000000000000000
-75.58593750     0.00000000000000000000
-75.39062500     0.00000000000000000000
-75.19531250     0.00000000000000000000
-75.00000000     0.00000000000000000000
-74.80468750     0.00000000000000000000
-74.60937500     0.00000000000000000000
-74.41406250     0.00000000000000000000
-74.21875000     0.00000000000000000000
-74.02343750     0.00000000000000000000
-73.82812500     0.00000000000000000000
-73.63281250     0.00000000000000000000
-73.43750000     0.00000000000000000000
-73.24218750     0.00000000000000000000
-73.04687500     0.00000000000000000000
-72.85156250     0.00000000000000000000
-72.65625000     0.00000000000000000000
-72.46093750     0.00000000000000000000
-72.26562500     0.00000000000000000000
-72.07031250     0.00000000000000000000
-71.87500000     0.00000000000000000000
-71.67968750     0.00000000000000000000
-71.48437500     0.00000000000000000000
-71.28906250     0.00000000000000000000
-71.09375000     0.00000000000000000000
-70.89843750     0.00000000000000000000
-70.70312500     0.00000000000000000000
-70.50781250     0.00000000000000000000
-70.31250000     0.00000000000000000000
-70.11718750     0.00000000000000000000
-69.92187500     0.00000000000000000000
-69.72656250     0.00000000000000000000
-69.53125000     0.00000000000000000000
-69.33593750     0.00000000000000000000
-69.14062500     0.00000000000000000000
-68.94531250     0.00000000000000000000
-68.75000000     0.00000000000000000000
-68.55468750     0.00000000000000000000
-68.35937500     0.00000000000000000000
-68.16406250     0.00000000000000000000
-67.96875000     0.00000000000000000000
-67.77343750     0.00000000000000000000
-67.57812500     0.00000000000000000000
-67.38281250     0.00000000000000000000
-67.18750000     0.00000000000000000000
-66.99218750     0.00000000000000000000
-66.79687500     0.00000000000000000000
-66.60156250     0.00000000000000000000
-66.40625000     0.00000000000000000000
-66.21093750     0.00000000000000000000
-66.01562500     0.00000000000000000000
-65.82031250     0.00000000000000000000
-65.62500000     0.00000000000000000000
-65.42968750     0.00000000000000000000
-65.23437500     0.00000000000000000000
-65.03906250     0.00000000000000000000
-64.84375000     0.00000000000000000000
-64.64843750     0.00000000000000000000
-64.45312500     0.00000000000000000000
-64.25781250     0.00000000000000000000
-64.06250000     0.00000000000000000000
-63.86718750     0.00000000000000000000
-63.67187500     0.00000000000000000000
-63.47656250     0.00000000000000000000
-63.28125000     0.00000000000000000000
-63.08593750     0.00000000000000000000
-62.89062500     0.00000000000000000000
-62.69531250     0.00000000000000000000
-62.50000000     0.00000000000000000000
-62.30468750     0.00000000000000000000
-62.10937500     0.00000000000000000000
-61.91406250     0.00000000000000000000
-61.71875000     0.00000000000000000000
-61.52343750     0.00000000000000000000
-61.32812500     0.00000000000000000000
-61.13281250     0.00000000000000000000
-60.93750000     0.00000000000000000000
-60.74218750     0.00000000000000000000
-60.54687500     0.00000000000000000000
-60.35156250     0.00000000000000000000
-60.15625000     0.00000000000000000000
-59.96093750     0.00000000000000000000
-59.76562500     0.00000000000000000000
-59.57031250     0.00000000000000000000
-59.37500000     0.00000000000000000000
-59.17968750     0.00000000000000000000
-58.98437500     0.00000000000000000000
-58.78906250     0.00000000000000000000
-58.59375000     0.00000000000000000000
-58.39843750     0.00000000000000000000
-58.20312500     0.00000000000000000000
-58.00781250     0.00000000000000000000
-57.81250000     0.00000000000000000000
-57.61718750     0.00000000000000000000
-57.42187500     0.00000000000000000000
-57.22656250     0.00000000000000000000
-57.03125000     0.00000000000000000000
-56.83593750     0.00000000000000000000
-56.64062500     0.00000000000000000000
-56.44531250     0.00000000000000000000
-56.25000000     0.00000000000000000000
-56.05468750     0.00000000000000000000
-55.85937500     0.00000000000000000000
-55.66406250     0.00000000000000000000
-55.46875000     0.00000000000000000000
-55.27343750     0.00000000000000000000
-55.07812500     0.00000000000000000000
-54.88281250     0.00000000000000000000
-54.68750000     0.00000000000000000000
-54.49218750     0.00000000000000000000
-54.29687500     0.00000000000000000000
-54.10156250     0.00000000000000000000
-53.90625000     0.00000000000000000000
-53.71093750     0.00000000000000000000
-53.51562500     0.00000000000000000000
-53.32031250     0.00000000000000000000
-53.12500000     0.00000000000000000000
-52.92968750     0.00000000000000000000
-52.73437500     0.00000000000000000000
-52.53906250     0.00000000000000000000
-52.34375000     0.00000000000000000000
-52.14843750     0.00000000000000000000
-51.95312500     0.00000000000000000000
-51.75781250     0.00000000000000000000
-51.56250000     0.00000000000000000000
-51.36718750     0.00000000000000000000
-51.17187500     0.00000000000000000000
-50.97656250     0.00000000000000000000
-50.78125000     0.00000000000000000000
-50.58593750     0.00000000000000000000
-50.39062500     0.00000000000000000000
-50.19531250     0.00000000000000000000
-50.00000000     0.00000000000000000000
-49.80468750     0.00000000000000000000
-49.60937500     0.00000000000000000000
-49.41406250     0.00000000000000000000
-49.21875000     0.00000000000000000000
-49.02343750     0.00000000000000000000
-48.82812500     0.00000000000000000000
-48.63281250     0.00000000000000000000
-48.43750000     0.00000000000000000000
-48.24218750     0.00000000000000000000
-48.04687500     0.00000000000000000000
-47.85156250     0.00000000000000000000
-47.65625000     0.00000000000000000000
-47.46093750     0.00000000000000000000
-47.26562500     0.00000000000000000000
-47.07031250     0.00000000000000000000
-46.87500000     0.00000000000000000000
-46.67968750     0.00000000000000000000
-46.48437500     0.00000000000000000000
-46.28906250     0.00000000000000000000
-46.09375000     0.00000000000000000000
-45.89843750     0.00000000000000000000
-45.70312500     0.00000000000000000000
-45.50781250     0.00000000000000000000
-45.31250000     0.00000000000000000000
-45.11718750     0.00000000000000000000
-44.92187500     0.00000000000000000000
-44.72656250     0.00000000000000000000
-44.53125000     0.00000000000000000000
-44.33593750     0.00000000000000000000
-44.14062500     0.00000000000000000000
-43.94531250     0.00000000000000000000
-43.75000000     0.00000000000000000000
-43.55468750     0.00000000000000000000
-43.35937500     0.00000000000000000000
-43.16406250     0.00000000000000000000
-42.96875000     0.00000000000000000000
-42.77343750     0.00000000000000000000
-42.57812500     0.00000000000000000000
-42.38281250     0.00000000000000000000
-42.18750000     0.00000000000000000000
-41.99218750     0.00000000000000000000
-41.79687500     0.00000000000000000000
-41.60156250     0.00000000000000000000
-41.40625000     0.00000000000000000000
-41.21093750     0.00000000000000000000
-41.01562500     0.00000000000000000000
-40.82031250     0.00000000000000000000
-40.62500000     0.00000000000000000000
-40.42968750     0.00000000000000000000
-40.23437500     0.00000000000000000000
-40.03906250     0.00000000000000000000
-39.84375000     0.00000000000000000000
-39.64843750     0.00000000000000000000
-39.45312500     -0.00011110839782100000
-39.25781250     -0.00160073643493999999
-39.06250000     -0.00754323536194000024
-38.86718750     -0.01581935327410000092
-38.67187500     -0.01765272093929999911
-38.47656250     -0.01632358942480000019
-38.28125000     -0.01402634092510000006
-38.08593750     -0.01134172646870000058
-37.89062500     -0.00637984813677000030
-37.69531250     -0.01592231787899999959
-37.50000000     -0.00206007582211999987
-37.30468750     -0.00245491053131999997
-37.10937500     -0.00000174495621478000
-36.91406250     -0.00170958061732000006
-36.71875000     0.00000000000000000000
-36.52343750     0.00000000000000000000
-36.32812500     0.00000000000000000000
-36.13281250     0.00000000000000000000
-35.93750000     0.00000000000000000000
-35.74218750     0.00000000000000000000
-35.54687500     0.00000000000000000000
-35.35156250     0.00000000000000000000
-35.15625000     0.00000000000000000000
-34.96093750     0.00000000000000000000
-34.76562500     0.00000000000000000000
-34.57031250     0.00000000000000000000
-34.37500000     0.00000000000000000000
-34.17968750     0.00000000000000000000
-33.98437500     0.00000000000000000000
-33.78906250     0.00000000000000000000
-33.59375000     0.00000000000000000000
-33.39843750     0.00000000000000000000
-33.20312500     0.00000000000000000000
-33.00781250     0.00000000000000000000
-32.81250000     0.00000000000000000000
-32.61718750     0.00000000000000000000
-32.42187500     0.00000000000000000000
-32.22656250     0.00000000000000000000
-32.03125000     0.00000000000000000000
-31.83593750     0.00000000000000000000
-31.64062500     0.00000000000000000000
-31.44531250     0.00000000000000000000
-31.25000000     0.00000000000000000000
-31.05468750     0.00000000000000000000
-30.85937500     0.00000000000000000000
-30.66406250     0.00000000000000000000
-30.46875000     0.00000000000000000000
-30.27343750     0.00000000012053883721
-30.07812500     0.00000000000000000000
-29.88281250     0.00000000000000000000
-29.68750000     0.00000270811787572000
-29.49218750     0.00000000000000000000
-29.29687500     0.00000000000000000000
-29.10156250     0.00004690990873160000
-28.90625000     0.00000000000000000000
-28.71093750     0.00000000000000000000
-28.51562500     0.00009331980671780000
-28.32031250     0.00000000000000000000
-28.12500000     0.00000000000000000000
-27.92968750     0.00006298485647950000
-27.73437500     0.00000000203962253870
-27.53906250     0.00000000000000000000
-27.34375000     0.00001098207187910000
-27.14843750     0.00000760979185281000
-26.95312500     0.00000000000000000000
-26.75781250     0.00000002271601579730
-26.56250000     0.00009338835666310000
-26.36718750     0.00000000000000000000
-26.17187500     0.00000000004579717607
-25.97656250     0.00027330514681799998
-25.78125000     0.00000000000000000000
-25.58593750     0.00000000000000000000
-25.39062500     0.00039103972752300000
-25.19531250     0.00000000049860753311
-25.00000000     0.00000000000000000000
-24.80468750     0.00035861099397399999
-24.60937500     0.00000289335279717000
-24.41406250     0.00000000000000000000
-24.21875000     0.00017465803170699999
-24.02343750     0.00006241957420350000
-23.82812500     0.00000000000000000000
-23.63281250     0.00001613476293650000
-23.43750000     0.00029177543409900000
-23.24218750     0.00000000000000000000
-23.04687500     0.00000003781206189030
-22.85156250     0.00054620310257500002
-22.65625000     0.00000000000000000000
-22.46093750     0.00000000015799641449
-22.26562500     0.00070236140878300005
-22.07031250     0.00000001661098628640
-21.87500000     0.00000000000000000000
-21.67968750     0.00069727046036400001
-21.48437500     0.00003506741842900000
-21.28906250     0.00000000000000000000
-21.09375000     0.00045474791314999998
-20.89843750     0.00024228132265799999
-20.70312500     0.00000000000000000000
-20.50781250     0.00005984903740340000
-20.31250000     0.00053962979797700004
-20.11718750     0.00000000000000000000
-19.92187500     0.00000160402165253000
-19.72656250     0.00070515869572900002
-19.53125000     0.00000000870042565271
-19.33593750     0.00000000034256109365
-19.14062500     0.00066856047099100001
-18.94531250     0.00002239690493700000
-18.75000000     0.00000000000000000000
-18.55468750     0.00053145132604999999
-18.35937500     0.00012993658752200000
-18.16406250     0.00000000000000000000
-17.96875000     0.00033210861419099999
-17.77343750     0.00027860764566599999
-17.57812500     0.00000000000000000000
-17.38281250     0.00012580589365100001
-17.18750000     0.00041206214345499998
-16.99218750     0.00000000006538593153
-16.79687500     0.00001244401127490000
-16.60156250     0.00047326514904499998
-16.40625000     0.00000123513389272000
-16.21093750     0.00000031798257386900
-16.01562500     0.00041404849586300000
-15.82031250     0.00003899321517040000
-15.62500000     0.00000000002642457005
-15.42968750     0.00028970375434999999
-15.23437500     0.00012247507260500001
-15.03906250     0.00000000000000000000
-14.84375000     0.00015278744146400000
-14.64843750     0.00017328130342999999
-14.45312500     0.00000000000000000000
-14.25781250     0.00004956563247390000
-14.06250000     0.00017931193316199999
-13.86718750     0.00000004892596207330
-13.67187500     0.00000620428938106000
-13.47656250     0.00013203039087799999
-13.28125000     0.00000311650572108000
-13.08593750     0.00000021886911912200
-12.89062500     0.00006482581259980001
-12.69531250     0.00001142448184780000
-12.50000000     0.00000000000311365389
-12.30468750     0.00000676567830323000
-12.10937500     0.00000347734289236000
-11.91406250     0.00000000000000000000
-11.71875000     -0.00002017059659490000
-11.52343750     -0.00003616732461950000
-11.32812500     -0.00000000000116405928
-11.13281250     -0.00001959437472070000
-10.93750000     -0.00009590123188370000
-10.74218750     -0.00000003459112622950
-10.54687500     -0.00000320531107262000
-10.35156250     -0.00015054824444899999
-10.15625000     -0.00000184293360303000
-9.96093750     -0.00000004754318444230
-9.76562500     -0.00018567781541900001
-9.57031250     -0.00001784215796430000
-9.37500000     0.00000000000000000000
-9.17968750     -0.00017477033935500000
-8.98437500     -0.00009577720208490000
-8.78906250     0.00000000000000000000
-8.59375000     -0.00008124442915089999
-8.39843750     -0.00022668494624900000
-8.20312500     0.00000000000000000000
-8.00781250     -0.00000964405361429000
-7.81250000     -0.00025917806735499999
-7.61718750     -0.00000003447419860430
-7.42187500     -0.00000056990993032800
-7.22656250     -0.00026479653761000001
-7.03125000     -0.00000096358649325800
-6.83593750     -0.00000000003790825921
-6.64062500     -0.00027759206072900002
-6.44531250     -0.00000661201145169000
-6.25000000     0.00000000000000000000
-6.05468750     -0.00022821942398400000
-5.85937500     -0.00008389724380190000
-5.66406250     0.00000000000000000000
-5.46875000     -0.00008445640010290000
-5.27343750     -0.00026238712348200001
-5.07812500     0.00000000000000000000
-4.88281250     -0.00000289883262578000
-4.68750000     -0.00032486788489500000
-4.49218750     -0.00000000000212652518
-4.29687500     -0.00000000002713671241
-4.10156250     -0.00029527775242200002
-3.90625000     -0.00000001862694038120
-3.71093750     0.00000000000000000000
-3.51562500     -0.00023350464512699999
-3.32031250     -0.00000297066014746000
-3.12500000     0.00000000000000000000
-2.92968750     -0.00016039635333200001
-2.73437500     -0.00002650995044280000
-2.53906250     0.00000000000000000000
-2.34375000     -0.00006687332447739999
-2.14843750     -0.00011824581746400001
-1.95312500     0.00000000000000000000
-1.75781250     -0.00000527217768530000
-1.56250000     -0.00024091824864999999
-1.36718750     0.00000000000000000000
-1.17187500     -0.00000000004953637211
-0.97656250     -0.00029243184570299999
-0.78125000     0.00000000000000000000
-0.58593750     0.00000000000000000000
-0.39062500     -0.00025210102133199999
-0.19531250     -0.00000000005504214797
0.00000000     0.00000000000000000000
0.19531250     -0.00014860213525000001
0.39062500     -0.00000658921206511000
0.58593750     0.00000000000000000000
0.78125000     -0.00003715954810230000
0.97656250     -0.00007633805005950000
1.17187500     0.00000000000000000000
1.36718750     -0.00000030905963490500
1.56250000     -0.00016556070777899999
1.75781250     0.00000000000000000000
1.95312500     -0.00000000000014473945
2.14843750     -0.00018626572271900001
2.34375000     0.00000000000000000000
2.53906250     0.00000000000000000000
2.73437500     -0.00013906937228699999
2.92968750     -0.00000000000000135560
3.12500000     0.00000000000000000000
3.32031250     -0.00005949591282410000
3.51562500     -0.00000000000014507861
3.71093750     0.00000000000000000000
3.90625000     -0.00000617247723823000
4.10156250     -0.00000383649079966000
4.29687500     0.00000000000000000000
4.49218750     0.00000000000000000000
4.68750000     -0.00002945189036430000
4.88281250     0.00000000000000000000
5.07812500     0.00000000000000000000
5.27343750     -0.00005278711303200000
5.46875000     0.00000000000000000000
5.66406250     0.00000000000000000000
5.85937500     -0.00012926686709100000
6.05468750     -0.00005171457570140000
6.25000000     -0.00016057357230399999
6.44531250     -0.00078335825878400004
6.64062500     -0.00131470223162999996
6.83593750     -0.00244906149934999992
7.03125000     -0.00541169215531999998
7.22656250     -0.00714045883590999977
7.42187500     -0.00725355385602999975
7.61718750     -0.00560332412141999973
7.81250000     -0.00281213122435000022
8.00781250     -0.00108925611903000008
8.20312500     0.00019185386459700000
8.39843750     0.00165164064370000000
8.59375000     0.00340919697017000008
8.78906250     0.00583402922284000005
8.98437500     0.00940713541694000038
9.17968750     0.01456434672109999974
9.37500000     0.02186097110060000043
9.57031250     0.03197272235459999723
9.76562500     0.04559088206189999826
9.96093750     0.06341969493440000050
10.15625000     0.08607889286780000260
10.35156250     0.11400358112000000266
10.54687500     0.14734275478000000148
10.74218750     0.18583449907399998691
10.93750000     0.22872571180099998678
11.13281250     0.27472446320799998043
11.32812500     0.32201310696899998476
11.52343750     0.36833632656800002758
11.71875000     0.41115985796199999713
11.91406250     0.44789047575699997283
12.10937500     0.47613249359100001667
12.30468750     0.49394511215499997681
12.50000000     0.50006322249000001445
12.69531250     0.49404526174300000818
12.89062500     0.47632265160900000289
13.08593750     0.44815744924500000579
13.28125000     0.41148579138399998811
13.47656250     0.36870070121199999269
13.67187500     0.32239484138599999730
13.86718750     0.27510425574199998122
14.06250000     0.22908766535299998623
14.25781250     0.18616640068199999392
14.45312500     0.14763729872299999335
14.64843750     0.11425784295799999712
14.84375000     0.08629207478089999384
15.03906250     0.06359900031340000315
15.23437500     0.04574284862999999923
15.42968750     0.03210613086090000068
15.62500000     0.02199082952080000028
15.82031250     0.01469868619639999943
16.01562500     0.00958706831923000075
16.21093750     0.00610135423494000042
16.40625000     0.00378781103021999998
16.60156250     0.00229230400138999988
16.79687500     0.00134979566233000008
16.99218750     0.00076910168333800002
17.18750000     0.00041685476619299997
17.38281250     0.00020399319124900000
17.57812500     0.00007895636045270000
17.77343750     0.00001997334672780000
17.96875000     0.00000313708874278000
18.16406250     0.00000031506503534700
18.35937500     0.00000000552055890172
18.55468750     -0.00000000848008669223
18.75000000     -0.00000000362188805763
18.94531250     -0.00000000123960762325
19.14062500     -0.00000000041738795306
19.33593750     -0.00000000013760594503
19.53125000     -0.00000000003734866741
19.72656250     -0.00000000000618144484
19.92187500     -0.00000000000066160746
20.11718750     -0.00000000000005286260
20.31250000     -0.00000000000000339377
20.50781250     -0.00000000000000017584
20.70312500     -0.00000000000000000659
20.89843750     -0.00000000000000000011
21.09375000     -0.00000000000000000000
21.28906250     0.00000000000000000000
21.48437500     0.00000000000000000000
21.67968750     0.00000000000000000000
21.87500000     0.00000000000000000000
22.07031250     0.00000000000000000000
22.26562500     0.00000000000000000000
22.46093750     0.00000000000000000000
22.65625000     0.00000000000000000000
22.85156250     0.00000000000000000000
23.04687500     0.00000000000000000000
23.24218750     0.00000000000000000000
23.43750000     0.00000000000000000000
23.63281250     0.00000000000000000000
23.82812500     0.00000000000000000000
24.02343750     0.00000000000000000000
24.21875000     0.00000000000000000000
24.41406250     0.00000000000000000000
24.60937500     0.00000000000000000000
24.80468750     0.00000000000000000000
25.00000000     0.00000000000000000000
25.19531250     0.00000000000000000000
25.39062500     0.00000000000000000000
25.58593750     0.00000000000000000000
25.78125000     0.00000000000000000000
25.97656250     0.00000000000000000000
26.17187500     0.00000000000000000000
26.36718750     0.00000000000000000000
26.56250000     0.00000000000000000000
26.75781250     0.00000000000000000000
26.95312500     0.00000000000000000000
27.14843750     0.00000000000000000000
27.34375000     0.00000000000000000000
27.53906250     0.00000000000000000000
27.73437500     0.00000000000000000000
27.92968750     0.00000000000000000000
28.12500000     0.00000000000000000000
28.32031250     0.00000000000000000000
28.51562500     0.00000000000000000000
28.71093750     0.00000000000000000000
28.90625000     0.00000000000000000000
29.10156250     0.00000000000000000000
29.29687500     0.00000000000000000000
29.49218750     0.00000000000000000000
29.68750000     0.00000000000000000000
29.88281250     0.00000000000000000000
30.07812500     0.00000000000000000000
30.27343750     0.00000000000000000000
30.46875000     0.00000000000000000000
30.66406250     0.00000000000000000000
30.85937500     0.00000000000000000000
31.05468750     0.00000000000000000000
31.25000000     0.00000000000000000000
31.44531250     0.00000000000000000000
31.64062500     0.00000000000000000000
31.83593750     0.00000000000000000000
32.03125000     0.00000000000000000000
32.22656250     0.00000000000000000000
32.42187500     0.00000000000000000000
32.61718750     0.00000000000000000000
32.81250000     0.00000000000000000000
33.00781250     0.00000000000000000000
33.20312500     0.00000000000000000000
33.39843750     0.00000000000000000000
33.59375000     0.00000000000000000000
33.78906250     0.00000000000000000000
33.98437500     0.00000000000000000000
34.17968750     0.00000000000000000000
34.37500000     0.00000000000000000000
34.57031250     0.00000000000000000000
34.76562500     0.00000000000000000000
34.96093750     0.00000000000000000000
35.15625000     0.00000000000000000000
35.35156250     0.00000000000000000000
35.54687500     0.00000000000000000000
35.74218750     0.00000000000000000000
35.93750000     0.00000000000000000000
36.13281250     0.00000000000000000000
36.32812500     0.00000000000000000000
36.52343750     0.00000000000000000000
36.71875000     0.00000000000000000000
36.91406250     0.00000000000000000000
37.10937500     0.00000000000000000000
37.30468750     0.00000000000000000000
37.50000000     0.00000000000000000000
37.69531250     0.00000000000000000000
37.89062500     0.00000000000000000000
38.08593750     0.00000000000000000000
38.28125000     0.00000000000000000000
38.47656250     0.00000000000000000000
38.67187500     0.00000000000000000000
38.86718750     0.00000000000000000000
39.06250000     0.00000000000000000000
39.25781250     0.00000000000000000000
39.45312500     0.00000000000000000000
39.64843750     0.00000000000000000000
39.84375000     0.00000000000000000000
40.03906250     0.00000000000000000000
40.23437500     0.00000000000000000000
40.42968750     0.00000000000000000000
40.62500000     0.00000000000000000000
40.82031250     0.00000000000000000000
41.01562500     0.00000000000000000000
41.21093750     0.00000000000000000000
41.40625000     0.00000000000000000000
41.60156250     0.00000000000000000000
41.79687500     0.00000000000000000000
41.99218750     0.00000000000000000000
42.18750000     0.00000000000000000000
42.38281250     0.00000000000000000000
42.57812500     0.00000000000000000000
42.77343750     0.00000000000000000000
42.96875000     0.00000000000000000000
43.16406250     0.00000000000000000000
43.35937500     0.00000000000000000000
43.55468750     0.00000000000000000000
43.75000000     0.00000000000000000000
43.94531250     0.00000000000000000000
44.14062500     0.00000000000000000000
44.33593750     0.00000000000000000000
44.53125000     0.00000000000000000000
44.72656250     0.00000000000000000000
44.92187500     0.00000000000000000000
45.11718750     0.00000000000000000000
45.31250000     0.00000000000000000000
45.50781250     0.00000000000000000000
45.70312500     0.00000000000000000000
45.89843750     0.00000000000000000000
46.09375000     0.00000000000000000000
46.28906250     0.00000000000000000000
46.48437500     0.00000000000000000000
46.67968750     0.00000000000000000000
46.87500000     0.00000000000000000000
47.07031250     0.00000000000000000000
47.26562500     0.00000000000000000000
47.46093750     0.00000000000000000000
47.65625000     0.00000000000000000000
47.85156250     0.00000000000000000000
48.04687500     0.00000000000000000000
48.24218750     0.00000000000000000000
48.43750000     0.00000000000000000000
48.63281250     0.00000000000000000000
48.82812500     0.00000000000000000000
49.02343750     0.00000000000000000000
49.21875000     0.00000000000000000000
49.41406250     0.00000000000000000000
49.60937500     0.00000000000000000000
49.80468750     0.00000000000000000000
50.00000000     0.00000000000000000000
50.19531250     0.00000000000000000000
50.39062500     0.00000000000000000000
50.58593750     0.00000000000000000000
50.78125000     0.00000000000000000000
50.97656250     0.00000000000000000000
51.17187500     0.00000000000000000000
51.36718750     0.00000000000000000000
51.56250000     0.00000000000000000000
51.75781250     0.00000000000000000000
51.95312500     0.00000000000000000000
52.14843750     0.00000000000000000000
52.34375000     0.00000000000000000000
52.53906250     0.00000000000000000000
52.73437500     0.00000000000000000000
52.92968750     0.00000000000000000000
53.12500000     0.00000000000000000000
53.32031250     0.00000000000000000000
53.51562500     0.00000000000000000000
53.71093750     0.00000000000000000000
53.90625000     0.00000000000000000000
54.10156250     0.00000000000000000000
54.29687500     0.00000000000000000000
54.49218750     0.00000000000000000000
54.68750000     0.00000000000000000000
54.88281250     0.00000000000000000000
55.07812500     0.00000000000000000000
55.27343750     0.00000000000000000000
55.46875000     0.00000000000000000000
55.66406250     0.00000000000000000000
55.85937500     0.00000000000000000000
56.05468750     0.00000000000000000000
56.25000000     0.00000000000000000000
56.44531250     0.00000000000000000000
56.64062500     0.00000000000000000000
56.83593750     0.00000000000000000000
57.03125000     0.00000000000000000000
57.22656250     0.00000000000000000000
57.42187500     0.00000000000000000000
57.61718750     0.00000000000000000000
57.81250000     0.00000000000000000000
58.00781250     0.00000000000000000000
58.20312500     0.00000000000000000000
58.39843750     0.00000000000000000000
58.59375000     0.00000000000000000000
58.78906250     0.00000000000000000000
58.98437500     0.00000000000000000000
59.17968750     0.00000000000000000000
59.37500000     0.00000000000000000000
59.57031250     0.00000000000000000000
59.76562500     0.00000000000000000000
59.96093750     0.00000000000000000000
60.15625000     0.00000000000000000000
60.35156250     0.00000000000000000000
60.54687500     0.00000000000000000000
60.74218750     0.00000000000000000000
60.93750000     0.00000000000000000000
61.13281250     0.00000000000000000000
61.32812500     0.00000000000000000000
61.52343750     0.00000000000000000000
61.71875000     0.00000000000000000000
61.91406250     0.00000000000000000000
62.10937500     0.00000000000000000000
62.30468750     0.00000000000000000000
62.50000000     0.00000000000000000000
62.69531250     0.00000000000000000000
62.89062500     0.00000000000000000000
63.08593750     0.00000000000000000000
63.28125000     0.00000000000000000000
63.47656250     0.00000000000000000000
63.67187500     0.00000000000000000000
63.86718750     0.00000000000000000000
64.06250000     0.00000000000000000000
64.25781250     0.00000000000000000000
64.45312500     0.00000000000000000000
64.64843750     0.00000000000000000000
64.84375000     0.00000000000000000000
65.03906250     0.00000000000000000000
65.23437500     0.00000000000000000000
65.42968750     0.00000000000000000000
65.62500000     0.00000000000000000000
65.82031250     0.00000000000000000000
66.01562500     0.00000000000000000000
66.21093750     0.00000000000000000000
66.40625000     0.00000000000000000000
66.60156250     0.00000000000000000000
66.79687500     0.00000000000000000000
66.99218750     0.00000000000000000000
67.18750000     0.00000000000000000000
67.38281250     0.00000000000000000000
67.57812500     0.00000000000000000000
67.77343750     0.00000000000000000000
67.96875000     0.00000000000000000000
68.16406250     0.00000000000000000000
68.35937500     0.00000000000000000000
68.55468750     0.00000000000000000000
68.75000000     0.00000000000000000000
68.94531250     0.00000000000000000000
69.14062500     0.00000000000000000000
69.33593750     0.00000000000000000000
69.53125000     0.00000000000000000000
69.72656250     0.00000000000000000000
69.92187500     0.00000000000000000000
70.11718750     0.00000000000000000000
70.31250000     0.00000000000000000000
70.50781250     0.00000000000000000000
70.70312500     0.00000000000000000000
70.89843750     0.00000000000000000000
71.09375000     0.00000000000000000000
71.28906250     0.00000000000000000000
71.48437500     0.00000000000000000000
71.67968750     0.00000000000000000000
71.87500000     0.00000000000000000000
72.07031250     0.00000000000000000000
72.26562500     0.00000000000000000000
72.46093750     0.00000000000000000000
72.65625000     0.00000000000000000000
72.85156250     0.00000000000000000000
73.04687500     0.00000000000000000000
73.24218750     0.00000000000000000000
73.43750000     0.00000000000000000000
73.63281250     0.00000000000000000000
73.82812500     0.00000000000000000000
74.02343750     0.00000000000000000000
74.21875000     0.00000000000000000000
74.41406250     0.00000000000000000000
74.60937500     0.00000000000000000000
74.80468750     0.00000000000000000000
75.00000000     0.00000000000000000000
75.19531250     0.00000000000000000000
75.39062500     0.00000000000000000000
75.58593750     0.00000000000000000000
75.78125000     0.00000000000000000000
75.97656250     0.00000000000000000000
76.17187500     0.00000000000000000000
76.36718750     0.00000000000000000000
76.56250000     0.00000000000000000000
76.75781250     0.00000000000000000000
76.95312500     0.00000000000000000000
77.14843750     0.00000000000000000000
77.34375000     0.00000000000000000000
77.53906250     0.00000000000000000000
77.73437500     0.00000000000000000000
77.92968750     0.00000000000000000000
78.12500000     0.00000000000000000000
78.32031250     0.00000000000000000000
78.51562500     0.00000000000000000000
78.71093750     0.00000000000000000000
78.90625000     0.00000000000000000000
79.10156250     0.00000000000000000000
79.29687500     0.00000000000000000000
79.49218750     0.00000000000000000000
79.68750000     0.00000000000000000000
79.88281250     0.00000000000000000000
80.07812500     0.00000000000000000000
80.27343750     0.00000000000000000000
80.46875000     0.00000000000000000000
80.66406250     0.00000000000000000000
80.85937500     0.00000000000000000000
81.05468750     0.00000000000000000000
81.25000000     0.00000000000000000000
81.44531250     0.00000000000000000000
81.64062500     0.00000000000000000000
81.83593750     0.00000000000000000000
82.03125000     0.00000000000000000000
82.22656250     0.00000000000000000000
82.42187500     0.00000000000000000000
82.61718750     0.00000000000000000000
82.81250000     0.00000000000000000000
83.00781250     0.00000000000000000000
83.20312500     0.00000000000000000000
83.39843750     0.00000000000000000000
83.59375000     0.00000000000000000000
83.78906250     0.00000000000000000000
83.98437500     0.00000000000000000000
84.17968750     0.00000000000000000000
84.37500000     0.00000000000000000000
84.57031250     0.00000000000000000000
84.76562500     0.00000000000000000000
84.96093750     0.00000000000000000000
85.15625000     0.00000000000000000000
85.35156250     0.00000000000000000000
85.54687500     0.00000000000000000000
85.74218750     0.00000000000000000000
85.93750000     0.00000000000000000000
86.13281250     0.00000000000000000000
86.32812500     0.00000000000000000000
86.52343750     0.00000000000000000000
86.71875000     0.00000000000000000000
86.91406250     0.00000000000000000000
87.10937500     0.00000000000000000000
87.30468750     0.00000000000000000000
87.50000000     0.00000000000000000000
