2.00000000     0.182282513287258
1.58740105     0.158524111083937
1.25992105     0.134063205769014
1.00000000     0.102315041227183
0.79370053     0.046738267729856
0.62996052     0.020565019342175
0.50000000     0.012324069951777
0.39685026     0.003814364853740
0.31498026     0.004119288532433
0.25000000     0.001776699399110
0.19842513     0.001644466992230
0.15749013     0.000739941255727
0.12500000     0.000851064930643
0.09921257     0.000532124409634
0.07874507     0.000243523194633
0.06250000     0.000162284876820
0.04960628     0.000081932622373
0.03937253     0.000081686340109
0.03125000     0.000053165966282
0.02480314     0.000031646257082
0.01968627     0.000019487901266
0.01562500     0.000014836288181
0.01240157     0.000012545322895
0.00984313     0.000008993390880
0.00781250     0.000006990566178
0.00620079     0.000005533661644
0.00492157     0.000004340902138
0.00390625     0.000003402167753
0.00310039     0.000002692743553
