0.00000050     0.000000000313634
0.00040130     0.000000000113998
0.00080210     0.000000000910299
0.00120290     0.000000003070071
0.00160370     0.000000007274716
0.00200450     0.000000014205806
0.00240530     0.000000024544392
0.00280610     0.000000038971620
0.00320690     0.000000058168808
0.00360771     0.000000082816946
0.00400851     0.000000113596946
0.00440931     0.000000151189695
0.00481011     0.000000196276008
0.00521091     0.000000249536438
0.00561171     0.000000311651509
0.00601251     0.000000383301534
0.00641331     0.000000465166664
0.00681411     0.000000557926959
0.00721491     0.000000662262212
0.00761571     0.000000778852062
0.00801651     0.000000908375904
0.00841731     0.000001051512941
0.00881811     0.000001208942133
0.00921891     0.000001381342258
0.00961971     0.000001569391746
0.01002052     0.000001773768792
0.01042132     0.000001995151395
0.01082212     0.000002234217140
0.01122292     0.000002491643424
0.01162372     0.000002768107307
0.01202452     0.000003064285451
0.01242532     0.000003380854241
0.01282612     0.000003718489782
0.01322692     0.000004077867703
0.01362772     0.000004459663348
0.01402852     0.000004864551653
0.01442932     0.000005293207180
0.01483012     0.000005746304095
0.01523092     0.000006224516082
0.01563172     0.000006728516478
0.01603252     0.000007258978170
0.01643332     0.000007816573581
0.01683413     0.000008401974694
0.01723493     0.000009015852997
0.01763573     0.000009658879491
0.01803653     0.000010331724749
0.01843733     0.000011035058748
0.01883813     0.000011769551017
0.01923893     0.000012535870529
0.01963973     0.000013334685714
0.02004053     0.000014166664483
0.02044133     0.000015032474139
0.02084213     0.000015932781466
0.02124293     0.000016868252613
0.02164373     0.000017839553169
0.02204453     0.000018847348086
0.02244533     0.000019892301735
0.02284613     0.000020975077828
0.02324693     0.000022096339442
0.02364774     0.000023256748992
0.02404854     0.000024456968263
0.02444934     0.000025697658343
0.02485014     0.000026979479607
0.02525094     0.000028303091780
0.02565174     0.000029669153849
0.02605254     0.000031078324079
0.02645334     0.000032531260019
0.02685414     0.000034028618458
0.02725494     0.000035571055460
0.02765574     0.000037159226279
0.02805654     0.000038793785409
0.02845734     0.000040475386579
0.02885814     0.000042204682690
0.02925894     0.000043982325835
0.02965974     0.000045808967294
0.03006055     0.000047685257517
0.03046135     0.000049611846076
0.03086215     0.000051589381733
0.03126295     0.000053618512357
0.03166375     0.000055699884931
0.03206455     0.000057834145552
0.03246535     0.000060021939446
0.03286615     0.000062263910859
0.03326695     0.000064560703199
0.03366775     0.000066912958858
0.03406855     0.000069321319332
0.03446935     0.000071786425133
0.03487015     0.000074308915823
0.03527095     0.000076889429974
0.03567175     0.000079528605163
0.03607255     0.000082227077963
0.03647335     0.000084985483940
0.03687416     0.000087804457630
0.03727496     0.000090684632538
0.03767576     0.000093626641118
0.03807656     0.000096631114751
0.03847736     0.000099698683778
0.03887816     0.000102829977423
0.03927896     0.000106025623850
0.03967976     0.000109286250093
0.04008056     0.000112612482100
0.04048136     0.000116004944655
0.04088216     0.000119464261434
0.04128296     0.000122991054956
0.04168376     0.000126585946578
0.04208456     0.000130249556490
0.04248536     0.000133982503696
0.04288616     0.000137785406022
0.04328696     0.000141658880057
0.04368777     0.000145603541220
0.04408857     0.000149620003655
0.04448937     0.000153708880309
0.04489017     0.000157870782854
0.04529097     0.000162106321724
0.04569177     0.000166416106068
0.04609257     0.000170800743752
0.04649337     0.000175260841357
0.04689417     0.000179797004164
0.04729497     0.000184409836129
0.04769577     0.000189099939883
0.04809657     0.000193867916734
0.04849737     0.000198714366613
0.04889817     0.000203639888135
0.04929897     0.000208645078504
0.04969977     0.000213730533568
0.05010058     0.000218896847778
0.05050138     0.000224144614179
0.05090218     0.000229474424391
0.05130298     0.000234886868653
0.05170378     0.000240382535711
0.05210458     0.000245962012904
0.05250538     0.000251625886095
0.05290618     0.000257374739690
0.05330698     0.000263209156606
0.05370778     0.000269129718286
0.05410858     0.000275137004647
0.05450938     0.000281231594123
0.05491018     0.000287414063597
0.05531098     0.000293684988440
0.05571178     0.000300044942467
0.05611258     0.000306494497948
0.05651338     0.000313034225580
0.05691419     0.000319664694479
0.05731499     0.000326386472184
0.05771579     0.000333200124618
0.05811659     0.000340106216126
0.05851739     0.000347105309402
0.05891819     0.000354197965519
0.05931899     0.000361384743928
0.05971979     0.000368666202391
0.06012059     0.000376042897030
0.06052139     0.000383515382301
0.06092219     0.000391084210959
0.06132299     0.000398749934064
0.06172379     0.000406513100987
0.06212459     0.000414374259362
0.06252539     0.000422333955112
0.06292619     0.000430392732414
0.06332699     0.000438551133697
0.06372780     0.000446809699640
0.06412860     0.000455168969132
0.06452940     0.000463629479307
0.06493020     0.000472191765484
0.06533100     0.000480856361204
0.06573180     0.000489623798182
0.06613260     0.000498494606308
0.06653340     0.000507469313649
0.06693420     0.000516548446424
0.06733500     0.000525732528993
0.06773580     0.000535022083861
0.06813660     0.000544417631647
0.06853740     0.000553919691100
0.06893820     0.000563528779053
0.06933900     0.000573245410447
0.06973980     0.000583070098303
0.07014061     0.000593003353711
0.07054141     0.000603045685826
0.07094221     0.000613197601856
0.07134301     0.000623459607047
0.07174381     0.000633832204681
0.07214461     0.000644315896058
0.07254541     0.000654911180477
0.07294621     0.000665618555264
0.07334701     0.000676438515710
0.07374781     0.000687371555096
0.07414861     0.000698418164672
0.07454941     0.000709578833638
0.07495021     0.000720854049164
0.07535101     0.000732244296326
0.07575181     0.000743750058162
0.07615261     0.000755371815602
0.07655341     0.000767110047501
0.07695422     0.000778965230595
0.07735502     0.000790937839523
0.07775582     0.000803028346795
0.07815662     0.000815237222789
0.07855742     0.000827564935735
0.07895822     0.000840011951719
0.07935902     0.000852578734646
0.07975982     0.000865265746278
0.08016062     0.000878073446163
0.08056142     0.000891002291667
0.08096222     0.000904052737966
0.08136302     0.000917225238001
0.08176382     0.000930520242496
0.08216462     0.000943938199950
0.08256542     0.000957479556618
0.08296622     0.000971144756487
0.08336703     0.000984934241293
0.08376783     0.000998848450499
0.08416863     0.001012887821282
0.08456943     0.001027052788524
0.08497023     0.001041343784809
0.08537103     0.001055761240405
0.08577183     0.001070305583260
0.08617263     0.001084977238988
0.08657343     0.001099776630859
0.08697423     0.001114704179802
0.08737503     0.001129760304364
0.08777583     0.001144945420743
0.08817663     0.001160259942746
0.08857743     0.001175704281784
0.08897823     0.001191278846878
0.08937903     0.001206984044635
0.08977983     0.001222820279242
0.09018064     0.001238787952453
0.09058144     0.001254887463595
0.09098224     0.001271119209534
0.09138304     0.001287483584686
0.09178384     0.001303980980996
0.09218464     0.001320611787939
0.09258544     0.001337376392491
0.09298624     0.001354275179143
0.09338704     0.001371308529879
0.09378784     0.001388476824163
0.09418864     0.001405780438946
0.09458944     0.001423219748633
0.09499024     0.001440795125094
0.09539104     0.001458506937648
0.09579184     0.001476355553047
0.09619264     0.001494341335476
0.09659344     0.001512464646538
0.09699425     0.001530725845255
0.09739505     0.001549125288040
0.09779585     0.001567663328704
0.09819665     0.001586340318438
0.09859745     0.001605156605814
0.09899825     0.001624112536764
0.09939905     0.001643208454575
0.09979985     0.001662444699886
0.10020065     0.001681821610667
0.10060145     0.001701339522227
0.10100225     0.001720998767186
0.10140305     0.001740799675479
0.10180385     0.001760742574340
0.10220465     0.001780827788300
0.10260545     0.001801055639174
0.10300625     0.001821426446048
0.10340706     0.001841940525283
0.10380786     0.001862598190489
0.10420866     0.001883399752529
0.10460946     0.001904345519505
0.10501026     0.001925435796754
0.10541106     0.001946670886830
0.10581186     0.001968051089507
0.10621266     0.001989576701761
0.10661346     0.002011248017766
0.10701426     0.002033065328883
0.10741506     0.002055028923658
0.10781586     0.002077139087800
0.10821666     0.002099396104188
0.10861746     0.002121800252848
0.10901826     0.002144351810959
0.10941906     0.002167051052837
0.10981986     0.002189898249921
0.11022067     0.002212893670775
0.11062147     0.002236037581074
0.11102227     0.002259330243600
0.11142307     0.002282771918225
0.11182387     0.002306362861919
0.11222467     0.002330103328718
0.11262547     0.002353993569739
0.11302627     0.002378033833159
0.11342707     0.002402224364207
0.11382787     0.002426565405168
0.11422867     0.002451057195355
0.11462947     0.002475699971118
0.11503027     0.002500493965831
0.11543107     0.002525439409879
0.11583187     0.002550536530658
0.11623267     0.002575785552559
0.11663347     0.002601186696968
0.11703428     0.002626740182256
0.11743508     0.002652446223764
0.11783588     0.002678305033805
0.11823668     0.002704316821656
0.11863748     0.002730481793541
0.11903828     0.002756800152629
0.11943908     0.002783272099031
0.11983988     0.002809897829786
0.12024068     0.002836677538858
0.12064148     0.002863611417119
0.12104228     0.002890699652356
0.12144308     0.002917942429256
0.12184388     0.002945339929392
0.12224468     0.002972892331234
0.12264548     0.003000599810119
0.12304628     0.003028462538262
0.12344709     0.003056480684740
0.12384789     0.003084654415487
0.12424869     0.003112983893285
0.12464949     0.003141469277762
0.12505029     0.003170110725381
0.12545109     0.003198908389428
0.12585189     0.003227862420018
0.12625269     0.003256972964077
0.12665349     0.003286240165341
0.12705429     0.003315664164342
0.12745509     0.003345245098414
0.12785589     0.003374983101669
0.12825669     0.003404878305010
0.12865749     0.003434930836106
0.12905829     0.003465140819399
0.12945909     0.003495508376087
0.12985989     0.003526033624127
0.13026070     0.003556716678222
0.13066150     0.003587557649816
0.13106230     0.003618556647090
0.13146310     0.003649713774950
0.13186390     0.003681029135029
0.13226470     0.003712502825673
0.13266550     0.003744134941939
0.13306630     0.003775925575591
0.13346710     0.003807874815084
0.13386790     0.003839982745573
0.13426870     0.003872249448892
0.13466950     0.003904675003558
0.13507030     0.003937259484762
0.13547110     0.003970002964358
0.13587190     0.004002905510870
0.13627270     0.004035967189476
0.13667351     0.004069188062002
0.13707431     0.004102568186918
0.13747511     0.004136107619341
0.13787591     0.004169806411011
0.13827671     0.004203664610306
0.13867751     0.004237682262223
0.13907831     0.004271859408375
0.13947911     0.004306196086991
0.13987991     0.004340692332903
0.14028071     0.004375348177547
0.14068151     0.004410163648954
0.14108231     0.004445138771750
0.14148311     0.004480273567142
0.14188391     0.004515568052919
0.14228471     0.004551022243450
0.14268551     0.004586636149673
0.14308631     0.004622409779093
0.14348712     0.004658343135775
0.14388792     0.004694436220342
0.14428872     0.004730689029971
0.14468952     0.004767101558384
0.14509032     0.004803673795849
0.14549112     0.004840405729169
0.14589192     0.004877297341682
0.14629272     0.004914348613258
0.14669352     0.004951559520290
0.14709432     0.004988930035696
0.14749512     0.005026460128903
0.14789592     0.005064149765859
0.14829672     0.005101998909015
0.14869752     0.005140007517332
0.14909832     0.005178175546265
0.14949912     0.005216502947772
0.14989992     0.005254989670300
0.15030073     0.005293635658787
0.15070153     0.005332440854653
0.15110233     0.005371405195809
0.15150313     0.005410528616631
0.15190393     0.005449811047979
0.15230473     0.005489252417183
0.15270553     0.005528852648037
0.15310633     0.005568611660802
0.15350713     0.005608529372202
0.15390793     0.005648605695416
0.15430873     0.005688840540079
0.15470953     0.005729233812279
0.15511033     0.005769785414552
0.15551113     0.005810495245875
0.15591193     0.005851363201681
0.15631273     0.005892389173830
0.15671354     0.005933573050625
0.15711434     0.005974914716807
0.15751514     0.006016414053541
0.15791594     0.006058070938431
0.15831674     0.006099885245504
0.15871754     0.006141856845212
0.15911834     0.006183985604430
0.15951914     0.006226271386455
0.15991994     0.006268714051000
0.16032074     0.006311313454197
0.16072154     0.006354069448591
0.16112234     0.006396981883138
0.16152314     0.006440050603208
0.16192394     0.006483275450577
0.16232474     0.006526656263430
0.16272554     0.006570192876357
0.16312634     0.006613885120348
0.16352715     0.006657732822803
0.16392795     0.006701735807518
0.16432875     0.006745893894687
0.16472955     0.006790206900907
0.16513035     0.006834674639173
0.16553115     0.006879296918871
0.16593195     0.006924073545784
0.16633275     0.006969004322092
0.16673355     0.007014089046366
0.16713435     0.007059327513572
0.16753515     0.007104719515064
0.16793595     0.007150264838590
0.16833675     0.007195963268290
0.16873755     0.007241814584691
0.16913835     0.007287818564713
0.16953915     0.007333974981663
0.16993995     0.007380283605239
0.17034076     0.007426744201529
0.17074156     0.007473356533011
0.17114236     0.007520120358548
0.17154316     0.007567035433396
0.17194396     0.007614101509201
0.17234476     0.007661318333997
0.17274556     0.007708685652210
0.17314636     0.007756203204655
0.17354716     0.007803870728540
0.17394796     0.007851687957464
0.17434876     0.007899654621419
0.17474956     0.007947770446790
0.17515036     0.007996035156357
0.17555116     0.008044448469295
0.17595196     0.008093010101176
0.17635276     0.008141719763968
0.17675357     0.008190577166038
0.17715437     0.008239582012154
0.17755517     0.008288734003486
0.17795597     0.008338032837608
0.17835677     0.008387478208492
0.17875757     0.008437069806524
0.17915837     0.008486807318495
0.17955917     0.008536690427602
0.17995997     0.008586718813463
0.18036077     0.008636892152102
0.18076157     0.008687210115960
0.18116237     0.008737672373901
0.18156317     0.008788278591203
0.18196397     0.008839028429569
0.18236477     0.008889921547131
0.18276557     0.008940957598446
0.18316637     0.008992136234499
0.18356718     0.009043457102715
0.18396798     0.009094919846951
0.18436878     0.009146524107501
0.18476958     0.009198269521106
0.18517038     0.009250155720949
0.18557118     0.009302182336665
0.18597198     0.009354348994338
0.18637278     0.009406655316507
0.18677358     0.009459100922175
0.18717438     0.009511685426798
0.18757518     0.009564408442311
0.18797598     0.009617269577106
0.18837678     0.009670268436059
0.18877758     0.009723404620516
0.18917838     0.009776677728313
0.18957918     0.009830087353765
0.18997998     0.009883633087684
0.19038079     0.009937314517369
0.19078159     0.009991131226625
0.19118239     0.010045082795759
0.19158319     0.010099168801586
0.19198399     0.010153388817434
0.19238479     0.010207742413150
0.19278559     0.010262229155105
0.19318639     0.010316848606195
0.19358719     0.010371600325852
0.19398799     0.010426483870047
0.19438879     0.010481498791294
0.19478959     0.010536644638655
0.19519039     0.010591920957750
0.19559119     0.010647327290759
0.19599199     0.010702863176426
0.19639279     0.010758528150068
0.19679360     0.010814321743583
0.19719440     0.010870243485449
0.19759520     0.010926292900738
0.19799600     0.010982469511116
0.19839680     0.011038772834854
0.19879760     0.011095202386831
0.19919840     0.011151757678542
0.19959920     0.011208438218105
0.20000000     0.011265243510267
