0.00000050     0.000000000144773
0.00040130     0.000000794749341
0.00080210     0.000003175041211
0.00120290     0.000007140887575
0.00160370     0.000012692307523
0.00200450     0.000019829326216
0.00240530     0.000028551976751
0.00280610     0.000038860299906
0.00320690     0.000050754342946
0.00360771     0.000064234161181
0.00400851     0.000079299817094
0.00440931     0.000095951380170
0.00481011     0.000114188927788
0.00521091     0.000134012544205
0.00561171     0.000155422321238
0.00601251     0.000178418357892
0.00641331     0.000203000760661
0.00681411     0.000229169643155
0.00721491     0.000256925126497
0.00761571     0.000286267339037
0.00801651     0.000317196416392
0.00841731     0.000349712501539
0.00881811     0.000383815744853
0.00921891     0.000419506303795
0.00961971     0.000456784343284
0.01002052     0.000495650035440
0.01042132     0.000536103559794
0.01082212     0.000578145103023
0.01122292     0.000621774859128
0.01162372     0.000666993029395
0.01202452     0.000713799822385
0.01242532     0.000762195453817
0.01282612     0.000812180146815
0.01322692     0.000863754131686
0.01362772     0.000916917645892
0.01402852     0.000971670934257
0.01442932     0.001028014248747
0.01483012     0.001085947848586
0.01523092     0.001145472000212
0.01563172     0.001206586977277
0.01603252     0.001269293060518
0.01643332     0.001333590538021
0.01683413     0.001399479704981
0.01723493     0.001466960863703
0.01763573     0.001536034323770
0.01803653     0.001606700401859
0.01843733     0.001678959421834
0.01883813     0.001752811714579
0.01923893     0.001828257618234
0.01963973     0.001905297478006
0.02004053     0.001983931646203
0.02044133     0.002064160482238
0.02084213     0.002145984352619
0.02124293     0.002229403630913
0.02164373     0.002314418697766
0.02204453     0.002401029940854
0.02244533     0.002489237754954
0.02284613     0.002579042541782
0.02324693     0.002670444710176
0.02364774     0.002763444675886
0.02404854     0.002858042861734
0.02444934     0.002954239697491
0.02485014     0.003052035619900
0.02525094     0.003151431072659
0.02565174     0.003252426506425
0.02605254     0.003355022378766
0.02645334     0.003459219154191
0.02685414     0.003565017304096
0.02725494     0.003672417306779
0.02765574     0.003781419647389
0.02805654     0.003892024817960
0.02845734     0.004004233317385
0.02885814     0.004118045651353
0.02925894     0.004233462332383
0.02965974     0.004350483879815
0.03006055     0.004469110819765
0.03046135     0.004589343685077
0.03086215     0.004711183015455
0.03126295     0.004834629357168
0.03166375     0.004959683263390
0.03206455     0.005086345293873
0.03246535     0.005214616015116
0.03286615     0.005344496000253
0.03326695     0.005475985829097
0.03366775     0.005609086088054
0.03406855     0.005743797370227
0.03446935     0.005880120275211
0.03487015     0.006018055409243
0.03527095     0.006157603385125
0.03567175     0.006298764822152
0.03607255     0.006441540346179
0.03647335     0.006585930589553
0.03687416     0.006731936191101
0.03727496     0.006879557796117
0.03767576     0.007028796056315
0.03807656     0.007179651629837
0.03847736     0.007332125181242
0.03887816     0.007486217381434
0.03927896     0.007641928907726
0.03967976     0.007799260443705
0.04008056     0.007958212679301
0.04048136     0.008118786310756
0.04088216     0.008280982040479
0.04128296     0.008444800577284
0.04168376     0.008610242636046
0.04208456     0.008777308937967
0.04248536     0.008946000210314
0.04288616     0.009116317186585
0.04328696     0.009288260606372
0.04368777     0.009461831215367
0.04408857     0.009637029765336
0.04448937     0.009813857014115
0.04489017     0.009992313725541
0.04529097     0.010172400669450
0.04569177     0.010354118621687
0.04609257     0.010537468364000
0.04649337     0.010722450684088
0.04689417     0.010909066375530
0.04729497     0.011097316237785
0.04769577     0.011287201076133
0.04809657     0.011478721701678
0.04849737     0.011671878931299
0.04889817     0.011866673587674
0.04929897     0.012063106499110
0.04969977     0.012261178499701
0.05010058     0.012460890429177
0.05050138     0.012662243132897
0.05090218     0.012865237461875
0.05130298     0.013069874272616
0.05170378     0.013276154427268
0.05210458     0.013484078793405
0.05250538     0.013693648244190
0.05290618     0.013904863658147
0.05330698     0.014117725919265
0.05370778     0.014332235916930
0.05410858     0.014548394545836
0.05450938     0.014766202706104
0.05491018     0.014985661303026
0.05531098     0.015206771247233
0.05571178     0.015429533454537
0.05611258     0.015653948845973
0.05651338     0.015880018347722
0.05691419     0.016107742891055
0.05731499     0.016337123412382
0.05771579     0.016568160853139
0.05811659     0.016800856159743
0.05851739     0.017035210283648
0.05891819     0.017271224181219
0.05931899     0.017508898813722
0.05971979     0.017748235147310
0.06012059     0.017989234152945
0.06052139     0.018231896806395
0.06092219     0.018476224088178
0.06132299     0.018722216983529
0.06172379     0.018969876482365
0.06212459     0.019219203579220
0.06252539     0.019470199273262
0.06292619     0.019722864568187
0.06332699     0.019977200472192
0.06372780     0.020233207998001
0.06412860     0.020490888162738
0.06452940     0.020750241987927
0.06493020     0.021011270499472
0.06533100     0.021273974727513
0.06573180     0.021538355706542
0.06613260     0.021804414475220
0.06653340     0.022072152076416
0.06693420     0.022341569557122
0.06733500     0.022612667968442
0.06773580     0.022885448365470
0.06813660     0.023159911807388
0.06853740     0.023436059357278
0.06893820     0.023713892082151
0.06933900     0.023993411052888
0.06973980     0.024274617344178
0.07014061     0.024557512034495
0.07054141     0.024842096206030
0.07094221     0.025128370944660
0.07134301     0.025416337339872
0.07174381     0.025705996484770
0.07214461     0.025997349475946
0.07254541     0.026290397413522
0.07294621     0.026585141401017
0.07334701     0.026881582545340
0.07374781     0.027179721956759
0.07414861     0.027479560748781
0.07454941     0.027781100038183
0.07495021     0.028084340944898
0.07535101     0.028389284591988
0.07575181     0.028695932105601
0.07615261     0.029004284614890
0.07655341     0.029314343251998
0.07695422     0.029626109151951
0.07735502     0.029939583452659
0.07775582     0.030254767294838
0.07815662     0.030571661821921
0.07855742     0.030890268180080
0.07895822     0.031210587518087
0.07935902     0.031532620987332
0.07975982     0.031856369741699
0.08016062     0.032181834937550
0.08056142     0.032509017733660
0.08096222     0.032837919291151
0.08136302     0.033168540773448
0.08176382     0.033500883346189
0.08216462     0.033834948177209
0.08256542     0.034170736436444
0.08296622     0.034508249295889
0.08336703     0.034847487929534
0.08376783     0.035188453513295
0.08416863     0.035531147224958
0.08456943     0.035875570244124
0.08497023     0.036221723752134
0.08537103     0.036569608932008
0.08577183     0.036919226968389
0.08617263     0.037270579047478
0.08657343     0.037623666356960
0.08697423     0.037978490085939
0.08737503     0.038335051424890
0.08777583     0.038693351565580
0.08817663     0.039053391701000
0.08857743     0.039415173025297
0.08897823     0.039778696733718
0.08937903     0.040143964022530
0.08977983     0.040510976088960
0.09018064     0.040879734131123
0.09058144     0.041250239347948
0.09098224     0.041622492939128
0.09138304     0.041996496105016
0.09178384     0.042372250046582
0.09218464     0.042749755965336
0.09258544     0.043129015063246
0.09298624     0.043510028542687
0.09338704     0.043892797606342
0.09378784     0.044277323457144
0.09418864     0.044663607298203
0.09458944     0.045051650332730
0.09499024     0.045441453763961
0.09539104     0.045833018795092
0.09579184     0.046226346629170
0.09619264     0.046621438469067
0.09659344     0.047018295517364
0.09699425     0.047416918976290
0.09739505     0.047817310047651
0.09779585     0.048219469932734
0.09819665     0.048623399832235
0.09859745     0.049029100946202
0.09899825     0.049436574473905
0.09939905     0.049845821613825
0.09979985     0.050256843563512
0.10020065     0.050669641519531
0.10060145     0.051084216677385
0.10100225     0.051500570231428
0.10140305     0.051918703374767
0.10180385     0.052338617299209
0.10220465     0.052760313195155
0.10260545     0.053183792251518
0.10300625     0.053609055655644
0.10340706     0.054036104593239
0.10380786     0.054464940248255
0.10420866     0.054895563802829
0.10460946     0.055327976437182
0.10501026     0.055762179329547
0.10541106     0.056198173656064
0.10581186     0.056635960590695
0.10621266     0.057075541305159
0.10661346     0.057516916968811
0.10701426     0.057960088748567
0.10741506     0.058405057808823
0.10781586     0.058851825311345
0.10821666     0.059300392415196
0.10861746     0.059750760276635
0.10901826     0.060202930049023
0.10941906     0.060656902882744
0.10981986     0.061112679925088
0.11022067     0.061570262320193
0.11062147     0.062029651208916
0.11102227     0.062490847728757
0.11142307     0.062953853013758
0.11182387     0.063418668194418
0.11222467     0.063885294397578
0.11262547     0.064353732746338
0.11302627     0.064823984359976
0.11342707     0.065296050353812
0.11382787     0.065769931839136
0.11422867     0.066245629923099
0.11462947     0.066723145708648
0.11503027     0.067202480294356
0.11543107     0.067683634774400
0.11583187     0.068166610238403
0.11623267     0.068651407771373
0.11663347     0.069138028453566
0.11703428     0.069626473360421
0.11743508     0.070116743562432
0.11783588     0.070608840125048
0.11823668     0.071102764108583
0.11863748     0.071598516568099
0.11903828     0.072096098553312
0.11943908     0.072595511108477
0.11983988     0.073096755272298
0.12024068     0.073599832077797
0.12064148     0.074104742552245
0.12104228     0.074611487717022
0.12144308     0.075120068587520
0.12184388     0.075630486173050
0.12224468     0.076142741476714
0.12264548     0.076656835495315
0.12304628     0.077172769219223
0.12344709     0.077690543632308
0.12384789     0.078210159711778
0.12424869     0.078731618428111
0.12464949     0.079254920744920
0.12505029     0.079780067618865
0.12545109     0.080307059999508
0.12585189     0.080835898829240
0.12625269     0.081366585043144
0.12665349     0.081899119568879
0.12705429     0.082433503326587
0.12745509     0.082969737228777
0.12785589     0.083507822180177
0.12825669     0.084047759077675
0.12865749     0.084589548810149
0.12905829     0.085133192258398
0.12945909     0.085678690295005
0.12985989     0.086226043784214
0.13026070     0.086775253581825
0.13066150     0.087326320535083
0.13106230     0.087879245482540
0.13146310     0.088434029253966
0.13186390     0.088990672670203
0.13226470     0.089549176543067
0.13266550     0.090109541675218
0.13306630     0.090671768860053
0.13346710     0.091235858881571
0.13386790     0.091801812514269
0.13426870     0.092369630523006
0.13466950     0.092939313662896
0.13507030     0.093510862679191
0.13547110     0.094084278307136
0.13587190     0.094659561271880
0.13627270     0.095236712288321
0.13667351     0.095815732061018
0.13707431     0.096396621284039
0.13747511     0.096979380640868
0.13787591     0.097564010804245
0.13827671     0.098150512436072
0.13867751     0.098738886187289
0.13907831     0.099329132697734
0.13947911     0.099921252596027
0.13987991     0.100515246499453
0.14028071     0.101111115013821
0.14068151     0.101708858733357
0.14108231     0.102308478240565
0.14148311     0.102909974106116
0.14188391     0.103513346888701
0.14228471     0.104118597134933
0.14268551     0.104725725379192
0.14308631     0.105334732143530
0.14348712     0.105945617937507
0.14388792     0.106558383258097
0.14428872     0.107173028589553
0.14468952     0.107789554403267
0.14509032     0.108407961157657
0.14549112     0.109028249298031
0.14589192     0.109650419256468
0.14629272     0.110274471451676
0.14669352     0.110900406288887
0.14709432     0.111528224159701
0.14749512     0.112157925441981
0.14789592     0.112789510499710
0.14829672     0.113422979682876
0.14869752     0.114058333327328
0.14909832     0.114695571754652
0.14949912     0.115334695272059
0.14989992     0.115975704172230
0.15030073     0.116618598733207
0.15070153     0.117263379218243
0.15110233     0.117910045875703
0.15150313     0.118558598938908
0.15190393     0.119209038626018
0.15230473     0.119861365139900
0.15270553     0.120515578667999
0.15310633     0.121171679382211
0.15350713     0.121829667438751
0.15390793     0.122489542978014
0.15430873     0.123151306124478
0.15470953     0.123814956986525
0.15511033     0.124480495656361
0.15551113     0.125147922209858
0.15591193     0.125817236706424
0.15631273     0.126488439188891
0.15671354     0.127161529683372
0.15711434     0.127836508199139
0.15751514     0.128513374728487
0.15791594     0.129192129246609
0.15831674     0.129872771711476
0.15871754     0.130555302063690
0.15911834     0.131239720226374
0.15951914     0.131926026105021
0.15991994     0.132614219587397
0.16032074     0.133304300543382
0.16072154     0.133996268824863
0.16112234     0.134690124265596
0.16152314     0.135385866681082
0.16192394     0.136083495868438
0.16232474     0.136783011606271
0.16272554     0.137484413654551
0.16312634     0.138187701754480
0.16352715     0.138892875628376
0.16392795     0.139599934979536
0.16432875     0.140308879492116
0.16472955     0.141019708830998
0.16513035     0.141732422641676
0.16553115     0.142447020550126
0.16593195     0.143163502162674
0.16633275     0.143881867065881
0.16673355     0.144602114826414
0.16713435     0.145324244990926
0.16753515     0.146048257085929
0.16793595     0.146774150617672
0.16833675     0.147501925072013
0.16873755     0.148231579914313
0.16913835     0.148963114589296
0.16953915     0.149696528520935
0.16993995     0.150431821112335
0.17034076     0.151168991745599
0.17074156     0.151908039781727
0.17114236     0.152648964560478
0.17154316     0.153391765400266
0.17194396     0.154136441598034
0.17234476     0.154882992429127
0.17274556     0.155631417147194
0.17314636     0.156381714984056
0.17354716     0.157133885149596
0.17394796     0.157887926831634
0.17434876     0.158643839195827
0.17474956     0.159401621385541
0.17515036     0.160161272521741
0.17555116     0.160922791702881
0.17595196     0.161686178004779
0.17635276     0.162451430480525
0.17675357     0.163218548160352
0.17715437     0.163987530051523
0.17755517     0.164758375138241
0.17795597     0.165531082381514
0.17835677     0.166305650719067
0.17875757     0.167082079065218
0.17915837     0.167860366310784
0.17955917     0.168640511322959
0.17995997     0.169422512945229
0.18036077     0.170206369997237
0.18076157     0.170992081274713
0.18116237     0.171779645549339
0.18156317     0.172569061568665
0.18196397     0.173360328056006
0.18236477     0.174153443710330
0.18276557     0.174948407206167
0.18316637     0.175745217193508
0.18356718     0.176543872297700
0.18396798     0.177344371119363
0.18436878     0.178146712234270
0.18476958     0.178950894193275
0.18517038     0.179756915522204
0.18557118     0.180564774721762
0.18597198     0.181374470267445
0.18637278     0.182186000609450
0.18677358     0.182999364172566
0.18717438     0.183814559356107
0.18757518     0.184631584533814
0.18797598     0.185450438053758
0.18837678     0.186271118238263
0.18877758     0.187093623383824
0.18917838     0.187917951761007
0.18957918     0.188744101614379
0.18997998     0.189572071162417
0.19038079     0.190401858597432
0.19078159     0.191233462085483
0.19118239     0.192066879766301
0.19158319     0.192902109753214
0.19198399     0.193739150133061
0.19238479     0.194577998966119
0.19278559     0.195418654286038
0.19318639     0.196261114099755
0.19358719     0.197105376387427
0.19398799     0.197951439102357
0.19438879     0.198799300170925
0.19478959     0.199648957492531
0.19519039     0.200500408939509
0.19559119     0.201353652357064
0.19599199     0.202208685563223
0.19639279     0.203065506348752
0.19679360     0.203924112477111
0.19719440     0.204784501684372
0.19759520     0.205646671679187
0.19799600     0.206510620142709
0.19839680     0.207376344728529
0.19879760     0.208243843062648
0.19919840     0.209113112743405
0.19959920     0.209984151341417
0.20000000     0.210856956399542
