0.00000050     0.000000068519761
0.00040130     0.000000160937158
0.00080210     0.000000642946060
0.00120290     0.000001446026975
0.00160370     0.000002570178963
0.00200450     0.000004015401012
0.00240530     0.000005781691732
0.00280610     0.000007869049489
0.00320690     0.000010277472318
0.00360771     0.000013006957982
0.00400851     0.000016057503913
0.00440931     0.000019429107260
0.00481011     0.000023121764876
0.00521091     0.000027135473303
0.00561171     0.000031470228795
0.00601251     0.000036126027302
0.00641331     0.000041102864480
0.00681411     0.000046400735681
0.00721491     0.000052019635969
0.00761571     0.000057959560107
0.00801651     0.000064220502560
0.00841731     0.000070802457501
0.00881811     0.000077705418808
0.00921891     0.000084929380062
0.00961971     0.000092474334555
0.01002052     0.000100340275282
0.01042132     0.000108527194949
0.01082212     0.000117035085969
0.01122292     0.000125863940464
0.01162372     0.000135013750268
0.01202452     0.000144484506923
0.01242532     0.000154276201688
0.01282612     0.000164388825529
0.01322692     0.000174822369130
0.01362772     0.000185576822886
0.01402852     0.000196652176912
0.01442932     0.000208048421036
0.01483012     0.000219765544804
0.01523092     0.000231803537483
0.01563172     0.000244162388057
0.01603252     0.000256842085234
0.01643332     0.000269842617442
0.01683413     0.000283163972832
0.01723493     0.000296806139281
0.01763573     0.000310769104391
0.01803653     0.000325052855491
0.01843733     0.000339657379639
0.01883813     0.000354582663621
0.01923893     0.000369828693956
0.01963973     0.000385395456896
0.02004053     0.000401282938424
0.02044133     0.000417491124261
0.02084213     0.000434019999863
0.02124293     0.000450869550426
0.02164373     0.000468039760886
0.02204453     0.000485530615919
0.02244533     0.000503342099944
0.02284613     0.000521474197127
0.02324693     0.000539926891378
0.02364774     0.000558700166358
0.02404854     0.000577794005475
0.02444934     0.000597208391890
0.02485014     0.000616943308518
0.02525094     0.000636998738028
0.02565174     0.000657374662847
0.02605254     0.000678071065160
0.02645334     0.000699087926914
0.02685414     0.000720425229820
0.02725494     0.000742082955351
0.02765574     0.000764061084748
0.02805654     0.000786359599024
0.02845734     0.000808978478957
0.02885814     0.000831917705104
0.02925894     0.000855177257793
0.02965974     0.000878757117132
0.03006055     0.000902657263007
0.03046135     0.000926877675087
0.03086215     0.000951418332824
0.03126295     0.000976279215458
0.03166375     0.001001460302016
0.03206455     0.001026961571315
0.03246535     0.001052783001969
0.03286615     0.001078924572386
0.03326695     0.001105386260770
0.03366775     0.001132168045130
0.03406855     0.001159269903275
0.03446935     0.001186691812820
0.03487015     0.001214433751191
0.03527095     0.001242495695622
0.03567175     0.001270877623160
0.03607255     0.001299579510673
0.03647335     0.001328601334842
0.03687416     0.001357943072174
0.03727496     0.001387604698997
0.03767576     0.001417586191469
0.03807656     0.001447887525577
0.03847736     0.001478508677139
0.03887816     0.001509449621812
0.03927896     0.001540710335088
0.03967976     0.001572290792304
0.04008056     0.001604190968639
0.04048136     0.001636410839120
0.04088216     0.001668950378625
0.04128296     0.001701809561887
0.04168376     0.001734988363492
0.04208456     0.001768486757888
0.04248536     0.001802304719388
0.04288616     0.001836442222166
0.04328696     0.001870899240271
0.04368777     0.001905675747622
0.04408857     0.001940771718012
0.04448937     0.001976187125117
0.04489017     0.002011921942492
0.04529097     0.002047976143582
0.04569177     0.002084349701718
0.04609257     0.002121042590124
0.04649337     0.002158054781923
0.04689417     0.002195386250134
0.04729497     0.002233036967684
0.04769577     0.002271006907402
0.04809657     0.002309296042031
0.04849737     0.002347904344227
0.04889817     0.002386831786563
0.04929897     0.002426078341534
0.04969977     0.002465643981562
0.05010058     0.002505528678995
0.05050138     0.002545732406116
0.05090218     0.002586255135145
0.05130298     0.002627096838240
0.05170378     0.002668257487505
0.05210458     0.002709737054993
0.05250538     0.002751535512708
0.05290618     0.002793652832611
0.05330698     0.002836088986622
0.05370778     0.002878843946627
0.05410858     0.002921917684481
0.05450938     0.002965310172009
0.05491018     0.003009021381014
0.05531098     0.003053051283281
0.05571178     0.003097399850578
0.05611258     0.003142067054664
0.05651338     0.003187052867291
0.05691419     0.003232357260210
0.05731499     0.003277980205172
0.05771579     0.003323921673937
0.05811659     0.003370181638275
0.05851739     0.003416760069972
0.05891819     0.003463656940835
0.05931899     0.003510872222693
0.05971979     0.003558405887407
0.06012059     0.003606257906870
0.06052139     0.003654428253014
0.06092219     0.003702916897813
0.06132299     0.003751723813291
0.06172379     0.003800848971522
0.06212459     0.003850292344638
0.06252539     0.003900053904834
0.06292619     0.003950133624372
0.06332699     0.004000531475581
0.06372780     0.004051247430873
0.06412860     0.004102281462738
0.06452940     0.004153633543753
0.06493020     0.004205303646586
0.06533100     0.004257291744001
0.06573180     0.004309597808867
0.06613260     0.004362221814156
0.06653340     0.004415163732951
0.06693420     0.004468423538456
0.06733500     0.004522001203993
0.06773580     0.004575896703015
0.06813660     0.004630110009104
0.06853740     0.004684641095983
0.06893820     0.004739489937516
0.06933900     0.004794656507717
0.06973980     0.004850140780754
0.07014061     0.004905942730953
0.07054141     0.004962062332808
0.07094221     0.005018499560981
0.07134301     0.005075254390310
0.07174381     0.005132326795816
0.07214461     0.005189716752707
0.07254541     0.005247424236384
0.07294621     0.005305449222445
0.07334701     0.005363791686695
0.07374781     0.005422451605147
0.07414861     0.005481428954032
0.07454941     0.005540723709800
0.07495021     0.005600335849132
0.07535101     0.005660265348940
0.07575181     0.005720512186376
0.07615261     0.005781076338839
0.07655341     0.005841957783978
0.07695422     0.005903156499701
0.07735502     0.005964672464178
0.07775582     0.006026505655851
0.07815662     0.006088656053435
0.07855742     0.006151123635931
0.07895822     0.006213908382625
0.07935902     0.006277010273101
0.07975982     0.006340429287243
0.08016062     0.006404165405240
0.08056142     0.006468218607598
0.08096222     0.006532588875143
0.08136302     0.006597276189026
0.08176382     0.006662280530733
0.08216462     0.006727601882089
0.08256542     0.006793240225266
0.08296622     0.006859195542789
0.08336703     0.006925467817542
0.08376783     0.006992057032776
0.08416863     0.007058963172117
0.08456943     0.007126186219568
0.08497023     0.007193726159521
0.08537103     0.007261582976760
0.08577183     0.007329756656471
0.08617263     0.007398247184248
0.08657343     0.007467054546097
0.08697423     0.007536178728448
0.08737503     0.007605619718159
0.08777583     0.007675377502525
0.08817663     0.007745452069280
0.08857743     0.007815843406612
0.08897823     0.007886551503165
0.08937903     0.007957576348047
0.08977983     0.008028917930839
0.09018064     0.008100576241600
0.09058144     0.008172551270877
0.09098224     0.008244843009709
0.09138304     0.008317451449639
0.09178384     0.008390376582719
0.09218464     0.008463618401514
0.09258544     0.008537176899118
0.09298624     0.008611052069153
0.09338704     0.008685243905782
0.09378784     0.008759752403717
0.09418864     0.008834577558223
0.09458944     0.008909719365127
0.09499024     0.008985177820830
0.09539104     0.009060952922309
0.09579184     0.009137044667128
0.09619264     0.009213453053446
0.09659344     0.009290178080024
0.09699425     0.009367219746234
0.09739505     0.009444578052068
0.09779585     0.009522252998142
0.09819665     0.009600244585710
0.09859745     0.009678552816669
0.09899825     0.009757177693565
0.09939905     0.009836119219607
0.09979985     0.009915377398672
0.10020065     0.009994952235313
0.10060145     0.010074843734768
0.10100225     0.010155051902971
0.10140305     0.010235576746555
0.10180385     0.010316418272868
0.10220465     0.010397576489975
0.10260545     0.010479051406671
0.10300625     0.010560843032486
0.10340706     0.010642951377697
0.10380786     0.010725376453339
0.10420866     0.010808118271206
0.10460946     0.010891176843867
0.10501026     0.010974552184672
0.10541106     0.011058244307764
0.10581186     0.011142253228083
0.10621266     0.011226578961378
0.10661346     0.011311221524218
0.10701426     0.011396180933999
0.10741506     0.011481457208954
0.10781586     0.011567050368160
0.10821666     0.011652960431552
0.10861746     0.011739187419927
0.10901826     0.011825731354959
0.10941906     0.011912592259206
0.10981986     0.011999770156117
0.11022067     0.012087265070046
0.11062147     0.012175077026260
0.11102227     0.012263206050948
0.11142307     0.012351652171231
0.11182387     0.012440415415172
0.11222467     0.012529495811789
0.11262547     0.012618893391058
0.11302627     0.012708608183929
0.11342707     0.012798640222336
0.11382787     0.012888989539202
0.11422867     0.012979656168454
0.11462947     0.013070640145033
0.11503027     0.013161941504900
0.11543107     0.013253560285052
0.11583187     0.013345496523527
0.11623267     0.013437750259421
0.11663347     0.013530321532891
0.11703428     0.013623210385172
0.11743508     0.013716416858581
0.11783588     0.013809940996536
0.11823668     0.013903782843558
0.11863748     0.013997942445290
0.11903828     0.014092419848502
0.11943908     0.014187215101103
0.11983988     0.014282328252154
0.12024068     0.014377759351874
0.12064148     0.014473508451662
0.12104228     0.014569575604095
0.12144308     0.014665960862946
0.12184388     0.014762664283197
0.12224468     0.014859685921045
0.12264548     0.014957025833918
0.12304628     0.015054684080481
0.12344709     0.015152660720656
0.12384789     0.015250955815625
0.12424869     0.015349569427848
0.12464949     0.015448501621068
0.12505029     0.015547752460330
0.12545109     0.015647322011987
0.12585189     0.015747210343717
0.12625269     0.015847417524531
0.12665349     0.015947943624785
0.12705429     0.016048788716194
0.12745509     0.016149952871845
0.12785589     0.016251436166206
0.12825669     0.016353238675142
0.12865749     0.016455360475921
0.12905829     0.016557801647236
0.12945909     0.016660562269207
0.12985989     0.016763642423404
0.13026070     0.016867042192848
0.13066150     0.016970761662037
0.13106230     0.017074800916945
0.13146310     0.017179160045047
0.13186390     0.017283839135324
0.13226470     0.017388838278276
0.13266550     0.017494157565941
0.13306630     0.017599797091905
0.13346710     0.017705756951309
0.13386790     0.017812037240874
0.13426870     0.017918638058905
0.13466950     0.018025559505309
0.13507030     0.018132801681606
0.13547110     0.018240364690943
0.13587190     0.018348248638109
0.13627270     0.018456453629550
0.13667351     0.018564979773375
0.13707431     0.018673827179382
0.13747511     0.018782995959060
0.13787591     0.018892486225611
0.13827671     0.019002298093961
0.13867751     0.019112431680774
0.13907831     0.019222887104468
0.13947911     0.019333664485227
0.13987991     0.019444763945015
0.14028071     0.019556185607595
0.14068151     0.019667929598539
0.14108231     0.019779996045243
0.14148311     0.019892385076945
0.14188391     0.020005096824735
0.14228471     0.020118131421575
0.14268551     0.020231489002310
0.14308631     0.020345169703684
0.14348712     0.020459173664357
0.14388792     0.020573501024918
0.14428872     0.020688151927900
0.14468952     0.020803126517799
0.14509032     0.020918424941085
0.14549112     0.021034047346220
0.14589192     0.021149993883673
0.14629272     0.021266264705937
0.14669352     0.021382859967542
0.14709432     0.021499779825073
0.14749512     0.021617024437189
0.14789592     0.021734593964629
0.14829672     0.021852488570242
0.14869752     0.021970708418992
0.14909832     0.022089253677980
0.14949912     0.022208124516459
0.14989992     0.022327321105852
0.15030073     0.022446843619765
0.15070153     0.022566692234007
0.15110233     0.022686867126607
0.15150313     0.022807368477829
0.15190393     0.022928196470192
0.15230473     0.023049351288481
0.15270553     0.023170833119773
0.15310633     0.023292642153448
0.15350713     0.023414778581208
0.15390793     0.023537242597095
0.15430873     0.023660034397509
0.15470953     0.023783154181225
0.15511033     0.023906602149412
0.15551113     0.024030378505650
0.15591193     0.024154483455947
0.15631273     0.024278917208760
0.15671354     0.024403679975012
0.15711434     0.024528771968110
0.15751514     0.024654193403962
0.15791594     0.024779944501001
0.15831674     0.024906025480196
0.15871754     0.025032436565080
0.15911834     0.025159177981760
0.15951914     0.025286249958942
0.15991994     0.025413652727948
0.16032074     0.025541386522737
0.16072154     0.025669451579920
0.16112234     0.025797848138786
0.16152314     0.025926576441317
0.16192394     0.026055636732210
0.16232474     0.026185029258895
0.16272554     0.026314754271557
0.16312634     0.026444812023155
0.16352715     0.026575202769444
0.16392795     0.026705926768992
0.16432875     0.026836984283204
0.16472955     0.026968375576342
0.16513035     0.027100100915543
0.16553115     0.027232160570845
0.16593195     0.027364554815202
0.16633275     0.027497283924510
0.16673355     0.027630348177627
0.16713435     0.027763747856394
0.16753515     0.027897483245654
0.16793595     0.028031554633282
0.16833675     0.028165962310196
0.16873755     0.028300706570386
0.16913835     0.028435787710937
0.16953915     0.028571206032045
0.16993995     0.028706961837044
0.17034076     0.028843055432430
0.17074156     0.028979487127879
0.17114236     0.029116257236272
0.17154316     0.029253366073722
0.17194396     0.029390813959589
0.17234476     0.029528601216510
0.17274556     0.029666728170420
0.17314636     0.029805195150574
0.17354716     0.029944002489576
0.17394796     0.030083150523396
0.17434876     0.030222639591400
0.17474956     0.030362470036368
0.17515036     0.030502642204527
0.17555116     0.030643156445566
0.17595196     0.030784013112669
0.17635276     0.030925212562533
0.17675357     0.031066755155398
0.17715437     0.031208641255070
0.17755517     0.031350871228946
0.17795597     0.031493445448039
0.17835677     0.031636364287008
0.17875757     0.031779628124178
0.17915837     0.031923237341569
0.17955917     0.032067192324923
0.17995997     0.032211493463728
0.18036077     0.032356141151244
0.18076157     0.032501135784536
0.18116237     0.032646477764494
0.18156317     0.032792167495859
0.18196397     0.032938205387260
0.18236477     0.033084591851228
0.18276557     0.033231327304238
0.18316637     0.033378412166725
0.18356718     0.033525846863115
0.18396798     0.033673631821859
0.18436878     0.033821767475455
0.18476958     0.033970254260476
0.18517038     0.034119092617607
0.18557118     0.034268282991663
0.18597198     0.034417825831625
0.18637278     0.034567721590671
0.18677358     0.034717970726196
0.18717438     0.034868573699854
0.18757518     0.035019530977579
0.18797598     0.035170843029619
0.18837678     0.035322510330566
0.18877758     0.035474533359385
0.18917838     0.035626912599447
0.18957918     0.035779648538558
0.18997998     0.035932741668993
0.19038079     0.036086192487524
0.19078159     0.036240001495453
0.19118239     0.036394169198646
0.19158319     0.036548696107563
0.19198399     0.036703582737288
0.19238479     0.036858829607568
0.19278559     0.037014437242840
0.19318639     0.037170406172266
0.19358719     0.037326736929766
0.19398799     0.037483430054054
0.19438879     0.037640486088667
0.19478959     0.037797905582002
0.19519039     0.037955689087351
0.19559119     0.038113837162933
0.19599199     0.038272350371930
0.19639279     0.038431229282524
0.19679360     0.038590474467926
0.19719440     0.038750086506418
0.19759520     0.038910065981386
0.19799600     0.039070413481358
0.19839680     0.039231129600035
0.19879760     0.039392214936332
0.19919840     0.039553670094416
0.19959920     0.039715495683738
0.20000000     0.039877692319074
