0.00000050     0.000000472503159
0.00040130     0.000000668935384
0.00080210     0.000002672385479
0.00120290     0.000006010282787
0.00160370     0.000010682512572
0.00200450     0.000016688914859
0.00240530     0.000024029283306
0.00280610     0.000032703366110
0.00320690     0.000042710865650
0.00360771     0.000054051438456
0.00400851     0.000066724695503
0.00440931     0.000080730201824
0.00481011     0.000096067476837
0.00521091     0.000112735994240
0.00561171     0.000130735181973
0.00601251     0.000150064422350
0.00641331     0.000170723051997
0.00681411     0.000192710361884
0.00721491     0.000216025597344
0.00761571     0.000240667958120
0.00801651     0.000266636598351
0.00841731     0.000293930626626
0.00881811     0.000322549105959
0.00921891     0.000352491053893
0.00961971     0.000383755442445
0.01002052     0.000416341198190
0.01042132     0.000450247202254
0.01082212     0.000485472290379
0.01122292     0.000522015252916
0.01162372     0.000559874834893
0.01202452     0.000599049736025
0.01242532     0.000639538610759
0.01282612     0.000681340068306
0.01322692     0.000724452672682
0.01362772     0.000768874942752
0.01402852     0.000814605352251
0.01442932     0.000861642329845
0.01483012     0.000909984259168
0.01523092     0.000959629478854
0.01563172     0.001010576282595
0.01603252     0.001062822919187
0.01643332     0.001116367592566
0.01683413     0.001171208461862
0.01723493     0.001227343641455
0.01763573     0.001284771201011
0.01803653     0.001343489165548
0.01843733     0.001403495515477
0.01883813     0.001464788186668
0.01923893     0.001527365070491
0.01963973     0.001591224013885
0.02004053     0.001656362819411
0.02044133     0.001722779245302
0.02084213     0.001790471005538
0.02124293     0.001859435769894
0.02164373     0.001929671164011
0.02204453     0.002001174769450
0.02244533     0.002073944123764
0.02284613     0.002147976720561
0.02324693     0.002223270009564
0.02364774     0.002299821396690
0.02404854     0.002377628244110
0.02444934     0.002456687870320
0.02485014     0.002536997550213
0.02525094     0.002618554515151
0.02565174     0.002701355953039
0.02605254     0.002785399008393
0.02645334     0.002870680782422
0.02685414     0.002957198333100
0.02725494     0.003044948675247
0.02765574     0.003133928780599
0.02805654     0.003224135577898
0.02845734     0.003315565952962
0.02885814     0.003408216748775
0.02925894     0.003502084765564
0.02965974     0.003597166760881
0.03006055     0.003693459449693
0.03046135     0.003790959504462
0.03086215     0.003889663555234
0.03126295     0.003989568189725
0.03166375     0.004090669953411
0.03206455     0.004192965349614
0.03246535     0.004296450839596
0.03286615     0.004401122842647
0.03326695     0.004506977736179
0.03366775     0.004614011855817
0.03406855     0.004722221495499
0.03446935     0.004831602907559
0.03487015     0.004942152302838
0.03527095     0.005053865850767
0.03567175     0.005166739679474
0.03607255     0.005280769875878
0.03647335     0.005395952485790
0.03687416     0.005512283514014
0.03727496     0.005629758924446
0.03767576     0.005748374640178
0.03807656     0.005868126543602
0.03847736     0.005989010476510
0.03887816     0.006111022240204
0.03927896     0.006234157595597
0.03967976     0.006358412263322
0.04008056     0.006483781923837
0.04048136     0.006610262217536
0.04088216     0.006737848744856
0.04128296     0.006866537066387
0.04168376     0.006996322702981
0.04208456     0.007127201135868
0.04248536     0.007259167806763
0.04288616     0.007392218117979
0.04328696     0.007526347432544
0.04368777     0.007661551074313
0.04408857     0.007797824328086
0.04448937     0.007935162439716
0.04489017     0.008073560616236
0.04529097     0.008213014025969
0.04569177     0.008353517798647
0.04609257     0.008495067025534
0.04649337     0.008637656759538
0.04689417     0.008781282015339
0.04729497     0.008925937769503
0.04769577     0.009071618960608
0.04809657     0.009218320489363
0.04849737     0.009366037218733
0.04889817     0.009514763974061
0.04929897     0.009664495543192
0.04969977     0.009815226676596
0.05010058     0.009966952087499
0.05050138     0.010119666452001
0.05090218     0.010273364409206
0.05130298     0.010428040561353
0.05170378     0.010583689473934
0.05210458     0.010740305675830
0.05250538     0.010897883659438
0.05290618     0.011056417880799
0.05330698     0.011215902759725
0.05370778     0.011376332679936
0.05410858     0.011537701989184
0.05450938     0.011700004999390
0.05491018     0.011863235986767
0.05531098     0.012027389191966
0.05571178     0.012192458820193
0.05611258     0.012358439041355
0.05651338     0.012525323990185
0.05691419     0.012693107766379
0.05731499     0.012861784434734
0.05771579     0.013031348025276
0.05811659     0.013201792533401
0.05851739     0.013373111920005
0.05891819     0.013545300111628
0.05931899     0.013718351000583
0.05971979     0.013892258445095
0.06012059     0.014067016269441
0.06052139     0.014242618264083
0.06092219     0.014419058185809
0.06132299     0.014596329757871
0.06172379     0.014774426670122
0.06212459     0.014953342579152
0.06252539     0.015133071108436
0.06292619     0.015313605848463
0.06332699     0.015494940356884
0.06372780     0.015677068158645
0.06412860     0.015859982746131
0.06452940     0.016043677579307
0.06493020     0.016228146085856
0.06533100     0.016413381661320
0.06573180     0.016599377669243
0.06613260     0.016786127441309
0.06653340     0.016973624277489
0.06693420     0.017161861446176
0.06733500     0.017350832184330
0.06773580     0.017540529697618
0.06813660     0.017730947160560
0.06853740     0.017922077716666
0.06893820     0.018113914478582
0.06933900     0.018306450528229
0.06973980     0.018499678916949
0.07014061     0.018693592665645
0.07054141     0.018888184764923
0.07094221     0.019083448175238
0.07134301     0.019279375827032
0.07174381     0.019475960620881
0.07214461     0.019673195427632
0.07254541     0.019871073088556
0.07294621     0.020069586415476
0.07334701     0.020268728190924
0.07374781     0.020468491168275
0.07414861     0.020668868071891
0.07454941     0.020869851597267
0.07495021     0.021071434411170
0.07535101     0.021273609151780
0.07575181     0.021476368428840
0.07615261     0.021679704823787
0.07655341     0.021883610889906
0.07695422     0.022088079152462
0.07735502     0.022293102108848
0.07775582     0.022498672228726
0.07815662     0.022704781954166
0.07855742     0.022911423699789
0.07895822     0.023118589852909
0.07935902     0.023326272773672
0.07975982     0.023534464795201
0.08016062     0.023743158223731
0.08056142     0.023952345338753
0.08096222     0.024162018393156
0.08136302     0.024372169613360
0.08176382     0.024582791199464
0.08216462     0.024793875325381
0.08256542     0.025005414138976
0.08296622     0.025217399762208
0.08336703     0.025429824291267
0.08376783     0.025642679796712
0.08416863     0.025855958323610
0.08456943     0.026069651891673
0.08497023     0.026283752495393
0.08537103     0.026498252104183
0.08577183     0.026713142662510
0.08617263     0.026928416090033
0.08657343     0.027144064281738
0.08697423     0.027360079108073
0.08737503     0.027576452415083
0.08777583     0.027793176024544
0.08817663     0.028010241734099
0.08857743     0.028227641317388
0.08897823     0.028445366524184
0.08937903     0.028663409080523
0.08977983     0.028881760688838
0.09018064     0.029100413028090
0.09058144     0.029319357753899
0.09098224     0.029538586498673
0.09138304     0.029758090871741
0.09178384     0.029977862459478
0.09218464     0.030197892825438
0.09258544     0.030418173510478
0.09298624     0.030638696032893
0.09338704     0.030859451888532
0.09378784     0.031080432550934
0.09418864     0.031301629471448
0.09458944     0.031523034079360
0.09499024     0.031744637782021
0.09539104     0.031966431964962
0.09579184     0.032188407992027
0.09619264     0.032410557205487
0.09659344     0.032632870926168
0.09699425     0.032855340453567
0.09739505     0.033077957065979
0.09779585     0.033300712020608
0.09819665     0.033523596553692
0.09859745     0.033746601880618
0.09899825     0.033969719196041
0.09939905     0.034192939673999
0.09979985     0.034416254468029
0.10020065     0.034639654711284
0.10060145     0.034863131516644
0.10100225     0.035086675976829
0.10140305     0.035310279164517
0.10180385     0.035533932132444
0.10220465     0.035757625913529
0.10260545     0.035981351520972
0.10300625     0.036205099948371
0.10340706     0.036428862169823
0.10380786     0.036652629140036
0.10420866     0.036876391794434
0.10460946     0.037100141049259
0.10501026     0.037323867801681
0.10541106     0.037547562929896
0.10581186     0.037771217293232
0.10621266     0.037994821732247
0.10661346     0.038218367068832
0.10701426     0.038441844106308
0.10741506     0.038665243629526
0.10781586     0.038888556404965
0.10821666     0.039111773180825
0.10861746     0.039334884687124
0.10901826     0.039557881635793
0.10941906     0.039780754720767
0.10981986     0.040003494618079
0.11022067     0.040226091985949
0.11062147     0.040448537464873
0.11102227     0.040670821677714
0.11142307     0.040892935229789
0.11182387     0.041114868708952
0.11222467     0.041336612685684
0.11262547     0.041558157713172
0.11302627     0.041779494327395
0.11342707     0.042000613047206
0.11382787     0.042221504374410
0.11422867     0.042442158793841
0.11462947     0.042662566773448
0.11503027     0.042882718764363
0.11543107     0.043102605200982
0.11583187     0.043322216501034
0.11623267     0.043541543065659
0.11663347     0.043760575279477
0.11703428     0.043979303510658
0.11743508     0.044197718110991
0.11783588     0.044415809415953
0.11823668     0.044633567744775
0.11863748     0.044850983400502
0.11903828     0.045068046670067
0.11943908     0.045284747824341
0.11983988     0.045501077118204
0.12024068     0.045717024790598
0.12064148     0.045932581064587
0.12104228     0.046147736147414
0.12144308     0.046362480230558
0.12184388     0.046576803489781
0.12224468     0.046790696085190
0.12264548     0.047004148161279
0.12304628     0.047217149846984
0.12344709     0.047429691255729
0.12384789     0.047641762485471
0.12424869     0.047853353618746
0.12464949     0.048064454722716
0.12505029     0.048275055849202
0.12545109     0.048485147034735
0.12585189     0.048694718300586
0.12625269     0.048903759652808
0.12665349     0.049112261082269
0.12705429     0.049320212564688
0.12745509     0.049527604060667
0.12785589     0.049734425515721
0.12825669     0.049940666860309
0.12865749     0.050146318009858
0.12905829     0.050351368864793
0.12945909     0.050555809310558
0.12985989     0.050759629217642
0.13026070     0.050962818441597
0.13066150     0.051165366823058
0.13106230     0.051367264187763
0.13146310     0.051568500346564
0.13186390     0.051769065095445
0.13226470     0.051968948215536
0.13266550     0.052168139473117
0.13306630     0.052366628619634
0.13346710     0.052564405391702
0.13386790     0.052761459511114
0.13426870     0.052957780684839
0.13466950     0.053153358605029
0.13507030     0.053348182949018
0.13547110     0.053542243379316
0.13587190     0.053735529543614
0.13627270     0.053928031074770
0.13667351     0.054119737590805
0.13707431     0.054310638694897
0.13747511     0.054500723975363
0.13787591     0.054689983005654
0.13827671     0.054878405344333
0.13867751     0.055065980535065
0.13907831     0.055252698106591
0.13947911     0.055438547572716
0.13987991     0.055623518432278
0.14028071     0.055807600169132
0.14068151     0.055990782252114
0.14108231     0.056173054135025
0.14148311     0.056354405256587
0.14188391     0.056534825040421
0.14228471     0.056714302895009
0.14268551     0.056892828213659
0.14308631     0.057070390374460
0.14348712     0.057246978740255
0.14388792     0.057422582658587
0.14428872     0.057597191461657
0.14468952     0.057770794466283
0.14509032     0.057943380973844
0.14549112     0.058114940270233
0.14589192     0.058285461625807
0.14629272     0.058454934295325
0.14669352     0.058623347517899
0.14709432     0.058790690516929
0.14749512     0.058956952500043
0.14789592     0.059122122659038
0.14829672     0.059286190169807
0.14869752     0.059449144192277
0.14909832     0.059610973870337
0.14949912     0.059771668331767
0.14989992     0.059931216688163
0.15030073     0.060089608034859
0.15070153     0.060246831450851
0.15110233     0.060402875998714
0.15150313     0.060557730724521
0.15190393     0.060711384657756
0.15230473     0.060863826811224
0.15270553     0.061015046180967
0.15310633     0.061165031746165
0.15350713     0.061313772469047
0.15390793     0.061461257294791
0.15430873     0.061607475151426
0.15470953     0.061752414949729
0.15511033     0.061896065583122
0.15551113     0.062038415927567
0.15591193     0.062179454841458
0.15631273     0.062319171165504
0.15671354     0.062457553722625
0.15711434     0.062594591317828
0.15751514     0.062730272738095
0.15791594     0.062864586752257
0.15831674     0.062997522110875
0.15871754     0.063129067546116
0.15911834     0.063259211771619
0.15951914     0.063387943482369
0.15991994     0.063515251354566
0.16032074     0.063641124045486
0.16072154     0.063765550193344
0.16112234     0.063888518417156
0.16152314     0.064010017316595
0.16192394     0.064130035471842
0.16232474     0.064248561443448
0.16272554     0.064365583772172
0.16312634     0.064481090978839
0.16352715     0.064595071564174
0.16392795     0.064707514008652
0.16432875     0.064818406772337
0.16472955     0.064927738294714
0.16513035     0.065035496994527
0.16553115     0.065141671269609
0.16593195     0.065246249496715
0.16633275     0.065349220031340
0.16673355     0.065450571207553
0.16713435     0.065550291337811
0.16753515     0.065648368712780
0.16793595     0.065744791601150
0.16833675     0.065839548249448
0.16873755     0.065932626881853
0.16913835     0.066024015699995
0.16953915     0.066113702882768
0.16993995     0.066201676586127
0.17034076     0.066287924942892
0.17074156     0.066372436062540
0.17114236     0.066455198031004
0.17154316     0.066536198910462
0.17194396     0.066615426739124
0.17234476     0.066692869531019
0.17274556     0.066768515275780
0.17314636     0.066842351938423
0.17354716     0.066914367459123
0.17394796     0.066984549752987
0.17434876     0.067052886709833
0.17474956     0.067119366193952
0.17515036     0.067183976043874
0.17555116     0.067246704072137
0.17595196     0.067307538065041
0.17635276     0.067366465782410
0.17675357     0.067423474957343
0.17715437     0.067478553295969
0.17755517     0.067531688477193
0.17795597     0.067582868152444
0.17835677     0.067632079945416
0.17875757     0.067679311451809
0.17915837     0.067724550239066
0.17955917     0.067767783846107
0.17995997     0.067808999783062
0.18036077     0.067848185530994
0.18076157     0.067885328541631
0.18116237     0.067920416237081
0.18156317     0.067953436009560
0.18196397     0.067984375221098
0.18236477     0.068013221203260
0.18276557     0.068039961256854
0.18316637     0.068064582651637
0.18356718     0.068087072626019
0.18396798     0.068107418386768
0.18436878     0.068125607108699
0.18476958     0.068141625934381
0.18517038     0.068155461973820
0.18557118     0.068167102304150
0.18597198     0.068176533969320
0.18637278     0.068183743979776
0.18677358     0.068188719312140
0.18717438     0.068191446908887
0.18757518     0.068191913678018
0.18797598     0.068190106492731
0.18837678     0.068186012191084
0.18877758     0.068179617575667
0.18917838     0.068170909413254
0.18957918     0.068159874434468
0.18997998     0.068146499333429
0.19038079     0.068130770767408
0.19078159     0.068112675356479
0.19118239     0.068092199683158
0.19158319     0.068069330292046
0.19198399     0.068044053689470
0.19238479     0.068016356343119
0.19278559     0.067986224681670
0.19318639     0.067953645094424
0.19358719     0.067918603930930
0.19398799     0.067881087500603
0.19438879     0.067841082072349
0.19478959     0.067798573874181
0.19519039     0.067753549092826
0.19559119     0.067705993873341
0.19599199     0.067655894318716
0.19639279     0.067603236489480
0.19679360     0.067548006403296
0.19719440     0.067490190034565
0.19759520     0.067429773314011
0.19799600     0.067366742128278
0.19839680     0.067301082319514
0.19879760     0.067232779684957
0.19919840     0.067161819976510
0.19959920     0.067088188900325
0.20000000     0.067011872116371
