0.00000050     0.000000823609967
0.00040130     0.000661051910906
0.00080210     0.001321281076715
0.00120290     0.001981512024280
0.00160370     0.002641745644120
0.00200450     0.003301982826601
0.00240530     0.003962224462184
0.00280610     0.004622471441355
0.00320690     0.005282724654715
0.00360771     0.005942984992870
0.00400851     0.006603253346521
0.00440931     0.007263530606476
0.00481011     0.007923817663617
0.00521091     0.008584115408946
0.00561171     0.009244424733563
0.00601251     0.009904746528711
0.00641331     0.010565081685768
0.00681411     0.011225431096236
0.00721491     0.011885795651798
0.00761571     0.012546176244280
0.00801651     0.013206573765693
0.00841731     0.013866989108229
0.00881811     0.014527423164268
0.00921891     0.015187876826397
0.00961971     0.015848350987416
0.01002052     0.016508846540336
0.01042132     0.017169364378423
0.01082212     0.017829905395158
0.01122292     0.018490470484295
0.01162372     0.019151060539825
0.01202452     0.019811676456031
0.01242532     0.020472319127466
0.01282612     0.021132989448975
0.01322692     0.021793688315698
0.01362772     0.022454416623087
0.01402852     0.023115175266920
0.01442932     0.023775965143289
0.01483012     0.024436787148632
0.01523092     0.025097642179740
0.01563172     0.025758531133752
0.01603252     0.026419454908182
0.01643332     0.027080414400916
0.01683413     0.027741410510231
0.01723493     0.028402444134798
0.01763573     0.029063516173695
0.01803653     0.029724627526417
0.01843733     0.030385779092883
0.01883813     0.031046971773452
0.01923893     0.031708206468927
0.01963973     0.032369484080562
0.02004053     0.033030805510084
0.02044133     0.033692171659686
0.02084213     0.034353583432059
0.02124293     0.035015041730373
0.02164373     0.035676547458313
0.02204453     0.036338101520079
0.02244533     0.036999704820388
0.02284613     0.037661358264498
0.02324693     0.038323062758209
0.02364774     0.038984819207874
0.02404854     0.039646628520410
0.02444934     0.040308491603311
0.02485014     0.040970409364650
0.02525094     0.041632382713094
0.02565174     0.042294412557922
0.02605254     0.042956499809015
0.02645334     0.043618645376885
0.02685414     0.044280850172675
0.02725494     0.044943115108172
0.02765574     0.045605441095817
0.02805654     0.046267829048712
0.02845734     0.046930279880638
0.02885814     0.047592794506053
0.02925894     0.048255373840114
0.02965974     0.048918018798678
0.03006055     0.049580730298320
0.03046135     0.050243509256334
0.03086215     0.050906356590750
0.03126295     0.051569273220343
0.03166375     0.052232260064642
0.03206455     0.052895318043940
0.03246535     0.053558448079303
0.03286615     0.054221651092583
0.03326695     0.054884928006428
0.03366775     0.055548279744290
0.03406855     0.056211707230434
0.03446935     0.056875211389955
0.03487015     0.057538793148780
0.03527095     0.058202453433681
0.03567175     0.058866193172290
0.03607255     0.059530013293104
0.03647335     0.060193914725494
0.03687416     0.060857898399723
0.03727496     0.061521965246949
0.03767576     0.062186116199234
0.03807656     0.062850352189564
0.03847736     0.063514674151851
0.03887816     0.064179083020945
0.03927896     0.064843579732645
0.03967976     0.065508165223713
0.04008056     0.066172840431878
0.04048136     0.066837606295848
0.04088216     0.067502463755327
0.04128296     0.068167413751017
0.04168376     0.068832457224632
0.04208456     0.069497595118909
0.04248536     0.070162828377621
0.04288616     0.070828157945579
0.04328696     0.071493584768652
0.04368777     0.072159109793774
0.04408857     0.072824733968954
0.04448937     0.073490458243285
0.04489017     0.074156283566959
0.04529097     0.074822210891274
0.04569177     0.075488241168648
0.04609257     0.076154375352627
0.04649337     0.076820614397896
0.04689417     0.077486959260290
0.04729497     0.078153410896806
0.04769577     0.078819970265614
0.04809657     0.079486638326062
0.04849737     0.080153416038698
0.04889817     0.080820304365271
0.04929897     0.081487304268746
0.04969977     0.082154416713312
0.05010058     0.082821642664398
0.05050138     0.083488983088681
0.05090218     0.084156438954096
0.05130298     0.084824011229848
0.05170378     0.085491700886424
0.05210458     0.086159508895601
0.05250538     0.086827436230463
0.05290618     0.087495483865404
0.05330698     0.088163652776148
0.05370778     0.088831943939750
0.05410858     0.089500358334619
0.05450938     0.090168896940518
0.05491018     0.090837560738581
0.05531098     0.091506350711326
0.05571178     0.092175267842660
0.05611258     0.092844313117897
0.05651338     0.093513487523765
0.05691419     0.094182792048417
0.05731499     0.094852227681447
0.05771579     0.095521795413895
0.05811659     0.096191496238264
0.05851739     0.096861331148530
0.05891819     0.097531301140150
0.05931899     0.098201407210075
0.05971979     0.098871650356770
0.06012059     0.099542031580210
0.06052139     0.100212551881904
0.06092219     0.100883212264901
0.06132299     0.101554013733805
0.06172379     0.102224957294781
0.06212459     0.102896043955574
0.06252539     0.103567274725516
0.06292619     0.104238650615539
0.06332699     0.104910172638187
0.06372780     0.105581841807627
0.06412860     0.106253659139660
0.06452940     0.106925625651737
0.06493020     0.107597742362967
0.06533100     0.108270010294129
0.06573180     0.108942430467687
0.06613260     0.109615003907800
0.06653340     0.110287731640331
0.06693420     0.110960614692867
0.06733500     0.111633654094721
0.06773580     0.112306850876954
0.06813660     0.112980206072380
0.06853740     0.113653720715583
0.06893820     0.114327395842923
0.06933900     0.115001232492558
0.06973980     0.115675231704444
0.07014061     0.116349394520360
0.07054141     0.117023721983910
0.07094221     0.117698215140542
0.07134301     0.118372875037557
0.07174381     0.119047702724123
0.07214461     0.119722699251288
0.07254541     0.120397865671990
0.07294621     0.121073203041072
0.07334701     0.121748712415293
0.07374781     0.122424394853343
0.07414861     0.123100251415855
0.07454941     0.123776283165413
0.07495021     0.124452491166574
0.07535101     0.125128876485870
0.07575181     0.125805440191830
0.07615261     0.126482183354989
0.07655341     0.127159107047900
0.07695422     0.127836212345148
0.07735502     0.128513500323364
0.07775582     0.129190972061237
0.07815662     0.129868628639527
0.07855742     0.130546471141078
0.07895822     0.131224500650833
0.07935902     0.131902718255843
0.07975982     0.132581125045285
0.08016062     0.133259722110474
0.08056142     0.133938510544874
0.08096222     0.134617491444113
0.08136302     0.135296665905997
0.08176382     0.135976035030522
0.08216462     0.136655599919889
0.08256542     0.137335361678517
0.08296622     0.138015321413056
0.08336703     0.138695480232400
0.08376783     0.139375839247706
0.08416863     0.140056399572397
0.08456943     0.140737162322188
0.08497023     0.141418128615091
0.08537103     0.142099299571431
0.08577183     0.142780676313865
0.08617263     0.143462259967388
0.08657343     0.144144051659351
0.08697423     0.144826052519476
0.08737503     0.145508263679869
0.08777583     0.146190686275033
0.08817663     0.146873321441884
0.08857743     0.147556170319765
0.08897823     0.148239234050458
0.08937903     0.148922513778199
0.08977983     0.149606010649699
0.09018064     0.150289725814147
0.09058144     0.150973660423233
0.09098224     0.151657815631160
0.09138304     0.152342192594658
0.09178384     0.153026792472999
0.09218464     0.153711616428011
0.09258544     0.154396665624095
0.09298624     0.155081941228239
0.09338704     0.155767444410030
0.09378784     0.156453176341672
0.09418864     0.157139138198001
0.09458944     0.157825331156498
0.09499024     0.158511756397305
0.09539104     0.159198415103241
0.09579184     0.159885308459816
0.09619264     0.160572437655248
0.09659344     0.161259803880475
0.09699425     0.161947408329172
0.09739505     0.162635252197770
0.09779585     0.163323336685464
0.09819665     0.164011662994236
0.09859745     0.164700232328866
0.09899825     0.165389045896948
0.09939905     0.166078104908908
0.09979985     0.166767410578017
0.10020065     0.167456964120411
0.10060145     0.168146766755099
0.10100225     0.168836819703990
0.10140305     0.169527124191899
0.10180385     0.170217681446567
0.10220465     0.170908492698679
0.10260545     0.171599559181878
0.10300625     0.172290882132780
0.10340706     0.172982462790995
0.10380786     0.173674302399136
0.10420866     0.174366402202843
0.10460946     0.175058763450796
0.10501026     0.175751387394730
0.10541106     0.176444275289454
0.10581186     0.177137428392870
0.10621266     0.177830847965983
0.10661346     0.178524535272923
0.10701426     0.179218491580961
0.10741506     0.179912718160527
0.10781586     0.180607216285223
0.10821666     0.181301987231843
0.10861746     0.181997032280394
0.10901826     0.182692352714103
0.10941906     0.183387949819446
0.10981986     0.184083824886156
0.11022067     0.184779979207248
0.11062147     0.185476414079029
0.11102227     0.186173130801123
0.11142307     0.186870130676482
0.11182387     0.187567415011412
0.11222467     0.188264985115579
0.11262547     0.188962842302040
0.11302627     0.189660987887250
0.11342707     0.190359423191088
0.11382787     0.191058149536871
0.11422867     0.191757168251372
0.11462947     0.192456480664840
0.11503027     0.193156088111020
0.11543107     0.193855991927165
0.11583187     0.194556193454063
0.11623267     0.195256694036047
0.11663347     0.195957495021022
0.11703428     0.196658597760479
0.11743508     0.197360003609513
0.11783588     0.198061713926844
0.11823668     0.198763730074837
0.11863748     0.199466053419520
0.11903828     0.200168685330599
0.11943908     0.200871627181487
0.11983988     0.201574880349312
0.12024068     0.202278446214946
0.12064148     0.202982326163018
0.12104228     0.203686521581939
0.12144308     0.204391033863914
0.12184388     0.205095864404972
0.12224468     0.205801014604976
0.12264548     0.206506485867650
0.12304628     0.207212279600596
0.12344709     0.207918397215314
0.12384789     0.208624840127225
0.12424869     0.209331609755685
0.12464949     0.210038707524013
0.12505029     0.210746134859508
0.12545109     0.211453893193468
0.12585189     0.212161983961215
0.12625269     0.212870408602109
0.12665349     0.213579168559578
0.12705429     0.214288265281133
0.12745509     0.214997700218386
0.12785589     0.215707474827081
0.12825669     0.216417590567108
0.12865749     0.217128048902522
0.12905829     0.217838851301576
0.12945909     0.218549999236729
0.12985989     0.219261494184677
0.13026070     0.219973337626370
0.13066150     0.220685531047037
0.13106230     0.221398075936206
0.13146310     0.222110973787726
0.13186390     0.222824226099791
0.13226470     0.223537834374959
0.13266550     0.224251800120181
0.13306630     0.224966124846815
0.13346710     0.225680810070653
0.13386790     0.226395857311947
0.13426870     0.227111268095424
0.13466950     0.227827043950316
0.13507030     0.228543186410380
0.13547110     0.229259697013923
0.13587190     0.229976577303821
0.13627270     0.230693828827547
0.13667351     0.231411453137192
0.13707431     0.232129451789493
0.13747511     0.232847826345847
0.13787591     0.233566578372347
0.13827671     0.234285709439798
0.13867751     0.235005221123743
0.13907831     0.235725115004488
0.13947911     0.236445392667127
0.13987991     0.237166055701562
0.14028071     0.237887105702536
0.14068151     0.238608544269648
0.14108231     0.239330373007387
0.14148311     0.240052593525148
0.14188391     0.240775207437266
0.14228471     0.241498216363034
0.14268551     0.242221621926734
0.14308631     0.242945425757656
0.14348712     0.243669629490131
0.14388792     0.244394234763551
0.14428872     0.245119243222400
0.14468952     0.245844656516272
0.14509032     0.246570476299907
0.14549112     0.247296704233211
0.14589192     0.248023341981282
0.14629272     0.248750391214442
0.14669352     0.249477853608257
0.14709432     0.250205730843569
0.14749512     0.250934024606520
0.14789592     0.251662736588582
0.14829672     0.252391868486579
0.14869752     0.253121422002720
0.14909832     0.253851398844625
0.14949912     0.254581800725350
0.14989992     0.255312629363418
0.15030073     0.256043886482846
0.15070153     0.256775573813173
0.15110233     0.257507693089486
0.15150313     0.258240246052454
0.15190393     0.258973234448351
0.15230473     0.259706660029088
0.15270553     0.260440524552240
0.15310633     0.261174829781078
0.15350713     0.261909577484592
0.15390793     0.262644769437528
0.15430873     0.263380407420413
0.15470953     0.264116493219586
0.15511033     0.264853028627226
0.15551113     0.265590015441384
0.15591193     0.266327455466014
0.15631273     0.267065350511001
0.15671354     0.267803702392192
0.15711434     0.268542512931427
0.15751514     0.269281783956570
0.15791594     0.270021517301541
0.15831674     0.270761714806344
0.15871754     0.271502378317104
0.15911834     0.272243509686090
0.15951914     0.272985110771754
0.15991994     0.273727183438761
0.16032074     0.274469729558021
0.16072154     0.275212751006717
0.16112234     0.275956249668344
0.16152314     0.276700227432740
0.16192394     0.277444686196114
0.16232474     0.278189627861083
0.16272554     0.278935054336706
0.16312634     0.279680967538515
0.16352715     0.280427369388549
0.16392795     0.281174261815388
0.16432875     0.281921646754185
0.16472955     0.282669526146706
0.16513035     0.283417901941356
0.16553115     0.284166776093221
0.16593195     0.284916150564095
0.16633275     0.285666027322523
0.16673355     0.286416408343830
0.16713435     0.287167295610159
0.16753515     0.287918691110506
0.16793595     0.288670596840755
0.16833675     0.289423014803715
0.16873755     0.290175947009154
0.16913835     0.290929395473838
0.16953915     0.291683362221565
0.16993995     0.292437849283205
0.17034076     0.293192858696732
0.17074156     0.293948392507266
0.17114236     0.294704452767107
0.17154316     0.295461041535775
0.17194396     0.296218160880046
0.17234476     0.296975812873990
0.17274556     0.297733999599010
0.17314636     0.298492723143881
0.17354716     0.299251985604788
0.17394796     0.300011789085365
0.17434876     0.300772135696732
0.17474956     0.301533027557539
0.17515036     0.302294466794001
0.17555116     0.303056455539942
0.17595196     0.303818995936831
0.17635276     0.304582090133825
0.17675357     0.305345740287809
0.17715437     0.306109948563436
0.17755517     0.306874717133170
0.17795597     0.307640048177324
0.17835677     0.308405943884106
0.17875757     0.309172406449655
0.17915837     0.309939438078090
0.17955917     0.310707040981545
0.17995997     0.311475217380220
0.18036077     0.312243969502414
0.18076157     0.313013299584576
0.18116237     0.313783209871346
0.18156317     0.314553702615596
0.18196397     0.315324780078477
0.18236477     0.316096444529463
0.18276557     0.316868698246393
0.18316637     0.317641543515519
0.18356718     0.318414982631547
0.18396798     0.319189017897687
0.18436878     0.319963651625694
0.18476958     0.320738886135917
0.18517038     0.321514723757343
0.18557118     0.322291166827645
0.18597198     0.323068217693228
0.18637278     0.323845878709274
0.18677358     0.324624152239796
0.18717438     0.325403040657676
0.18757518     0.326182546344719
0.18797598     0.326962671691699
0.18837678     0.327743419098410
0.18877758     0.328524790973714
0.18917838     0.329306789735585
0.18957918     0.330089417811163
0.18997998     0.330872677636808
0.19038079     0.331656571658141
0.19078159     0.332441102330097
0.19118239     0.333226272116982
0.19158319     0.334012083492515
0.19198399     0.334798538939884
0.19238479     0.335585640951800
0.19278559     0.336373392030541
0.19318639     0.337161794688013
0.19358719     0.337950851445797
0.19398799     0.338740564835207
0.19438879     0.339530937397335
0.19478959     0.340321971683113
0.19519039     0.341113670253364
0.19559119     0.341906035678856
0.19599199     0.342699070540354
0.19639279     0.343492777428683
0.19679360     0.344287158944773
0.19719440     0.345082217699724
0.19759520     0.345877956314857
0.19799600     0.346674377421771
0.19839680     0.347471483662402
0.19879760     0.348269277689079
0.19919840     0.349067762164580
0.19959920     0.349866939762192
0.20000000     0.350666813165772
