0.00000050     0.000000828594887
0.00040130     0.000661051911391
0.00080210     0.001321281080585
0.00120290     0.001981512037332
0.00160370     0.002641745675048
0.00200450     0.003301982886994
0.00240530     0.003962224566529
0.00280610     0.004622471607034
0.00320690     0.005282724902004
0.00360771     0.005942985344940
0.00400851     0.006603253829437
0.00440931     0.007263531249197
0.00481011     0.007923818497992
0.00521091     0.008584116469718
0.00561171     0.009244426058363
0.00601251     0.009904748158062
0.00641331     0.010565083663079
0.00681411     0.011225433467804
0.00721491     0.011885798466807
0.00761571     0.012546179554795
0.00801651     0.013206577626664
0.00841731     0.013866993577487
0.00881811     0.014527428302525
0.00921891     0.015187882697239
0.00961971     0.015848357657309
0.01002052     0.016508854078620
0.01042132     0.017169372857308
0.01082212     0.017829914889725
0.01122292     0.018490481072494
0.01162372     0.019151072302473
0.01202452     0.019811689476806
0.01242532     0.020472333492909
0.01282612     0.021133005248484
0.01322692     0.021793705641530
0.01362772     0.022454435570351
0.01402852     0.023115195933578
0.01442932     0.023775987630149
0.01483012     0.024436811559348
0.01523092     0.025097668620808
0.01563172     0.025758559714510
0.01603252     0.026419485740802
0.01643332     0.027080447600405
0.01683413     0.027741446194423
0.01723493     0.028402482424357
0.01763573     0.029063557192106
0.01803653     0.029724671399986
0.01843733     0.030385825950732
0.01883813     0.031047021747516
0.01923893     0.031708259693950
0.01963973     0.032369540694091
0.02004053     0.033030865652469
0.02044133     0.033692235474074
0.02084213     0.034353651064389
0.02124293     0.035015113329375
0.02164373     0.035676623175501
0.02204453     0.036338181509746
0.02244533     0.036999789239606
0.02284613     0.037661447273108
0.02324693     0.038323156518821
0.02364774     0.038984917885860
0.02404854     0.039646732283900
0.02444934     0.040308600623189
0.02485014     0.040970523814548
0.02525094     0.041632502769387
0.02565174     0.042294538399724
0.02605254     0.042956631618172
0.02645334     0.043618783337974
0.02685414     0.044280994472993
0.02725494     0.044943265937737
0.02765574     0.045605598647358
0.02805654     0.046267993517664
0.02845734     0.046930451465139
0.02885814     0.047592973406936
0.02925894     0.048255560260902
0.02965974     0.048918212945580
0.03006055     0.049580932380222
0.03046135     0.050243719484794
0.03086215     0.050906575179996
0.03126295     0.051569500387261
0.03166375     0.052232496028772
0.03206455     0.052895563027473
0.03246535     0.053558702307069
0.03286615     0.054221914792051
0.03326695     0.054885201407694
0.03366775     0.055548563080073
0.03406855     0.056212000736070
0.03446935     0.056875515303388
0.03487015     0.057539107710559
0.03527095     0.058202778886949
0.03567175     0.058866529762781
0.03607255     0.059530361269132
0.03647335     0.060194274337951
0.03687416     0.060858269902066
0.03727496     0.061522348895196
0.03767576     0.062186512251960
0.03807656     0.062850760907888
0.03847736     0.063515095799430
0.03887816     0.064179517863969
0.03927896     0.064844028039829
0.03967976     0.065508627266285
0.04008056     0.066173316483577
0.04048136     0.066838096632915
0.04088216     0.067502968656494
0.04128296     0.068167933497501
0.04168376     0.068832992100129
0.04208456     0.069498145409583
0.04248536     0.070163394372097
0.04288616     0.070828739934935
0.04328696     0.071494183046413
0.04368777     0.072159724655898
0.04408857     0.072825365713829
0.04448937     0.073491107171718
0.04489017     0.074156949982169
0.04529097     0.074822895098881
0.04569177     0.075488943476667
0.04609257     0.076155096071457
0.04649337     0.076821353840313
0.04689417     0.077487717741437
0.04729497     0.078154188734186
0.04769577     0.078820767779077
0.04809657     0.079487455837801
0.04849737     0.080154253873236
0.04889817     0.080821162849452
0.04929897     0.081488183731729
0.04969977     0.082155317486558
0.05010058     0.082822565081664
0.05050138     0.083489927486007
0.05090218     0.084157405669797
0.05130298     0.084825000604506
0.05170378     0.085492713262876
0.05210458     0.086160544618930
0.05250538     0.086828495647988
0.05290618     0.087496567326673
0.05330698     0.088164760632922
0.05370778     0.088833076546000
0.05410858     0.089501516046511
0.05450938     0.090170080116403
0.05491018     0.090838769738990
0.05531098     0.091507585898953
0.05571178     0.092176529582356
0.05611258     0.092845601776660
0.05651338     0.093514803470725
0.05691419     0.094184135654830
0.05731499     0.094853599320683
0.05771579     0.095523195461429
0.05811659     0.096192925071662
0.05851739     0.096862789147439
0.05891819     0.097532788686291
0.05931899     0.098202924687229
0.05971979     0.098873198150765
0.06012059     0.099543610078914
0.06052139     0.100214161475215
0.06092219     0.100884853344730
0.06132299     0.101555686694069
0.06172379     0.102226662531393
0.06212459     0.102897781866429
0.06252539     0.103569045710481
0.06292619     0.104240455076440
0.06332699     0.104912010978799
0.06372780     0.105583714433663
0.06412860     0.106255566458759
0.06452940     0.106927568073452
0.06493020     0.107599720298753
0.06533100     0.108272024157333
0.06573180     0.108944480673535
0.06613260     0.109617090873383
0.06653340     0.110289855784599
0.06693420     0.110962776436610
0.06733500     0.111635853860565
0.06773580     0.112309089089340
0.06813660     0.112982483157559
0.06853740     0.113656037101599
0.06893820     0.114329751959607
0.06933900     0.115003628771508
0.06973980     0.115677668579019
0.07014061     0.116351872425664
0.07054141     0.117026241356782
0.07094221     0.117700776419541
0.07134301     0.118375478662952
0.07174381     0.119050349137880
0.07214461     0.119725388897056
0.07254541     0.120400598995088
0.07294621     0.121075980488479
0.07334701     0.121751534435634
0.07374781     0.122427261896875
0.07414861     0.123103163934455
0.07454941     0.123779241612566
0.07495021     0.124455495997358
0.07535101     0.125131928156947
0.07575181     0.125808539161428
0.07615261     0.126485330082891
0.07655341     0.127162301995432
0.07695422     0.127839455975165
0.07735502     0.128516793100237
0.07775582     0.129194314450838
0.07815662     0.129872021109219
0.07855742     0.130549914159699
0.07895822     0.131227994688683
0.07935902     0.131906263784672
0.07975982     0.132584722538278
0.08016062     0.133263372042238
0.08056142     0.133942213391424
0.08096222     0.134621247682860
0.08136302     0.135300476015732
0.08176382     0.135979899491405
0.08216462     0.136659519213432
0.08256542     0.137339336287575
0.08296622     0.138019351821807
0.08336703     0.138699566926336
0.08376783     0.139379982713617
0.08416863     0.140060600298358
0.08456943     0.140741420797545
0.08497023     0.141422445330445
0.08537103     0.142103675018629
0.08577183     0.142785110985978
0.08617263     0.143466754358704
0.08657343     0.144148606265358
0.08697423     0.144830667836849
0.08737503     0.145512940206453
0.08777583     0.146195424509831
0.08817663     0.146878121885043
0.08857743     0.147561033472561
0.08897823     0.148244160415281
0.08937903     0.148927503858540
0.08977983     0.149611064950132
0.09018064     0.150294844840321
0.09058144     0.150978844681852
0.09098224     0.151663065629971
0.09138304     0.152347508842434
0.09178384     0.153032175479528
0.09218464     0.153717066704078
0.09258544     0.154402183681471
0.09298624     0.155087527579661
0.09338704     0.155773099569191
0.09378784     0.156458900823206
0.09418864     0.157144932517465
0.09458944     0.157831195830359
0.09499024     0.158517691942926
0.09539104     0.159204422038865
0.09579184     0.159891387304553
0.09619264     0.160578588929055
0.09659344     0.161266028104147
0.09699425     0.161953706024326
0.09739505     0.162641623886825
0.09779585     0.163329782891632
0.09819665     0.164018184241504
0.09859745     0.164706829141981
0.09899825     0.165395718801403
0.09939905     0.166084854430926
0.09979985     0.166774237244537
0.10020065     0.167463868459069
0.10060145     0.168153749294219
0.10100225     0.168843880972563
0.10140305     0.169534264719571
0.10180385     0.170224901763623
0.10220465     0.170915793336028
0.10260545     0.171606940671037
0.10300625     0.172298345005859
0.10340706     0.172990007580681
0.10380786     0.173681929638680
0.10420866     0.174374112426041
0.10460946     0.175066557191977
0.10501026     0.175759265188738
0.10541106     0.176452237671635
0.10581186     0.177145475899053
0.10621266     0.177838981132467
0.10661346     0.178532754636464
0.10701426     0.179226797678751
0.10741506     0.179921111530181
0.10781586     0.180615697464763
0.10821666     0.181310556759687
0.10861746     0.182005690695331
0.10901826     0.182701100555288
0.10941906     0.183396787626375
0.10981986     0.184092753198657
0.11022067     0.184788998565461
0.11062147     0.185485525023395
0.11102227     0.186182333872363
0.11142307     0.186879426415587
0.11182387     0.187576803959620
0.11222467     0.188274467814369
0.11262547     0.188972419293105
0.11302627     0.189670659712492
0.11342707     0.190369190392595
0.11382787     0.191068012656905
0.11422867     0.191767127832350
0.11462947     0.192466537249323
0.11503027     0.193166242241692
0.11543107     0.193866244146821
0.11583187     0.194566544305592
0.11623267     0.195267144062415
0.11663347     0.195968044765259
0.11703428     0.196669247765660
0.11743508     0.197370754418744
0.11783588     0.198072566083247
0.11823668     0.198774684121532
0.11863748     0.199477109899610
0.11903828     0.200179844787156
0.11943908     0.200882890157533
0.11983988     0.201586247387806
0.12024068     0.202289917858767
0.12064148     0.202993902954949
0.12104228     0.203698204064649
0.12144308     0.204402822579948
0.12184388     0.205107759896730
0.12224468     0.205813017414699
0.12264548     0.206518596537405
0.12304628     0.207224498672256
0.12344709     0.207930725230549
0.12384789     0.208637277627479
0.12424869     0.209344157282166
0.12464949     0.210051365617675
0.12505029     0.210758904061033
0.12545109     0.211466774043254
0.12585189     0.212174976999356
0.12625269     0.212883514368385
0.12665349     0.213592387593432
0.12705429     0.214301598121660
0.12745509     0.215011147404317
0.12785589     0.215721036896765
0.12825669     0.216431268058497
0.12865749     0.217141842353158
0.12905829     0.217852761248570
0.12945909     0.218564026216751
0.12985989     0.219275638733934
0.13026070     0.219987600280595
0.13066150     0.220699912341473
0.13106230     0.221412576405586
0.13146310     0.222125593966262
0.13186390     0.222838966521157
0.13226470     0.223552695572275
0.13266550     0.224266782625996
0.13306630     0.224981229193091
0.13346710     0.225696036788754
0.13386790     0.226411206932617
0.13426870     0.227126741148776
0.13466950     0.227842640965814
0.13507030     0.228558907916825
0.13547110     0.229275543539435
0.13587190     0.229992549375825
0.13627270     0.230709926972758
0.13667351     0.231427677881599
0.13707431     0.232145803658341
0.13747511     0.232864305863625
0.13787591     0.233583186062771
0.13827671     0.234302445825795
0.13867751     0.235022086727435
0.13907831     0.235742110347178
0.13947911     0.236462518269283
0.13987991     0.237183312082803
0.14028071     0.237904493381611
0.14068151     0.238626063764429
0.14108231     0.239348024834846
0.14148311     0.240070378201347
0.14188391     0.240793125477337
0.14228471     0.241516268281168
0.14268551     0.242239808236163
0.14308631     0.242963746970639
0.14348712     0.243688086117938
0.14388792     0.244412827316447
0.14428872     0.245137972209631
0.14468952     0.245863522446051
0.14509032     0.246589479679395
0.14549112     0.247315845568504
0.14589192     0.248042621777398
0.14629272     0.248769809975303
0.14669352     0.249497411836674
0.14709432     0.250225429041228
0.14749512     0.250953863273967
0.14789592     0.251682716225206
0.14829672     0.252411989590600
0.14869752     0.253141685071173
0.14909832     0.253871804373342
0.14949912     0.254602349208951
0.14989992     0.255333321295291
0.15030073     0.256064722355134
0.15070153     0.256796554116758
0.15110233     0.257528818313979
0.15150313     0.258261516686173
0.15190393     0.258994650978311
0.15230473     0.259728222940985
0.15270553     0.260462234330436
0.15310633     0.261196686908587
0.15350713     0.261931582443066
0.15390793     0.262666922707240
0.15430873     0.263402709480245
0.15470953     0.264138944547012
0.15511033     0.264875629698301
0.15551113     0.265612766730726
0.15591193     0.266350357446791
0.15631273     0.267088403654917
0.15671354     0.267826907169471
0.15711434     0.268565869810802
0.15751514     0.269305293405266
0.15791594     0.270045179785260
0.15831674     0.270785530789254
0.15871754     0.271526348261821
0.15911834     0.272267634053666
0.15951914     0.273009390021665
0.15991994     0.273751618028888
0.16032074     0.274494319944639
0.16072154     0.275237497644482
0.16112234     0.275981153010277
0.16152314     0.276725287930212
0.16192394     0.277469904298835
0.16232474     0.278215004017086
0.16272554     0.278960588992336
0.16312634     0.279706661138412
0.16352715     0.280453222375635
0.16392795     0.281200274630855
0.16432875     0.281947819837479
0.16472955     0.282695859935516
0.16513035     0.283444396871598
0.16553115     0.284193432599025
0.16593195     0.284942969077795
0.16633275     0.285693008274637
0.16673355     0.286443552163052
0.16713435     0.287194602723343
0.16753515     0.287946161942655
0.16793595     0.288698231815004
0.16833675     0.289450814341322
0.16873755     0.290203911529483
0.16913835     0.290957525394349
0.16953915     0.291711657957800
0.16993995     0.292466311248774
0.17034076     0.293221487303300
0.17074156     0.293977188164541
0.17114236     0.294733415882828
0.17154316     0.295490172515696
0.17194396     0.296247460127925
0.17234476     0.297005280791577
0.17274556     0.297763636586034
0.17314636     0.298522529598037
0.17354716     0.299281961921723
0.17394796     0.300041935658666
0.17434876     0.300802452917917
0.17474956     0.301563515816040
0.17515036     0.302325126477153
0.17555116     0.303087287032972
0.17595196     0.303849999622843
0.17635276     0.304613266393792
0.17675357     0.305377089500555
0.17715437     0.306141471105628
0.17755517     0.306906413379306
0.17795597     0.307671918499718
0.17835677     0.308437988652878
0.17875757     0.309204626032720
0.17915837     0.309971832841144
0.17955917     0.310739611288054
0.17995997     0.311507963591408
0.18036077     0.312276891977252
0.18076157     0.313046398679770
0.18116237     0.313816485941322
0.18156317     0.314587156012496
0.18196397     0.315358411152141
0.18236477     0.316130253627419
0.18276557     0.316902685713846
0.18316637     0.317675709695340
0.18356718     0.318449327864263
0.18396798     0.319223542521465
0.18436878     0.319998355976335
0.18476958     0.320773770546842
0.18517038     0.321549788559584
0.18557118     0.322326412349831
0.18597198     0.323103644261577
0.18637278     0.323881486647581
0.18677358     0.324659941869421
0.18717438     0.325439012297533
0.18757518     0.326218700311269
0.18797598     0.326999008298935
0.18837678     0.327779938657849
0.18877758     0.328561493794384
0.18917838     0.329343676124018
0.18957918     0.330126488071382
0.18997998     0.330909932070317
0.19038079     0.331694010563914
0.19078159     0.332478726004570
0.19118239     0.333264080854041
0.19158319     0.334050077583485
0.19198399     0.334836718673523
0.19238479     0.335624006614284
0.19278559     0.336411943905456
0.19318639     0.337200533056347
0.19358719     0.337989776585928
0.19398799     0.338779677022892
0.19438879     0.339570236905705
0.19478959     0.340361458782657
0.19519039     0.341153345211926
0.19559119     0.341945898761620
0.19599199     0.342739122009838
0.19639279     0.343533017544728
0.19679360     0.344327587964534
0.19719440     0.345122835877661
0.19759520     0.345918763902727
0.19799600     0.346715374668615
0.19839680     0.347512670814540
0.19879760     0.348310654990098
0.19919840     0.349109329855328
0.19959920     0.349908698080768
0.20000000     0.350708762347515
