0.00000050     0.000000625822852
0.00040130     0.000000628176115
0.00080210     0.000002509582083
0.00120290     0.000005644242420
0.00160370     0.000010032195620
0.00200450     0.000015673496413
0.00240530     0.000022568214251
0.00280610     0.000030716434529
0.00320690     0.000040118258094
0.00360771     0.000050773801207
0.00400851     0.000062683195933
0.00440931     0.000075846589626
0.00481011     0.000090264145356
0.00521091     0.000105936041769
0.00561171     0.000122862473038
0.00601251     0.000141043649030
0.00641331     0.000160479795215
0.00681411     0.000181171152718
0.00721491     0.000203117978330
0.00761571     0.000226320544570
0.00801651     0.000250779139656
0.00841731     0.000276494067586
0.00881811     0.000303465648079
0.00921891     0.000331694216726
0.00961971     0.000361180124898
0.01002052     0.000391923739860
0.01042132     0.000423925444755
0.01082212     0.000457185638675
0.01122292     0.000491704736654
0.01162372     0.000527483169748
0.01202452     0.000564521385034
0.01242532     0.000602819845672
0.01282612     0.000642379030939
0.01322692     0.000683199436262
0.01362772     0.000725281573281
0.01402852     0.000768625969862
0.01442932     0.000813233170167
0.01483012     0.000859103734697
0.01523092     0.000906238240319
0.01563172     0.000954637280339
0.01603252     0.001004301464545
0.01643332     0.001055231419248
0.01683413     0.001107427787340
0.01723493     0.001160891228353
0.01763573     0.001215622418502
0.01803653     0.001271622050753
0.01843733     0.001328890834867
0.01883813     0.001387429497468
0.01923893     0.001447238782096
0.01963973     0.001508319449267
0.02004053     0.001570672276541
0.02044133     0.001634298058570
0.02084213     0.001699197607178
0.02124293     0.001765371751408
0.02164373     0.001832821337607
0.02204453     0.001901547229473
0.02244533     0.001971550308130
0.02284613     0.002042831472204
0.02324693     0.002115391637875
0.02364774     0.002189231738964
0.02404854     0.002264352726996
0.02444934     0.002340755571268
0.02485014     0.002418441258933
0.02525094     0.002497410795063
0.02565174     0.002577665202732
0.02605254     0.002659205523084
0.02645334     0.002742032815415
0.02685414     0.002826148157250
0.02725494     0.002911552644417
0.02765574     0.002998247391128
0.02805654     0.003086233530060
0.02845734     0.003175512212435
0.02885814     0.003266084608099
0.02925894     0.003357951905607
0.02965974     0.003451115312301
0.03006055     0.003545576054397
0.03046135     0.003641335377070
0.03086215     0.003738394544535
0.03126295     0.003836754840135
0.03166375     0.003936417566422
0.03206455     0.004037384045253
0.03246535     0.004139655617867
0.03286615     0.004243233644977
0.03326695     0.004348119506861
0.03366775     0.004454314603443
0.03406855     0.004561820354391
0.03446935     0.004670638199202
0.03487015     0.004780769597289
0.03527095     0.004892216028080
0.03567175     0.005004978991101
0.03607255     0.005119060006073
0.03647335     0.005234460612998
0.03687416     0.005351182372258
0.03727496     0.005469226864704
0.03767576     0.005588595691747
0.03807656     0.005709290475453
0.03847736     0.005831312858639
0.03887816     0.005954664504962
0.03927896     0.006079347099017
0.03967976     0.006205362346428
0.04008056     0.006332711973943
0.04048136     0.006461397729532
0.04088216     0.006591421382475
0.04128296     0.006722784723464
0.04168376     0.006855489564692
0.04208456     0.006989537739954
0.04248536     0.007124931104735
0.04288616     0.007261671536310
0.04328696     0.007399760933840
0.04368777     0.007539201218461
0.04408857     0.007679994333388
0.04448937     0.007822142244003
0.04489017     0.007965646937949
0.04529097     0.008110510425237
0.04569177     0.008256734738324
0.04609257     0.008404321932220
0.04649337     0.008553274084576
0.04689417     0.008703593295784
0.04729497     0.008855281689066
0.04769577     0.009008341410570
0.04809657     0.009162774629464
0.04849737     0.009318583538031
0.04889817     0.009475770351757
0.04929897     0.009634337309431
0.04969977     0.009794286673231
0.05010058     0.009955620728822
0.05050138     0.010118341785440
0.05090218     0.010282452175994
0.05130298     0.010447954257150
0.05170378     0.010614850409420
0.05210458     0.010783143037257
0.05250538     0.010952834569145
0.05290618     0.011123927457681
0.05330698     0.011296424179673
0.05370778     0.011470327236221
0.05410858     0.011645639152808
0.05450938     0.011822362479386
0.05491018     0.012000499790460
0.05531098     0.012180053685180
0.05571178     0.012361026787418
0.05611258     0.012543421745858
0.05651338     0.012727241234078
0.05691419     0.012912487950630
0.05731499     0.013099164619128
0.05771579     0.013287273988326
0.05811659     0.013476818832195
0.05851739     0.013667801950011
0.05891819     0.013860226166426
0.05931899     0.014054094331553
0.05971979     0.014249409321037
0.06012059     0.014446174036136
0.06052139     0.014644391403795
0.06092219     0.014844064376717
0.06132299     0.015045195933444
0.06172379     0.015247789078424
0.06212459     0.015451846842083
0.06252539     0.015657372280897
0.06292619     0.015864368477465
0.06332699     0.016072838540568
0.06372780     0.016282785605246
0.06412860     0.016494212832863
0.06452940     0.016707123411164
0.06493020     0.016921520554351
0.06533100     0.017137407503138
0.06573180     0.017354787524816
0.06613260     0.017573663913314
0.06653340     0.017794039989255
0.06693420     0.018015919100020
0.06733500     0.018239304619803
0.06773580     0.018464199949660
0.06813660     0.018690608517578
0.06853740     0.018918533778514
0.06893820     0.019147979214457
0.06933900     0.019378948334472
0.06973980     0.019611444674754
0.07014061     0.019845471798674
0.07054141     0.020081033296827
0.07094221     0.020318132787075
0.07134301     0.020556773914596
0.07174381     0.020796960351919
0.07214461     0.021038695798971
0.07254541     0.021281983983117
0.07294621     0.021526828659196
0.07334701     0.021773233609555
0.07374781     0.022021202644093
0.07414861     0.022270739600285
0.07454941     0.022521848343223
0.07495021     0.022774532765641
0.07535101     0.023028796787948
0.07575181     0.023284644358253
0.07615261     0.023542079452393
0.07655341     0.023801106073958
0.07695422     0.024061728254316
0.07735502     0.024323950052627
0.07775582     0.024587775555874
0.07815662     0.024853208878874
0.07855742     0.025120254164297
0.07895822     0.025388915582680
0.07935902     0.025659197332444
0.07975982     0.025931103639904
0.08016062     0.026204638759277
0.08056142     0.026479806972694
0.08096222     0.026756612590208
0.08136302     0.027035059949794
0.08176382     0.027315153417358
0.08216462     0.027596897386738
0.08256542     0.027880296279703
0.08296622     0.028165354545952
0.08336703     0.028452076663111
0.08376783     0.028740467136730
0.08416863     0.029030530500272
0.08456943     0.029322271315113
0.08497023     0.029615694170522
0.08537103     0.029910803683659
0.08577183     0.030207604499554
0.08617263     0.030506101291095
0.08657343     0.030806298759015
0.08697423     0.031108201631866
0.08737503     0.031411814666005
0.08777583     0.031717142645569
0.08817663     0.032024190382451
0.08857743     0.032332962716277
0.08897823     0.032643464514376
0.08937903     0.032955700671754
0.08977983     0.033269676111059
0.09018064     0.033585395782551
0.09058144     0.033902864664071
0.09098224     0.034222087760998
0.09138304     0.034543070106217
0.09178384     0.034865816760077
0.09218464     0.035190332810353
0.09258544     0.035516623372194
0.09298624     0.035844693588091
0.09338704     0.036174548627821
0.09378784     0.036506193688403
0.09418864     0.036839633994047
0.09458944     0.037174874796102
0.09499024     0.037511921373003
0.09539104     0.037850779030217
0.09579184     0.038191453100184
0.09619264     0.038533948942258
0.09659344     0.038878271942653
0.09699425     0.039224427514373
0.09739505     0.039572421097150
0.09779585     0.039922258157385
0.09819665     0.040273944188073
0.09859745     0.040627484708738
0.09899825     0.040982885265363
0.09939905     0.041340151430316
0.09979985     0.041699288802279
0.10020065     0.042060303006170
0.10060145     0.042423199693067
0.10100225     0.042787984540131
0.10140305     0.043154663250522
0.10180385     0.043523241553321
0.10220465     0.043893725203442
0.10260545     0.044266119981554
0.10300625     0.044640431693988
0.10340706     0.045016666172650
0.10380786     0.045394829274933
0.10420866     0.045774926883624
0.10460946     0.046156964906813
0.10501026     0.046540949277797
0.10541106     0.046926885954984
0.10581186     0.047314780921797
0.10621266     0.047704640186571
0.10661346     0.048096469782459
0.10701426     0.048490275767326
0.10741506     0.048886064223645
0.10781586     0.049283841258393
0.10821666     0.049683613002950
0.10861746     0.050085385612981
0.10901826     0.050489165268335
0.10941906     0.050894958172932
0.10981986     0.051302770554653
0.11022067     0.051712608665222
0.11062147     0.052124478780097
0.11102227     0.052538387198352
0.11142307     0.052954340242558
0.11182387     0.053372344258669
0.11222467     0.053792405615896
0.11262547     0.054214530706593
0.11302627     0.054638725946131
0.11342707     0.055064997772773
0.11382787     0.055493352647553
0.11422867     0.055923797054147
0.11462947     0.056356337498750
0.11503027     0.056790980509944
0.11543107     0.057227732638568
0.11583187     0.057666600457591
0.11623267     0.058107590561982
0.11663347     0.058550709568569
0.11703428     0.058995964115914
0.11743508     0.059443360864172
0.11783588     0.059892906494961
0.11823668     0.060344607711221
0.11863748     0.060798471237078
0.11903828     0.061254503817702
0.11943908     0.061712712219172
0.11983988     0.062173103228332
0.12024068     0.062635683652654
0.12064148     0.063100460320088
0.12104228     0.063567440078923
0.12144308     0.064036629797644
0.12184388     0.064508036364785
0.12224468     0.064981666688785
0.12264548     0.065457527697836
0.12304628     0.065935626339744
0.12344709     0.066415969581771
0.12384789     0.066898564410498
0.12424869     0.067383417831661
0.12464949     0.067870536870015
0.12505029     0.068359928569172
0.12545109     0.068851599991455
0.12585189     0.069345558217745
0.12625269     0.069841810347325
0.12665349     0.070340363497731
0.12705429     0.070841224804596
0.12745509     0.071344401421493
0.12785589     0.071849900519784
0.12825669     0.072357729288463
0.12865749     0.072867894933995
0.12905829     0.073380404680168
0.12945909     0.073895265767931
0.12985989     0.074412485455235
0.13026070     0.074932071016881
0.13066150     0.075454029744353
0.13106230     0.075978368945670
0.13146310     0.076505095945217
0.13186390     0.077034218083594
0.13226470     0.077565742717451
0.13266550     0.078099677219330
0.13306630     0.078636028977505
0.13346710     0.079174805395823
0.13386790     0.079716013893543
0.13426870     0.080259661905172
0.13466950     0.080805756880307
0.13507030     0.081354306283479
0.13547110     0.081905317593980
0.13587190     0.082458798305713
0.13627270     0.083014755927025
0.13667351     0.083573197980547
0.13707431     0.084134132003034
0.13747511     0.084697565545200
0.13787591     0.085263506171561
0.13827671     0.085831961460272
0.13867751     0.086402939002964
0.13907831     0.086976446404583
0.13947911     0.087552491283234
0.13987991     0.088131081270011
0.14028071     0.088712224008845
0.14068151     0.089295927156335
0.14108231     0.089882198381597
0.14148311     0.090471045366094
0.14188391     0.091062475803479
0.14228471     0.091656497399440
0.14268551     0.092253117871533
0.14308631     0.092852344949027
0.14348712     0.093454186372741
0.14388792     0.094058649894890
0.14428872     0.094665743278921
0.14468952     0.095275474299362
0.14509032     0.095887850741655
0.14549112     0.096502880402004
0.14589192     0.097120571087218
0.14629272     0.097740930614550
0.14669352     0.098363966811548
0.14709432     0.098989687515892
0.14749512     0.099618100575241
0.14789592     0.100249213847078
0.14829672     0.100883035198557
0.14869752     0.101519572506349
0.14909832     0.102158833656483
0.14949912     0.102800826544201
0.14989992     0.103445559073801
0.15030073     0.104093039158485
0.15070153     0.104743274720212
0.15110233     0.105396273689540
0.15150313     0.106052044005486
0.15190393     0.106710593615366
0.15230473     0.107371930474653
0.15270553     0.108036062546828
0.15310633     0.108702997803233
0.15350713     0.109372744222921
0.15390793     0.110045309792512
0.15430873     0.110720702506049
0.15470953     0.111398930364855
0.15511033     0.112080001377383
0.15551113     0.112763923559078
0.15591193     0.113450704932232
0.15631273     0.114140353525847
0.15671354     0.114832877375489
0.15711434     0.115528284523149
0.15751514     0.116226583017108
0.15791594     0.116927780911795
0.15831674     0.117631886267647
0.15871754     0.118338907150983
0.15911834     0.119048851633853
0.15951914     0.119761727793918
0.15991994     0.120477543714304
0.16032074     0.121196307483478
0.16072154     0.121918027195108
0.16112234     0.122642710947939
0.16152314     0.123370366845657
0.16192394     0.124101002996762
0.16232474     0.124834627514438
0.16272554     0.125571248516428
0.16312634     0.126310874124904
0.16352715     0.127053512466343
0.16392795     0.127799171671401
0.16432875     0.128547859874791
0.16472955     0.129299585215160
0.16513035     0.130054355834962
0.16553115     0.130812179880345
0.16593195     0.131573065501025
0.16633275     0.132337020850168
0.16673355     0.133104054084274
0.16713435     0.133874173363057
0.16753515     0.134647386849334
0.16793595     0.135423702708901
0.16833675     0.136203129110429
0.16873755     0.136985674225341
0.16913835     0.137771346227710
0.16953915     0.138560153294138
0.16993995     0.139352103603654
0.17034076     0.140147205337597
0.17074156     0.140945466679516
0.17114236     0.141746895815057
0.17154316     0.142551500931859
0.17194396     0.143359290219446
0.17234476     0.144170271869126
0.17274556     0.144984454073891
0.17314636     0.145801845028302
0.17354716     0.146622452928404
0.17394796     0.147446285971614
0.17434876     0.148273352356624
0.17474956     0.149103660283308
0.17515036     0.149937217952617
0.17555116     0.150774033566486
0.17595196     0.151614115327742
0.17635276     0.152457471440002
0.17675357     0.153304110107585
0.17715437     0.154154039535417
0.17755517     0.155007267928938
0.17795597     0.155863803494017
0.17835677     0.156723654436853
0.17875757     0.157586828963892
0.17915837     0.158453335281740
0.17955917     0.159323181597066
0.17995997     0.160196376116532
0.18036077     0.161072927046690
0.18076157     0.161952842593908
0.18116237     0.162836130964282
0.18156317     0.163722800363556
0.18196397     0.164612858997035
0.18236477     0.165506315069506
0.18276557     0.166403176785157
0.18316637     0.167303452347501
0.18356718     0.168207149959285
0.18396798     0.169114277822426
0.18436878     0.170024844137922
0.18476958     0.170938857105781
0.18517038     0.171856324924941
0.18557118     0.172777255793198
0.18597198     0.173701657907125
0.18637278     0.174629539462004
0.18677358     0.175560908651745
0.18717438     0.176495773668821
0.18757518     0.177434142704187
0.18797598     0.178376023947211
0.18837678     0.179321425585605
0.18877758     0.180270355805349
0.18917838     0.181222822790621
0.18957918     0.182178834723730
0.18997998     0.183138399785042
0.19038079     0.184101526152912
0.19078159     0.185068222003615
0.19118239     0.186038495511277
0.19158319     0.187012354847804
0.19198399     0.187989808182818
0.19238479     0.188970863683587
0.19278559     0.189955529514954
0.19318639     0.190943813839274
0.19358719     0.191935724816343
0.19398799     0.192931270603333
0.19438879     0.193930459354723
0.19478959     0.194933299222233
0.19519039     0.195939798354756
0.19559119     0.196949964898292
0.19599199     0.197963806995875
0.19639279     0.198981332787515
0.19679360     0.200002550410125
0.19719440     0.201027467997452
0.19759520     0.202056093680012
0.19799600     0.203088435585021
0.19839680     0.204124501836327
0.19879760     0.205164300554340
0.19919840     0.206207839855966
0.19959920     0.207255127854532
0.20000000     0.208306172659722
