0.00000050     0.000000210182040
0.00040130     0.000000001437280
0.00080210     0.000000011476174
0.00120290     0.000000038707899
0.00160370     0.000000091722963
0.00200450     0.000000179111835
0.00240530     0.000000309464213
0.00280610     0.000000491369446
0.00320690     0.000000733415988
0.00360771     0.000001044191553
0.00400851     0.000001432282811
0.00440931     0.000001906275378
0.00481011     0.000002474753659
0.00521091     0.000003146300739
0.00561171     0.000003929498235
0.00601251     0.000004832926177
0.00641331     0.000005865162957
0.00681411     0.000007034785101
0.00721491     0.000008350367230
0.00761571     0.000009820481912
0.00801651     0.000011453699520
0.00841731     0.000013258588165
0.00881811     0.000015243713519
0.00921891     0.000017417638735
0.00961971     0.000019788924305
0.01002052     0.000022366127955
0.01042132     0.000025157804515
0.01082212     0.000028172505795
0.01122292     0.000031418780487
0.01162372     0.000034905174021
0.01202452     0.000038640228464
0.01242532     0.000042632482388
0.01282612     0.000046890470768
0.01322692     0.000051422724834
0.01362772     0.000056237771982
0.01402852     0.000061344135647
0.01442932     0.000066750335175
0.01483012     0.000072464885708
0.01523092     0.000078496298086
0.01563172     0.000084853078691
0.01603252     0.000091543729366
0.01643332     0.000098576747282
0.01683413     0.000105960624813
0.01723493     0.000113703849433
0.01763573     0.000121814903592
0.01803653     0.000130302264604
0.01843733     0.000139174404518
0.01883813     0.000148439790019
0.01923893     0.000158106882303
0.01963973     0.000168184136960
0.02004053     0.000178680003859
0.02044133     0.000189602927031
0.02084213     0.000200961344566
0.02124293     0.000212763688479
0.02164373     0.000225018384609
0.02204453     0.000237733852498
0.02244533     0.000250918505281
0.02284613     0.000264580749571
0.02324693     0.000278728985338
0.02364774     0.000293371605805
0.02404854     0.000308516997334
0.02444934     0.000324173539306
0.02485014     0.000340349604015
0.02525094     0.000357053556548
0.02565174     0.000374293754686
0.02605254     0.000392078548776
0.02645334     0.000410416281634
0.02685414     0.000429315288421
0.02725494     0.000448783896536
0.02765574     0.000468830425517
0.02805654     0.000489463186910
0.02845734     0.000510690484174
0.02885814     0.000532520612568
0.02925894     0.000554961859035
0.02965974     0.000578022502098
0.03006055     0.000601710811757
0.03046135     0.000626035049365
0.03086215     0.000651003467535
0.03126295     0.000676624310022
0.03166375     0.000702905811622
0.03206455     0.000729856198060
0.03246535     0.000757483685880
0.03286615     0.000785796482352
0.03326695     0.000814802785352
0.03366775     0.000844510783258
0.03406855     0.000874928654851
0.03446935     0.000906064569203
0.03487015     0.000937926685578
0.03527095     0.000970523153321
0.03567175     0.001003862111758
0.03607255     0.001037951690091
0.03647335     0.001072800007297
0.03687416     0.001108415172017
0.03727496     0.001144805282466
0.03767576     0.001181978426319
0.03807656     0.001219942680613
0.03847736     0.001258706111647
0.03887816     0.001298276774882
0.03927896     0.001338662714832
0.03967976     0.001379871964975
0.04008056     0.001421912547643
0.04048136     0.001464792473929
0.04088216     0.001508519743587
0.04128296     0.001553102344926
0.04168376     0.001598548254720
0.04208456     0.001644865438109
0.04248536     0.001692061848493
0.04288616     0.001740145427446
0.04328696     0.001789124104614
0.04368777     0.001839005797614
0.04408857     0.001889798411948
0.04448937     0.001941509840898
0.04489017     0.001994147965433
0.04529097     0.002047720654121
0.04569177     0.002102235763027
0.04609257     0.002157701135620
0.04649337     0.002214124602682
0.04689417     0.002271513982217
0.04729497     0.002329877079348
0.04769577     0.002389221686237
0.04809657     0.002449555581988
0.04849737     0.002510886532554
0.04889817     0.002573222290648
0.04929897     0.002636570595654
0.04969977     0.002700939173534
0.05010058     0.002766335736737
0.05050138     0.002832767984117
0.05090218     0.002900243600836
0.05130298     0.002968770258281
0.05170378     0.003038355613973
0.05210458     0.003109007311483
0.05250538     0.003180732980340
0.05290618     0.003253540235952
0.05330698     0.003327436679510
0.05370778     0.003402429897911
0.05410858     0.003478527463669
0.05450938     0.003555736934831
0.05491018     0.003634065854890
0.05531098     0.003713521752708
0.05571178     0.003794112142426
0.05611258     0.003875844523382
0.05651338     0.003958726380032
0.05691419     0.004042765181866
0.05731499     0.004127968383325
0.05771579     0.004214343423721
0.05811659     0.004301897727159
0.05851739     0.004390638702452
0.05891819     0.004480573743044
0.05931899     0.004571710226930
0.05971979     0.004664055516581
0.06012059     0.004757616958857
0.06052139     0.004852401884938
0.06092219     0.004948417610242
0.06132299     0.005045671434347
0.06172379     0.005144170640919
0.06212459     0.005243922497631
0.06252539     0.005344934256091
0.06292619     0.005447213151766
0.06332699     0.005550766403904
0.06372780     0.005655601215467
0.06412860     0.005761724773046
0.06452940     0.005869144246801
0.06493020     0.005977866790380
0.06533100     0.006087899540843
0.06573180     0.006199249618602
0.06613260     0.006311924127339
0.06653340     0.006425930153937
0.06693420     0.006541274768416
0.06733500     0.006657965023851
0.06773580     0.006776007956315
0.06813660     0.006895410584800
0.06853740     0.007016179911154
0.06893820     0.007138322920009
0.06933900     0.007261846578715
0.06973980     0.007386757837273
0.07014061     0.007513063628266
0.07054141     0.007640770866794
0.07094221     0.007769886450408
0.07134301     0.007900417259043
0.07174381     0.008032370154953
0.07214461     0.008165751982647
0.07254541     0.008300569568823
0.07294621     0.008436829722308
0.07334701     0.008574539233990
0.07374781     0.008713704876755
0.07414861     0.008854333405429
0.07454941     0.008996431556711
0.07495021     0.009140006049113
0.07535101     0.009285063582897
0.07575181     0.009431610840019
0.07615261     0.009579654484063
0.07655341     0.009729201160183
0.07695422     0.009880257495040
0.07735502     0.010032830096754
0.07775582     0.010186925554828
0.07815662     0.010342550440105
0.07855742     0.010499711304700
0.07895822     0.010658414681947
0.07935902     0.010818667086340
0.07975982     0.010980475013477
0.08016062     0.011143844940005
0.08056142     0.011308783323560
0.08096222     0.011475296602714
0.08136302     0.011643391196920
0.08176382     0.011813073506457
0.08216462     0.011984349912373
0.08256542     0.012157226776435
0.08296622     0.012331710441070
0.08336703     0.012507807229320
0.08376783     0.012685523444780
0.08416863     0.012864865371550
0.08456943     0.013045839274182
0.08497023     0.013228451397631
0.08537103     0.013412707967194
0.08577183     0.013598615188473
0.08617263     0.013786179247313
0.08657343     0.013975406309756
0.08697423     0.014166302521990
0.08737503     0.014358874010300
0.08777583     0.014553126881019
0.08817663     0.014749067220478
0.08857743     0.014946701094956
0.08897823     0.015146034550635
0.08937903     0.015347073613549
0.08977983     0.015549824289537
0.09018064     0.015754292564200
0.09058144     0.015960484402844
0.09098224     0.016168405750445
0.09138304     0.016378062531592
0.09178384     0.016589460650449
0.09218464     0.016802605990706
0.09258544     0.017017504415532
0.09298624     0.017234161767531
0.09338704     0.017452583868700
0.09378784     0.017672776520379
0.09418864     0.017894745503211
0.09458944     0.018118496577096
0.09499024     0.018344035481147
0.09539104     0.018571367933649
0.09579184     0.018800499632012
0.09619264     0.019031436252731
0.09659344     0.019264183451341
0.09699425     0.019498746862378
0.09739505     0.019735132099333
0.09779585     0.019973344754614
0.09819665     0.020213390399498
0.09859745     0.020455274584097
0.09899825     0.020699002837312
0.09939905     0.020944580666796
0.09979985     0.021192013558906
0.10020065     0.021441306978671
0.10060145     0.021692466369746
0.10100225     0.021945497154377
0.10140305     0.022200404733352
0.10180385     0.022457194485973
0.10220465     0.022715871770008
0.10260545     0.022976441921654
0.10300625     0.023238910255500
0.10340706     0.023503282064486
0.10380786     0.023769562619865
0.10420866     0.024037757171162
0.10460946     0.024307870946141
0.10501026     0.024579909150762
0.10541106     0.024853876969144
0.10581186     0.025129779563530
0.10621266     0.025407622074244
0.10661346     0.025687409619659
0.10701426     0.025969147296155
0.10741506     0.026252840178084
0.10781586     0.026538493317734
0.10821666     0.026826111745287
0.10861746     0.027115700468788
0.10901826     0.027407264474104
0.10941906     0.027700808724893
0.10981986     0.027996338162556
0.11022067     0.028293857706214
0.11062147     0.028593372252661
0.11102227     0.028894886676336
0.11142307     0.029198405829280
0.11182387     0.029503934541102
0.11222467     0.029811477618945
0.11262547     0.030121039847448
0.11302627     0.030432625988711
0.11342707     0.030746240782257
0.11382787     0.031061888944999
0.11422867     0.031379575171203
0.11462947     0.031699304132450
0.11503027     0.032021080477605
0.11543107     0.032344908832779
0.11583187     0.032670793801287
0.11623267     0.032998739963627
0.11663347     0.033328751877429
0.11703428     0.033660834077428
0.11743508     0.033994991075428
0.11783588     0.034331227360261
0.11823668     0.034669547397758
0.11863748     0.035009955630709
0.11903828     0.035352456478829
0.11943908     0.035697054338720
0.11983988     0.036043753583841
0.12024068     0.036392558564463
0.12064148     0.036743473607642
0.12104228     0.037096503017178
0.12144308     0.037451651073580
0.12184388     0.037808922034032
0.12224468     0.038168320132355
0.12264548     0.038529849578968
0.12304628     0.038893514560859
0.12344709     0.039259319241541
0.12384789     0.039627267761022
0.12424869     0.039997364235763
0.12464949     0.040369612758644
0.12505029     0.040744017398929
0.12545109     0.041120582202225
0.12585189     0.041499311190449
0.12625269     0.041880208361788
0.12665349     0.042263277690661
0.12705429     0.042648523127688
0.12745509     0.043035948599641
0.12785589     0.043425558009419
0.12825669     0.043817355236003
0.12865749     0.044211344134416
0.12905829     0.044607528535691
0.12945909     0.045005912246829
0.12985989     0.045406499050760
0.13026070     0.045809292706306
0.13066150     0.046214296948141
0.13106230     0.046621515486752
0.13146310     0.047030952008401
0.13186390     0.047442610175082
0.13226470     0.047856493624486
0.13266550     0.048272605969956
0.13306630     0.048690950800450
0.13346710     0.049111531680501
0.13386790     0.049534352150172
0.13426870     0.049959415725021
0.13466950     0.050386725896056
0.13507030     0.050816286129693
0.13547110     0.051248099867716
0.13587190     0.051682170527234
0.13627270     0.052118501500642
0.13667351     0.052557096155571
0.13707431     0.052997957834854
0.13747511     0.053441089856476
0.13787591     0.053886495513533
0.13827671     0.054334178074190
0.13867751     0.054784140781634
0.13907831     0.055236386854030
0.13947911     0.055690919484478
0.13987991     0.056147741840967
0.14028071     0.056606857066328
0.14068151     0.057068268278193
0.14108231     0.057531978568942
0.14148311     0.057997991005662
0.14188391     0.058466308630099
0.14228471     0.058936934458607
0.14268551     0.059409871482109
0.14308631     0.059885122666038
0.14348712     0.060362690950299
0.14388792     0.060842579249213
0.14428872     0.061324790451472
0.14468952     0.061809327420086
0.14509032     0.062296192992339
0.14549112     0.062785389979730
0.14589192     0.063276921167932
0.14629272     0.063770789316735
0.14669352     0.064266997159992
0.14709432     0.064765547405575
0.14749512     0.065266442735317
0.14789592     0.065769685804957
0.14829672     0.066275279244094
0.14869752     0.066783225656129
0.14909832     0.067293527618209
0.14949912     0.067806187681175
0.14989992     0.068321208369506
0.15030073     0.068838592181264
0.15070153     0.069358341588038
0.15110233     0.069880459034886
0.15150313     0.070404946940279
0.15190393     0.070931807696043
0.15230473     0.071461043667302
0.15270553     0.071992657192419
0.15310633     0.072526650582935
0.15350713     0.073063026123514
0.15390793     0.073601786071876
0.15430873     0.074142932658745
0.15470953     0.074686468087779
0.15511033     0.075232394535518
0.15551113     0.075780714151311
0.15591193     0.076331429057262
0.15631273     0.076884541348164
0.15671354     0.077440053091434
0.15711434     0.077997966327049
0.15751514     0.078558283067483
0.15791594     0.079121005297639
0.15831674     0.079686134974785
0.15871754     0.080253674028488
0.15911834     0.080823624360544
0.15951914     0.081395987844912
0.15991994     0.081970766327646
0.16032074     0.082547961626827
0.16072154     0.083127575532491
0.16112234     0.083709609806561
0.16152314     0.084294066182776
0.16192394     0.084880946366621
0.16232474     0.085470252035253
0.16272554     0.086061984837428
0.16312634     0.086656146393433
0.16352715     0.087252738295007
0.16392795     0.087851762105270
0.16432875     0.088453219358647
0.16472955     0.089057111560794
0.16513035     0.089663440188519
0.16553115     0.090272206689710
0.16593195     0.090883412483253
0.16633275     0.091497058958958
0.16673355     0.092113147477478
0.16713435     0.092731679370232
0.16753515     0.093352655939324
0.16793595     0.093976078457463
0.16833675     0.094601948167883
0.16873755     0.095230266284259
0.16913835     0.095861033990628
0.16953915     0.096494252441304
0.16993995     0.097129922760796
0.17034076     0.097768046043723
0.17074156     0.098408623354730
0.17114236     0.099051655728401
0.17154316     0.099697144169177
0.17194396     0.100345089651263
0.17234476     0.100995493118549
0.17274556     0.101648355484515
0.17314636     0.102303677632146
0.17354716     0.102961460413844
0.17394796     0.103621704651333
0.17434876     0.104284411135577
0.17474956     0.104949580626681
0.17515036     0.105617213853803
0.17555116     0.106287311515063
0.17595196     0.106959874277448
0.17635276     0.107634902776719
0.17675357     0.108312397617317
0.17715437     0.108992359372268
0.17755517     0.109674788583089
0.17795597     0.110359685759691
0.17835677     0.111047051380282
0.17875757     0.111736885891270
0.17915837     0.112429189707167
0.17955917     0.113123963210488
0.17995997     0.113821206751652
0.18036077     0.114520920648886
0.18076157     0.115223105188122
0.18116237     0.115927760622893
0.18156317     0.116634887174240
0.18196397     0.117344485030601
0.18236477     0.118056554347715
0.18276557     0.118771095248515
0.18316637     0.119488107823027
0.18356718     0.120207592128263
0.18396798     0.120929548188118
0.18436878     0.121653975993263
0.18476958     0.122380875501043
0.18517038     0.123110246635362
0.18557118     0.123842089286588
0.18597198     0.124576403311434
0.18637278     0.125313188532856
0.18677358     0.126052444739942
0.18717438     0.126794171687806
0.18757518     0.127538369097473
0.18797598     0.128285036655774
0.18837678     0.129034174015231
0.18877758     0.129785780793950
0.18917838     0.130539856575505
0.18957918     0.131296400908827
0.18997998     0.132055413308095
0.19038079     0.132816893252618
0.19078159     0.133580840186723
0.19118239     0.134347253519643
0.19158319     0.135116132625399
0.19198399     0.135887476842689
0.19238479     0.136661285474768
0.19278559     0.137437557789337
0.19318639     0.138216293018424
0.19358719     0.138997490358269
0.19398799     0.139781148969205
0.19438879     0.140567267975544
0.19478959     0.141355846465456
0.19519039     0.142146883490853
0.19559119     0.142940378067271
0.19599199     0.143736329173751
0.19639279     0.144534735752717
0.19679360     0.145335596709865
0.19719440     0.146138910914033
0.19759520     0.146944677197089
0.19799600     0.147752894353809
0.19839680     0.148563561141754
0.19879760     0.149376676281155
0.19919840     0.150192238454787
0.19959920     0.151010246307850
0.20000000     0.151830698447849
