0.00000050     0.000000000233408
0.00040130     0.000000794711605
0.00080210     0.000003174890470
0.00120290     0.000007140548915
0.00160370     0.000012691704992
0.00200450     0.000019828384534
0.00240530     0.000028550619917
0.00280610     0.000038858451344
0.00320690     0.000050751926284
0.00360771     0.000064231099088
0.00400851     0.000079296031947
0.00440931     0.000095946793789
0.00481011     0.000114183461162
0.00521091     0.000134006117855
0.00561171     0.000155414854610
0.00601251     0.000178409769890
0.00641331     0.000202990969155
0.00681411     0.000229158565082
0.00721491     0.000256912677799
0.00761571     0.000286253434522
0.00801651     0.000317180969837
0.00841731     0.000349695425416
0.00881811     0.000383796950368
0.00921891     0.000419485700880
0.00961971     0.000456761840527
0.01002052     0.000495625539928
0.01042132     0.000536076977042
0.01082212     0.000578116337065
0.01122292     0.000621743812365
0.01162372     0.000666959602502
0.01202452     0.000713763914252
0.01242532     0.000762156961606
0.01282612     0.000812138965774
0.01322692     0.000863710155034
0.01362772     0.000916870764965
0.01402852     0.000971621038264
0.01442932     0.001027961224831
0.01483012     0.001085891581688
0.01523092     0.001145412372963
0.01563172     0.001206523870007
0.01603252     0.001269226351300
0.01643332     0.001333520102413
0.01683413     0.001399405416021
0.01723493     0.001466882591925
0.01763573     0.001535951937078
0.01803653     0.001606613765471
0.01843733     0.001678868398197
0.01883813     0.001752716163407
0.01923893     0.001828157396376
0.01963973     0.001905192439340
0.02004053     0.001983821641649
0.02044133     0.002064045359645
0.02084213     0.002145863956779
0.02124293     0.002229277803397
0.02164373     0.002314287276915
0.02204453     0.002400892761805
0.02244533     0.002489094649351
0.02284613     0.002578893337981
0.02324693     0.002670289232969
0.02364774     0.002763282746570
0.02404854     0.002857874298007
0.02444934     0.002954064313397
0.02485014     0.003051853225737
0.02525094     0.003151241474959
0.02565174     0.003252229507849
0.02605254     0.003354817778135
0.02645334     0.003459006746287
0.02685414     0.003564796879696
0.02725494     0.003672188652604
0.02765574     0.003781182546004
0.02805654     0.003891779047690
0.02845734     0.004003978652292
0.02885814     0.004117781861171
0.02925894     0.004233189182463
0.02965974     0.004350201131045
0.03006055     0.004468818228491
0.03046135     0.004589041003114
0.03086215     0.004710869989916
0.03126295     0.004834305730560
0.03166375     0.004959348773371
0.03206455     0.005085999673307
0.03246535     0.005214258992013
0.03286615     0.005344127297642
0.03326695     0.005475605165026
0.03366775     0.005608693175535
0.03406855     0.005743391917063
0.03446935     0.005879701984105
0.03487015     0.006017623977601
0.03527095     0.006157158505057
0.03567175     0.006298306180385
0.03607255     0.006441067624065
0.03647335     0.006585443462905
0.03687416     0.006731434330161
0.03727496     0.006879040865583
0.03767576     0.007028263715178
0.03807656     0.007179103531350
0.03847736     0.007331560972868
0.03887816     0.007485636704817
0.03927896     0.007641331398546
0.03967976     0.007798645731722
0.04008056     0.007957580388180
0.04048136     0.008118136058093
0.04088216     0.008280313437770
0.04128296     0.008444113229731
0.04168376     0.008609536142641
0.04208456     0.008776582891296
0.04248536     0.008945254196658
0.04288616     0.009115550785723
0.04328696     0.009287473391569
0.04368777     0.009461022753302
0.04408857     0.009636199616111
0.04448937     0.009813004731067
0.04489017     0.009991438855305
0.04529097     0.010171502751844
0.04569177     0.010353197189624
0.04609257     0.010536522943517
0.04649337     0.010721480794199
0.04689417     0.010908071528199
0.04729497     0.011096295937878
0.04769577     0.011286154821340
0.04809657     0.011477648982476
0.04849737     0.011670779230862
0.04889817     0.011865546381821
0.04929897     0.012061951256315
0.04969977     0.012259994680939
0.05010058     0.012459677487891
0.05050138     0.012661000514980
0.05090218     0.012863964605530
0.05130298     0.013068570608430
0.05170378     0.013274819378013
0.05210458     0.013482711774094
0.05250538     0.013692248661881
0.05290618     0.013903430912040
0.05330698     0.014116259400577
0.05370778     0.014330735008803
0.05410858     0.014546858623345
0.05450938     0.014764631136105
0.05491018     0.014984053444221
0.05531098     0.015205126450013
0.05571178     0.015427851060992
0.05611258     0.015652228189779
0.05651338     0.015878258754124
0.05691419     0.016105943676804
0.05731499     0.016335283885647
0.05771579     0.016566280313479
0.05811659     0.016798933898084
0.05851739     0.017033245582143
0.05891819     0.017269216313251
0.05931899     0.017506847043846
0.05971979     0.017746138731161
0.06012059     0.017987092337235
0.06052139     0.018229708828804
0.06092219     0.018473989177342
0.06132299     0.018719934358946
0.06172379     0.018967545354369
0.06212459     0.019216823148933
0.06252539     0.019467768732493
0.06292619     0.019720383099418
0.06332699     0.019974667248545
0.06372780     0.020230622183101
0.06412860     0.020488248910738
0.06452940     0.020747548443418
0.06493020     0.021008521797420
0.06533100     0.021271169993248
0.06573180     0.021535494055667
0.06613260     0.021801495013563
0.06653340     0.022069173899990
0.06693420     0.022338531752058
0.06733500     0.022609569610926
0.06773580     0.022882288521757
0.06813660     0.023156689533659
0.06853740     0.023432773699640
0.06893820     0.023710542076563
0.06933900     0.023989995725142
0.06973980     0.024271135709798
0.07014061     0.024553963098732
0.07054141     0.024838478963798
0.07094221     0.025124684380457
0.07134301     0.025412580427776
0.07174381     0.025702168188344
0.07214461     0.025993448748227
0.07254541     0.026286423196930
0.07294621     0.026581092627343
0.07334701     0.026877458135689
0.07374781     0.027175520821470
0.07414861     0.027475281787426
0.07454941     0.027776742139482
0.07495021     0.028079902986674
0.07535101     0.028384765441152
0.07575181     0.028691330618055
0.07615261     0.028999599635524
0.07655341     0.029309573614607
0.07695422     0.029621253679218
0.07735502     0.029934640956084
0.07775582     0.030249736574702
0.07815662     0.030566541667260
0.07855742     0.030885057368596
0.07895822     0.031205284816146
0.07935902     0.031527225149879
0.07975982     0.031850879512246
0.08016062     0.032176249048118
0.08056142     0.032503334904735
0.08096222     0.032832138231643
0.08136302     0.033162660180641
0.08176382     0.033494901905718
0.08216462     0.033828864562986
0.08256542     0.034164549310639
0.08296622     0.034501957308877
0.08336703     0.034841089719852
0.08376783     0.035181947707620
0.08416863     0.035524532438040
0.08456943     0.035868845078762
0.08497023     0.036214886799142
0.08537103     0.036562658770142
0.08577183     0.036912162164355
0.08617263     0.037263398155849
0.08657343     0.037616367920158
0.08697423     0.037971072634220
0.08737503     0.038327513476253
0.08777583     0.038685691625772
0.08817663     0.039045608263455
0.08857743     0.039407264571128
0.08897823     0.039770661731650
0.08937903     0.040135800928884
0.08977983     0.040502683347611
0.09018064     0.040871310173466
0.09058144     0.041241682592869
0.09098224     0.041613801792955
0.09138304     0.041987668961503
0.09178384     0.042363285286864
0.09218464     0.042740651957913
0.09258544     0.043119770163936
0.09298624     0.043500641094585
0.09338704     0.043883265939818
0.09378784     0.044267645889802
0.09418864     0.044653782134840
0.09458944     0.045041675865315
0.09499024     0.045431328271605
0.09539104     0.045822740544014
0.09579184     0.046215913872694
0.09619264     0.046610849447560
0.09659344     0.047007548458233
0.09699425     0.047406012093951
0.09739505     0.047806241543491
0.09779585     0.048208237995109
0.09819665     0.048612002636433
0.09859745     0.049017536654409
0.09899825     0.049424841235211
0.09939905     0.049833917564168
0.09979985     0.050244766825673
0.10020065     0.050657390203127
0.10060145     0.051071788878818
0.10100225     0.051487964033876
0.10140305     0.051905916848185
0.10180385     0.052325648500284
0.10220465     0.052747160167294
0.10260545     0.053170453024842
0.10300625     0.053595528246961
0.10340706     0.054022387006033
0.10380786     0.054451030472663
0.10420866     0.054881459815634
0.10460946     0.055313676201799
0.10501026     0.055747680795999
0.10541106     0.056183474760980
0.10581186     0.056621059257304
0.10621266     0.057060435443262
0.10661346     0.057501604474775
0.10701426     0.057944567505328
0.10741506     0.058389325685858
0.10781586     0.058835880164683
0.10821666     0.059284232087394
0.10861746     0.059734382596783
0.10901826     0.060186332832725
0.10941906     0.060640083932128
0.10981986     0.061095637028796
0.11022067     0.061552993253370
0.11062147     0.062012153733207
0.11102227     0.062473119592323
0.11142307     0.062935891951254
0.11182387     0.063400471927003
0.11222467     0.063866860632915
0.11262547     0.064335059178599
0.11302627     0.064805068669824
0.11342707     0.065276890208425
0.11382787     0.065750524892202
0.11422867     0.066225973814836
0.11462947     0.066703238065770
0.11503027     0.067182318730130
0.11543107     0.067663216888611
0.11583187     0.068145933617395
0.11623267     0.068630469988030
0.11663347     0.069116827067343
0.11703428     0.069605005917340
0.11743508     0.070095007595102
0.11783588     0.070586833152681
0.11823668     0.071080483636996
0.11863748     0.071575960089736
0.11903828     0.072073263547262
0.11943908     0.072572395040489
0.11983988     0.073073355594782
0.12024068     0.073576146229880
0.12064148     0.074080767959746
0.12104228     0.074587221792502
0.12144308     0.075095508730299
0.12184388     0.075605629769221
0.12224468     0.076117585899174
0.12264548     0.076631378103780
0.12304628     0.077147007360271
0.12344709     0.077664474639377
0.12384789     0.078183780905227
0.12424869     0.078704927115223
0.12464949     0.079227914219950
0.12505029     0.079752743163043
0.12545109     0.080279414881117
0.12585189     0.080807930303601
0.12625269     0.081338290352669
0.12665349     0.081870495943124
0.12705429     0.082404547982259
0.12745509     0.082940447369779
0.12785589     0.083478194997667
0.12825669     0.084017791750071
0.12865749     0.084559238503205
0.12905829     0.085102536125221
0.12945909     0.085647685476101
0.12985989     0.086194687407546
0.13026070     0.086743542762842
0.13066150     0.087294252376773
0.13106230     0.087846817075485
0.13146310     0.088401237676376
0.13186390     0.088957514987976
0.13226470     0.089515649809839
0.13266550     0.090075642932416
0.13306630     0.090637495136938
0.13346710     0.091201207195304
0.13386790     0.091766779869966
0.13426870     0.092334213913794
0.13466950     0.092903510069971
0.13507030     0.093474669071870
0.13547110     0.094047691642933
0.13587190     0.094622578496551
0.13627270     0.095199330335946
0.13667351     0.095777947854050
0.13707431     0.096358431733385
0.13747511     0.096940782645929
0.13787591     0.097525001253015
0.13827671     0.098111088205202
0.13867751     0.098699044142136
0.13907831     0.099288869692453
0.13947911     0.099880565473650
0.13987991     0.100474132091942
0.14028071     0.101069570142160
0.14068151     0.101666880207630
0.14108231     0.102266062860032
0.14148311     0.102867118659283
0.14188391     0.103470048153421
0.14228471     0.104074851878471
0.14268551     0.104681530358327
0.14308631     0.105290084104617
0.14348712     0.105900513616588
0.14388792     0.106512819380982
0.14428872     0.107127001871896
0.14468952     0.107743061550675
0.14509032     0.108360998865774
0.14549112     0.108980814252632
0.14589192     0.109602508133557
0.14629272     0.110226080917583
0.14669352     0.110851533000359
0.14709432     0.111478864764012
0.14749512     0.112108076577023
0.14789592     0.112739168794106
0.14829672     0.113372141756070
0.14869752     0.114006995789699
0.14909832     0.114643731207626
0.14949912     0.115282348308200
0.14989992     0.115922847375366
0.15030073     0.116565228678525
0.15070153     0.117209492472424
0.15110233     0.117855638997010
0.15150313     0.118503668477316
0.15190393     0.119153581123326
0.15230473     0.119805377129852
0.15270553     0.120459056676400
0.15310633     0.121114619927050
0.15350713     0.121772067030316
0.15390793     0.122431398119035
0.15430873     0.123092613310223
0.15470953     0.123755712704957
0.15511033     0.124420696388246
0.15551113     0.125087564428891
0.15591193     0.125756316879383
0.15631273     0.126426953775748
0.15671354     0.127099475137435
0.15711434     0.127773880967188
0.15751514     0.128450171250907
0.15791594     0.129128345957533
0.15831674     0.129808405038917
0.15871754     0.130490348429691
0.15911834     0.131174176047142
0.15951914     0.131859887791086
0.15991994     0.132547483543736
0.16032074     0.133236963169580
0.16072154     0.133928326515260
0.16112234     0.134621573409436
0.16152314     0.135316703662659
0.16192394     0.136013717067254
0.16232474     0.136712613397192
0.16272554     0.137413392407957
0.16312634     0.138116053836425
0.16352715     0.138820597400748
0.16392795     0.139527022800214
0.16432875     0.140235329715130
0.16472955     0.140945517806697
0.16513035     0.141657586716892
0.16553115     0.142371536068329
0.16593195     0.143087365464152
0.16633275     0.143805074487906
0.16673355     0.144524662703403
0.16713435     0.145246129654624
0.16753515     0.145969474865575
0.16793595     0.146694697840171
0.16833675     0.147421798062119
0.16873755     0.148150774994803
0.16913835     0.148881628081136
0.16953915     0.149614356743484
0.16993995     0.150348960383504
0.17034076     0.151085438382048
0.17074156     0.151823790099039
0.17114236     0.152564014873349
0.17154316     0.153306112022691
0.17194396     0.154050080843488
0.17234476     0.154795920610769
0.17274556     0.155543630578045
0.17314636     0.156293209977192
0.17354716     0.157044658018344
0.17394796     0.157797973889773
0.17434876     0.158553156757764
0.17474956     0.159310205766534
0.17515036     0.160069120038072
0.17555116     0.160829898672076
0.17595196     0.161592540745799
0.17635276     0.162357045313967
0.17675357     0.163123411408654
0.17715437     0.163891638039172
0.17755517     0.164661724191971
0.17795597     0.165433668830523
0.17835677     0.166207470895219
0.17875757     0.166983129303253
0.17915837     0.167760642948528
0.17955917     0.168540010701544
0.17995997     0.169321231409289
0.18036077     0.170104303895136
0.18076157     0.170889226958754
0.18116237     0.171675999375988
0.18156317     0.172464619898763
0.18196397     0.173255087254980
0.18236477     0.174047400148428
0.18276557     0.174841557258665
0.18316637     0.175637557240941
0.18356718     0.176435398726084
0.18396798     0.177235080320409
0.18436878     0.178036600605623
0.18476958     0.178839958138733
0.18517038     0.179645151451941
0.18557118     0.180452179052568
0.18597198     0.181261039422939
0.18637278     0.182071731020320
0.18677358     0.182884252276801
0.18717438     0.183698601599223
0.18757518     0.184514777369087
0.18797598     0.185332777942462
0.18837678     0.186152601649904
0.18877758     0.186974246796369
0.18917838     0.187797711661124
0.18957918     0.188622994497675
0.18997998     0.189450093533678
0.19038079     0.190279006970852
0.19078159     0.191109732984912
0.19118239     0.191942269725485
0.19158319     0.192776615316028
0.19198399     0.193612767853757
0.19238479     0.194450725409573
0.19278559     0.195290486027976
0.19318639     0.196132047727012
0.19358719     0.196975408498184
0.19398799     0.197820566306393
0.19438879     0.198667519089858
0.19478959     0.199516264760054
0.19519039     0.200366801201648
0.19559119     0.201219126272429
0.19599199     0.202073237803243
0.19639279     0.202929133597934
0.19679360     0.203786811433278
0.19719440     0.204646269058927
0.19759520     0.205507504197346
0.19799600     0.206370514543753
0.19839680     0.207235297766074
0.19879760     0.208101851504872
0.19919840     0.208970173373306
0.19959920     0.209840260957070
0.20000000     0.210712111814351
