-50.00000000     0.00000000000000000000
-49.90234375     0.00000000000000000000
-49.80468750     0.00000000000000000000
-49.70703125     0.00000000000000000000
-49.60937500     0.00000000000000000000
-49.51171875     0.00000000000000000000
-49.41406250     0.00000000000000000000
-49.31640625     0.00000000000000000000
-49.21875000     0.00000000000000000000
-49.12109375     0.00000000000000000000
-49.02343750     0.00000000000000000000
-48.92578125     0.00000000000000000000
-48.82812500     0.00000000000000000000
-48.73046875     0.00000000000000000000
-48.63281250     0.00000000000000000000
-48.53515625     0.00000000000000000000
-48.43750000     0.00000000000000000000
-48.33984375     0.00000000000000000000
-48.24218750     0.00000000000000000000
-48.14453125     0.00000000000000000000
-48.04687500     0.00000000000000000000
-47.94921875     0.00000000000000000000
-47.85156250     0.00000000000000000000
-47.75390625     0.00000000000000000000
-47.65625000     0.00000000000000000000
-47.55859375     0.00000000000000000000
-47.46093750     0.00000000000000000000
-47.36328125     0.00000000000000000000
-47.26562500     0.00000000000000000000
-47.16796875     0.00000000000000000000
-47.07031250     0.00000000000000000000
-46.97265625     0.00000000000000000000
-46.87500000     0.00000000000000000000
-46.77734375     0.00000000000000000000
-46.67968750     0.00000000000000000000
-46.58203125     0.00000000000000000000
-46.48437500     0.00000000000000000000
-46.38671875     0.00000000000000000000
-46.28906250     0.00000000000000000000
-46.19140625     0.00000000000000000000
-46.09375000     0.00000000000000000000
-45.99609375     0.00000000000000000000
-45.89843750     0.00000000000000000000
-45.80078125     0.00000000000000000000
-45.70312500     0.00000000000000000000
-45.60546875     0.00000000000000000000
-45.50781250     0.00000000000000000000
-45.41015625     0.00000000000000000000
-45.31250000     0.00000000000000000000
-45.21484375     0.00000000000000000000
-45.11718750     0.00000000000000000000
-45.01953125     0.00000000000000000000
-44.92187500     0.00000000000000000000
-44.82421875     0.00000000000000000000
-44.72656250     0.00000000000000000000
-44.62890625     0.00000000000000000000
-44.53125000     0.00000000000000000000
-44.43359375     0.00000000000000000000
-44.33593750     0.00000000000000000000
-44.23828125     0.00000000000000000000
-44.14062500     0.00000000000000000000
-44.04296875     0.00000000000000000000
-43.94531250     0.00000000000000000000
-43.84765625     0.00000000000000000000
-43.75000000     0.00000000000000000000
-43.65234375     0.00000000000000000000
-43.55468750     0.00000000000000000000
-43.45703125     0.00000000000000000000
-43.35937500     0.00000000000000000000
-43.26171875     0.00000000000000000000
-43.16406250     0.00000000000000000000
-43.06640625     0.00000000000000000000
-42.96875000     0.00000000000000000000
-42.87109375     0.00000000000000000000
-42.77343750     0.00000000000000000000
-42.67578125     0.00000000000000000000
-42.57812500     0.00000000000000000000
-42.48046875     0.00000000000000000000
-42.38281250     0.00000000000000000000
-42.28515625     0.00000000000000000000
-42.18750000     0.00000000000000000000
-42.08984375     0.00000000000000000000
-41.99218750     0.00000000000000000000
-41.89453125     0.00000000000000000000
-41.79687500     0.00000000000000000000
-41.69921875     0.00000000000000000000
-41.60156250     0.00000000000000000000
-41.50390625     0.00000000000000000000
-41.40625000     0.00000000000000000000
-41.30859375     0.00000000000000000000
-41.21093750     0.00000000000000000000
-41.11328125     0.00000000000000000000
-41.01562500     0.00000000000000000000
-40.91796875     0.00000000000000000000
-40.82031250     0.00000000000000000000
-40.72265625     0.00000000000000000000
-40.62500000     0.00000000000000000000
-40.52734375     0.00000000000000000000
-40.42968750     0.00000000000000000000
-40.33203125     0.00000000000000000000
-40.23437500     0.00000000000000000000
-40.13671875     0.00000000000000000000
-40.03906250     0.00000000000000000000
-39.94140625     0.00000000000000000000
-39.84375000     0.00000000000000000000
-39.74609375     0.00000000000000000000
-39.64843750     0.00000000000000000000
-39.55078125     0.00000000000000000000
-39.45312500     0.00000000000000000000
-39.35546875     0.00000000000000000000
-39.25781250     0.00000000000000000000
-39.16015625     0.00000000000000000000
-39.06250000     0.00000000000000000000
-38.96484375     0.00000000000000000000
-38.86718750     0.00000000000000000000
-38.76953125     0.00000000000000000000
-38.67187500     0.00000000000000000000
-38.57421875     0.00000000000000000000
-38.47656250     0.00000000000000000000
-38.37890625     0.00000000000000000000
-38.28125000     0.00000000000000000000
-38.18359375     0.00000000000000000000
-38.08593750     0.00000000000000000000
-37.98828125     0.00000000000000000000
-37.89062500     0.00000000000000000000
-37.79296875     0.00000000000000000000
-37.69531250     0.00000000000000000000
-37.59765625     0.00000000000000000000
-37.50000000     0.00000000000000000000
-37.40234375     0.00000000000000000000
-37.30468750     0.00000000000000000000
-37.20703125     0.00000000000000000000
-37.10937500     0.00000000000000000000
-37.01171875     0.00000000000000000000
-36.91406250     0.00000000000000000000
-36.81640625     0.00000000000000000000
-36.71875000     0.00000000000000000000
-36.62109375     0.00000000000000000000
-36.52343750     0.00000000000000000000
-36.42578125     0.00000000000000000000
-36.32812500     0.00000000000000000000
-36.23046875     0.00000000000000000000
-36.13281250     0.00000000000000000000
-36.03515625     0.00000000000000000000
-35.93750000     0.00000000000000000000
-35.83984375     0.00000000000000000000
-35.74218750     0.00000000000000000000
-35.64453125     0.00000000000000000000
-35.54687500     0.00000000000000000000
-35.44921875     0.00000000000000000000
-35.35156250     0.00000000000000000000
-35.25390625     0.00000000000000000000
-35.15625000     0.00000000000000000000
-35.05859375     0.00000000000000000000
-34.96093750     0.00000000000000000000
-34.86328125     0.00000000000000000000
-34.76562500     0.00000000000000000000
-34.66796875     0.00000000000000000000
-34.57031250     0.00000000000000000000
-34.47265625     0.00000000000000000000
-34.37500000     0.00000000000000000000
-34.27734375     0.00000000000000000000
-34.17968750     0.00000000000000000000
-34.08203125     0.00000000000000000000
-33.98437500     0.00000000000000000000
-33.88671875     0.00000000000000000000
-33.78906250     0.00000000000000000000
-33.69140625     0.00000000000000000000
-33.59375000     0.00000000000000000000
-33.49609375     0.00000000000000000000
-33.39843750     0.00000000000000000000
-33.30078125     0.00000000000000000000
-33.20312500     0.00000000000000000000
-33.10546875     0.00000000000000000000
-33.00781250     0.00000000000000000000
-32.91015625     0.00000000000000000000
-32.81250000     0.00000000000000000000
-32.71484375     0.00000000000000000000
-32.61718750     0.00000000000000000000
-32.51953125     0.00000000000000000000
-32.42187500     0.00000000000000000000
-32.32421875     0.00000000000000000000
-32.22656250     0.00000000000000000000
-32.12890625     0.00000000000000000000
-32.03125000     0.00000000000000000000
-31.93359375     0.00000000000000000000
-31.83593750     0.00000000000000000000
-31.73828125     0.00000000000000000000
-31.64062500     0.00000000000000000000
-31.54296875     0.00000000000000000000
-31.44531250     0.00000000000000000000
-31.34765625     0.00000000000000000000
-31.25000000     0.00000000000000000000
-31.15234375     0.00000000000000000000
-31.05468750     0.00000000000000000000
-30.95703125     0.00000000000000000000
-30.85937500     0.00000000000000000000
-30.76171875     0.00000000000000000000
-30.66406250     0.00000000000000000000
-30.56640625     0.00000000000000000000
-30.46875000     0.00000000000000000000
-30.37109375     0.00000000000000000000
-30.27343750     0.00000000000000000000
-30.17578125     0.00000000000000000000
-30.07812500     0.00000000000000000000
-29.98046875     0.00000000000000000000
-29.88281250     0.00000000000000000000
-29.78515625     0.00000000000000000000
-29.68750000     0.00000000000000000000
-29.58984375     0.00000000000000000000
-29.49218750     0.00000000000000000000
-29.39453125     0.00000000000000000000
-29.29687500     0.00000000000000000000
-29.19921875     0.00000000000000000000
-29.10156250     0.00000000000000000000
-29.00390625     0.00000000000000000000
-28.90625000     0.00000000000000000000
-28.80859375     0.00000000000000000000
-28.71093750     0.00000000000000000000
-28.61328125     0.00000000000000000000
-28.51562500     0.00000000000000000000
-28.41796875     0.00000000000000000000
-28.32031250     0.00000000000000000000
-28.22265625     0.00000000000000000000
-28.12500000     0.00000000000000000000
-28.02734375     0.00000000000000000000
-27.92968750     0.00000000000000000000
-27.83203125     0.00000000000000000000
-27.73437500     0.00000000000000000000
-27.63671875     0.00000000000000000000
-27.53906250     0.00000000000000000000
-27.44140625     0.00000000000000000000
-27.34375000     0.00000000000000000000
-27.24609375     0.00000000000000000000
-27.14843750     0.00000000000000000000
-27.05078125     0.00000000000000000000
-26.95312500     0.00000000000000000000
-26.85546875     0.00000000000000000000
-26.75781250     0.00000000000000000000
-26.66015625     0.00000000000000000000
-26.56250000     0.00000000000000000000
-26.46484375     0.00000000000000000000
-26.36718750     0.00000000000000000000
-26.26953125     0.00000000000000000000
-26.17187500     0.00000000000000000000
-26.07421875     0.00000000000000000000
-25.97656250     0.00000000000000000000
-25.87890625     0.00000000000000000000
-25.78125000     0.00000000000000000000
-25.68359375     0.00000000000000000000
-25.58593750     0.00000000000000000000
-25.48828125     0.00000000000000000000
-25.39062500     0.00000000000000000000
-25.29296875     0.00000000000000000000
-25.19531250     0.00000000000000000000
-25.09765625     0.00000000000000000000
-25.00000000     0.00000000000000000000
-24.90234375     0.00000000000000000000
-24.80468750     0.00000000000000000000
-24.70703125     0.00000000000000000000
-24.60937500     0.00000000000000000000
-24.51171875     0.00000000000000000000
-24.41406250     0.00000000000000000000
-24.31640625     0.00000000000000000000
-24.21875000     0.00000000000000000000
-24.12109375     0.00000000000000000000
-24.02343750     0.00000000000000000000
-23.92578125     0.00000000000000000000
-23.82812500     0.00000000000000000000
-23.73046875     0.00000000000000000000
-23.63281250     0.00000000000000000000
-23.53515625     0.00000000000000000000
-23.43750000     0.00000000000000000000
-23.33984375     0.00000000000000000000
-23.24218750     0.00000000000000000000
-23.14453125     0.00000000000000000000
-23.04687500     0.00000000000000000000
-22.94921875     0.00000000000000000000
-22.85156250     0.00000000000000000000
-22.75390625     0.00000000000000000000
-22.65625000     0.00000000000000000000
-22.55859375     0.00000000000000000000
-22.46093750     0.00000000000000000000
-22.36328125     0.00000000000000000000
-22.26562500     0.00000000000000000000
-22.16796875     0.00000000000000000000
-22.07031250     0.00000000000000000000
-21.97265625     0.00000000000000000000
-21.87500000     0.00000000000000000000
-21.77734375     0.00000000000000000000
-21.67968750     0.00000000000000000000
-21.58203125     0.00000000000000000000
-21.48437500     0.00000000000000000000
-21.38671875     0.00000000000000000000
-21.28906250     0.00000000000000000000
-21.19140625     0.00000000000000000000
-21.09375000     0.00000000000000000000
-20.99609375     0.00000000000000000000
-20.89843750     0.00000000000000000000
-20.80078125     0.00000000000000000000
-20.70312500     0.00000000000000000000
-20.60546875     0.00000000000000000000
-20.50781250     0.00000000000000000000
-20.41015625     0.00000000000000000000
-20.31250000     0.00000000000000000000
-20.21484375     0.00000000000000000000
-20.11718750     0.00000000000000000000
-20.01953125     0.00000000000000000000
-19.92187500     0.00000000000000000000
-19.82421875     0.00000000000000000000
-19.72656250     0.00000000000000000000
-19.62890625     0.00000000000000000000
-19.53125000     0.00000000000000000000
-19.43359375     0.00000000000000000000
-19.33593750     0.00000000000000000000
-19.23828125     0.00000000000000000000
-19.14062500     0.00000000000000000000
-19.04296875     0.00000000000000000000
-18.94531250     0.00000000000000000000
-18.84765625     0.00000000000000000000
-18.75000000     0.00000000000000000000
-18.65234375     0.00000000000000000000
-18.55468750     0.00000000000000000000
-18.45703125     0.00000000000000000000
-18.35937500     0.00000000000000000000
-18.26171875     0.00000000000000000000
-18.16406250     0.00000000000000000000
-18.06640625     0.00000000000000000000
-17.96875000     -0.00000000000000000000
-17.87109375     0.00000000000000000000
-17.77343750     0.00000000000000000000
-17.67578125     0.00000000000000000000
-17.57812500     0.00000000000000000000
-17.48046875     0.00000000000000000000
-17.38281250     0.00000000000000000000
-17.28515625     0.00000000000000000000
-17.18750000     0.00000000000000000000
-17.08984375     0.00000000000000000000
-16.99218750     0.00000000000000000000
-16.89453125     0.00000000000000000000
-16.79687500     0.00000000000000000000
-16.69921875     0.00000000000000000000
-16.60156250     0.00000000000000000000
-16.50390625     0.00000000000000000000
-16.40625000     0.00000000000000000000
-16.30859375     0.00000000000000000000
-16.21093750     -0.00000000000000000000
-16.11328125     0.00000000000000000000
-16.01562500     0.00000000000000000000
-15.91796875     0.00000000000000000000
-15.82031250     0.00000000000000000000
-15.72265625     0.00000000000000000000
-15.62500000     0.00000000000000000000
-15.52734375     0.00000000000000000000
-15.42968750     0.00000000000000000000
-15.33203125     0.00000000000000000000
-15.23437500     0.00000000000000000000
-15.13671875     0.00000000000000000000
-15.03906250     0.00000000000000000000
-14.94140625     0.00000000000000000000
-14.84375000     0.00000000000000000000
-14.74609375     0.00000000000000000000
-14.64843750     0.00000000000000000000
-14.55078125     0.00000000000000000000
-14.45312500     0.00000000000000000000
-14.35546875     0.00000000000000000000
-14.25781250     0.00000000000000000000
-14.16015625     0.00000000000000000000
-14.06250000     0.00000000000000000000
-13.96484375     0.00000000000000000000
-13.86718750     0.00000000000000000000
-13.76953125     0.00000000000000000000
-13.67187500     0.00000000000000000000
-13.57421875     0.00000000000000000000
-13.47656250     0.00000000000000000000
-13.37890625     0.00000000000000000000
-13.28125000     0.00000000000000000000
-13.18359375     0.00000000000000000000
-13.08593750     0.00000000000000000000
-12.98828125     0.00000000000000000000
-12.89062500     -0.00000000000000000000
-12.79296875     0.00000000000000000000
-12.69531250     0.00000000000000000000
-12.59765625     0.00000000000000000000
-12.50000000     0.00000000000000000000
-12.40234375     0.00000000000000000000
-12.30468750     0.00000000000000000000
-12.20703125     0.00000000000000000000
-12.10937500     0.00000000000000000000
-12.01171875     0.00000000000000000000
-11.91406250     0.00000000000000000000
-11.81640625     0.00000000000000000000
-11.71875000     0.00000000000000000000
-11.62109375     0.00000000000000000000
-11.52343750     0.00000000000000000000
-11.42578125     0.00000000000000000000
-11.32812500     0.00000000000000000000
-11.23046875     0.00000000000000000000
-11.13281250     0.00000000000000000000
-11.03515625     0.00000000000000000000
-10.93750000     0.00000000000000000000
-10.83984375     0.00000000000000000000
-10.74218750     0.00000000000000000000
-10.64453125     0.00000000000000000000
-10.54687500     0.00000000000000000000
-10.44921875     0.00000000000000000000
-10.35156250     0.00000000000000000000
-10.25390625     0.00000000000000000000
-10.15625000     0.00000000000000000000
-10.05859375     0.00000000000000000000
-9.96093750     0.00000000000000000000
-9.86328125     0.00000000000000000000
-9.76562500     0.00000000000000000000
-9.66796875     0.00000000000000000000
-9.57031250     0.00000000000000000000
-9.47265625     0.00000000000000000000
-9.37500000     0.00000000000000000000
-9.27734375     0.00000000000000000000
-9.17968750     0.00000000000000000000
-9.08203125     0.00000000000000000000
-8.98437500     0.00000000000000000000
-8.88671875     0.00000000000000000000
-8.78906250     0.00000000000000000000
-8.69140625     0.00000000000000000000
-8.59375000     0.00000000000000000000
-8.49609375     0.00000000000000000000
-8.39843750     -0.00000000000000000000
-8.30078125     -0.00000000000000000000
-8.20312500     -0.00000000000000000000
-8.10546875     -0.00000000000000000000
-8.00781250     -0.00000000000000000000
-7.91015625     -0.00000000000000000000
-7.81250000     -0.00000000000000000000
-7.71484375     -0.00000000000000000000
-7.61718750     -0.00000000000000000000
-7.51953125     -0.00000000000000000000
-7.42187500     -0.00000000000000000000
-7.32421875     -0.00000000000000000000
-7.22656250     -0.00000000000000000000
-7.12890625     -0.00000000000000000000
-7.03125000     -0.00000000000000000000
-6.93359375     -0.00000000000000000000
-6.83593750     -0.00000000000000000000
-6.73828125     -0.00000000000000000000
-6.64062500     -0.00000000000000000000
-6.54296875     -0.00000000000000000000
-6.44531250     -0.00000000000000000000
-6.34765625     -0.00000000000000000000
-6.25000000     -0.00000000000000000000
-6.15234375     -0.00000000000000000000
-6.05468750     -0.00000000000000000000
-5.95703125     -0.00000000000000000000
-5.85937500     -0.00000000000000000000
-5.76171875     -0.00000000000000000000
-5.66406250     -0.00000000000000000000
-5.56640625     -0.00000000000000000000
-5.46875000     -0.00000000000000000000
-5.37109375     -0.00000000000000000000
-5.27343750     -0.00000000000000000000
-5.17578125     -0.00000000000000000000
-5.07812500     -0.00000000000000000000
-4.98046875     -0.00000000000000000000
-4.88281250     -0.00000000000000000000
-4.78515625     -0.00000000000000000000
-4.68750000     -0.00000000000000000000
-4.58984375     -0.00000000000000000000
-4.49218750     -0.00000000000000000000
-4.39453125     -0.00000000000000000000
-4.29687500     -0.00000000000000000000
-4.19921875     -0.00000000000000000000
-4.10156250     -0.00000000000000000000
-4.00390625     -0.00000000000000000000
-3.90625000     -0.00000000000000000000
-3.80859375     -0.00000000000000000000
-3.71093750     -0.00000000000000000000
-3.61328125     0.00000000000000000000
-3.51562500     -0.00000000000000000000
-3.41796875     -0.00000000000000000000
-3.32031250     -0.00000000000000000000
-3.22265625     -0.00000000000000000000
-3.12500000     -0.00000000000000000000
-3.02734375     -0.00000000000000000000
-2.92968750     -0.00000000000000000000
-2.83203125     -0.00000000000000000000
-2.73437500     -0.00000000000000000000
-2.63671875     -0.00000000000000000000
-2.53906250     0.00000000000000000000
-2.44140625     -0.00000000000000000000
-2.34375000     -0.00000000000000000000
-2.24609375     -0.00000000000000000000
-2.14843750     -0.00000000000000000000
-2.05078125     -0.00000000000000000000
-1.95312500     -0.00000000000000000000
-1.85546875     -0.00000000000000000000
-1.75781250     -0.00000000000000000000
-1.66015625     -0.00000000000000000000
-1.56250000     -0.00000000000000000000
-1.46484375     -0.00000000000000000000
-1.36718750     -0.00000000000000000000
-1.26953125     -0.00000000000000000000
-1.17187500     -0.00000000000000000000
-1.07421875     -0.00000000000000000000
-0.97656250     -0.00000000000000000000
-0.87890625     -0.00000000000000000000
-0.78125000     -0.00000000000000000000
-0.68359375     -0.00000000000000000000
-0.58593750     -0.00000000000000000000
-0.48828125     -0.00000000000000000000
-0.39062500     -0.00000000000000000000
-0.29296875     -0.00000000000000000000
-0.19531250     -0.00000000000000000000
-0.09765625     -0.00000000000000000000
0.00000000     -0.00000000000000000000
0.09765625     -0.00000000000000000000
0.19531250     0.00000000000000000000
0.29296875     -0.00000000000000000000
0.39062500     -0.00000000000000000000
0.48828125     -0.00000000000000000000
0.58593750     -0.00000000000000000000
0.68359375     -0.00000000000000000000
0.78125000     -0.00000000000000000000
0.87890625     -0.00000000000000000000
0.97656250     -0.00000000000000000000
1.07421875     -0.00000000000000000000
1.17187500     -0.00000000000000000000
1.26953125     -0.00000000000000000000
1.36718750     0.00000000000000000000
1.46484375     0.00000000000000000000
1.56250000     -0.00000000000000000000
1.66015625     -0.00000000000000000000
1.75781250     -0.00000000000000000000
1.85546875     -0.00000000000000000000
1.95312500     -0.00000000000000000000
2.05078125     -0.00000000000000000000
2.14843750     -0.00000000000000000000
2.24609375     -0.00000000000000000000
2.34375000     -0.00000000000000000000
2.44140625     -0.00000000000000000000
2.53906250     -0.00000000000000000000
2.63671875     -0.00000000000000000000
2.73437500     -0.00000000000000000000
2.83203125     -0.00000000000000000000
2.92968750     -0.00000000000000000000
3.02734375     -0.00000000000000000000
3.12500000     -0.00000000000000000000
3.22265625     -0.00000000000000000000
3.32031250     -0.00000000000000000000
3.41796875     -0.00000000000000000000
3.51562500     -0.00000000000000000000
3.61328125     -0.00000000000000000000
3.71093750     0.00000000000000000000
3.80859375     -0.00000000000000000000
3.90625000     0.00000000000000000000
4.00390625     -0.00000000000000000000
4.10156250     -0.00000000000000000000
4.19921875     -0.00000000000000000000
4.29687500     -0.00000000000000000000
4.39453125     0.00000000000000000000
4.49218750     -0.00000000000000000000
4.58984375     -0.00000000000000000000
4.68750000     -0.00000000000000000404
4.78515625     -0.00000000000000000048
4.88281250     -0.00000000000000000017
4.98046875     -0.00000000000000003912
5.07812500     -0.00000000000000000643
5.17578125     -0.00000000000000003333
5.27343750     -0.00000000000000002374
5.37109375     -0.00000000000000002325
5.46875000     -0.00000000000000002179
5.56640625     -0.00000000000000002959
5.66406250     -0.00000000000003884167
5.76171875     -0.00000000006725264326
5.85937500     -0.00000025264548332500
5.95703125     -0.00000001521057658020
6.05468750     -0.00000000777675140935
6.15234375     -0.00000047134637566000
6.25000000     -0.00000010643231611300
6.34765625     -0.00000162520517835000
6.44531250     -0.00000070638998437100
6.54296875     -0.00000064165604758600
6.64062500     -0.00000177645038744000
6.73828125     -0.00002253425873650000
6.83593750     -0.00000946321836483000
6.93359375     -0.00001805572468700000
7.03125000     -0.00002129733217650000
7.12890625     -0.00002289369858060000
7.22656250     -0.00002373686629360000
7.32421875     -0.00002429141337090000
7.42187500     -0.00002501241901470000
7.51953125     -0.00002601531524480000
7.61718750     -0.00002683991000690000
7.71484375     -0.00002706398139830000
7.81250000     -0.00002621968884890000
7.91015625     -0.00002472778257600000
8.00781250     -0.00002319942590990000
8.10546875     -0.00002199644039490000
8.20312500     -0.00002106929914110000
8.30078125     -0.00002003947740510000
8.39843750     -0.00001835120787710000
8.49609375     -0.00001540136634360000
8.59375000     -0.00001048102228650000
8.69140625     -0.00000241912768980000
8.78906250     0.00001085594792220000
8.88671875     0.00003247174135320000
8.98437500     0.00006649177963460000
9.08203125     0.00011799564140200000
9.17968750     0.00019375887955600001
9.27734375     0.00030343796461699998
9.37500000     0.00046087138476800003
9.47265625     0.00068521625434300000
9.57031250     0.00100181353756000004
9.66796875     0.00144300539282000008
9.76562500     0.00204918676645999978
9.86328125     0.00287002710906999981
9.96093750     0.00396564631134000041
10.05859375     0.00540703142365999995
10.15625000     0.00727528663278999982
10.25390625     0.00966034861427999929
10.35156250     0.01265990479450000011
10.44921875     0.01637821663530000110
10.54687500     0.02092379871450000123
10.64453125     0.02640551472719999959
10.74218750     0.03292795523269999997
10.83984375     0.04058746127139999799
10.93750000     0.04946878875269999920
11.03515625     0.05964030436630000237
11.13281250     0.07114671804949999900
11.23046875     0.08400229862659999713
11.32812500     0.09818537331839999327
11.42578125     0.11362695552399999788
11.52343750     0.13018913585499999885
11.62109375     0.14764233982999999673
11.71875000     0.16565227866400000778
11.81640625     0.18377688349400000956
11.91406250     0.20147143590899999066
12.01171875     0.21810578564399998869
12.10937500     0.23300077370300001367
12.20703125     0.24546945184999999223
12.30468750     0.25472034080000000023
12.40234375     0.26025739751799997768
12.50000000     0.26211735728399998546
12.59765625     0.26149161639300000370
12.69531250     0.25621924615100000189
12.79296875     0.24608967480999999200
12.89062500     0.23335848751599999606
12.98828125     0.21852971695599998636
13.08593750     0.20192460593200001195
13.18359375     0.18422811648000000928
13.28125000     0.16609044724399998905
13.37890625     0.14805886973599999279
13.47656250     0.13057573622199999952
13.57421875     0.11397519957000000479
13.67187500     0.09848976386240000658
13.76953125     0.08426463912499999875
13.86718750     0.07137488502769999410
13.96484375     0.05984191523750000130
14.06250000     0.04964741213749999937
14.16015625     0.04074399403509999795
14.25781250     0.03306293724759999664
14.35546875     0.02651975879550000012
14.45312500     0.02101855232090000039
14.55078125     0.01645577624770000122
14.64843750     0.01272387933120000016
14.74609375     0.00971484991373000074
14.84375000     0.00732356730330000014
14.94140625     0.00545074127521999983
15.03906250     0.00400524054654999989
15.13671875     0.00290568692802000003
15.23437500     0.00208128831986000018
15.33203125     0.00147197424472999996
15.42968750     0.00102796679629000003
15.52734375     0.00070894516656199997
15.62500000     0.00048286591943100000
15.72265625     0.00032478772553500002
15.82031250     0.00021574028212500000
15.91796875     0.00014152041181799999
16.01562500     0.00009167471752370001
16.11328125     0.00005864019301910000
16.21093750     0.00003703493409170000
16.30859375     0.00002309031674320000
16.40625000     0.00001420856689300000
16.50390625     0.00000862637126139000
16.60156250     0.00000516481800444000
16.69921875     0.00000304739966133000
16.79687500     0.00000177015373639000
16.89453125     0.00000101075850965000
16.99218750     0.00000056604735854400
17.08984375     0.00000030981029113400
17.18750000     0.00000016477996965300
17.28515625     0.00000008434430499230
17.38281250     0.00000004080321153730
17.48046875     0.00000001794809112280
17.57812500     0.00000000644687780587
17.67578125     0.00000000101946616413
17.77343750     -0.00000000126594016309
17.87109375     -0.00000000199898353165
17.96875000     -0.00000000202020037148
18.06640625     -0.00000000175724952081
18.16406250     -0.00000000141767623857
18.26171875     -0.00000000109350583302
18.35937500     -0.00000000081881998656
18.45703125     -0.00000000060040327238
18.55468750     -0.00000000043337729300
18.65234375     -0.00000000030900217989
18.75000000     -0.00000000021804966986
18.84765625     -0.00000000015311639099
18.94531250     -0.00000000010661745029
19.04296875     -0.00000000007384831712
19.14062500     -0.00000000005097389062
19.23828125     -0.00000000003512791839
19.33593750     -0.00000000002422516983
19.43359375     -0.00000000001676802365
19.53125000     -0.00000000001169273669
19.62890625     -0.00000000000825114775
19.72656250     -0.00000000000592179459
19.82421875     -0.00000000000434437004
19.92187500     -0.00000000000326892210
20.01953125     -0.00000000000276742439
20.11718750     -0.00000000000223831249
20.21484375     -0.00000000000184977062
20.31250000     -0.00000000000155759413
20.41015625     -0.00000000000132822753
20.50781250     -0.00000000000113977538
20.60546875     -0.00000000000097802642
20.70312500     -0.00000000000083382535
20.80078125     -0.00000000000070132167
20.89843750     -0.00000000000057680869
20.99609375     -0.00000000000045795966
21.09375000     -0.00000000000034332961
21.19140625     -0.00000000000023500195
21.28906250     -0.00000000000010555884
21.38671875     -0.00000000000002641828
21.48437500     0.00000000000000000000
21.58203125     0.00000000000000000000
21.67968750     0.00000000000000000000
21.77734375     0.00000000000000000000
21.87500000     0.00000000000000000000
21.97265625     0.00000000000000000000
22.07031250     0.00000000000000000000
22.16796875     0.00000000000000000000
22.26562500     0.00000000000000000000
22.36328125     0.00000000000000000000
22.46093750     0.00000000000000000000
22.55859375     0.00000000000000000000
22.65625000     0.00000000000000000000
22.75390625     0.00000000000000000000
22.85156250     0.00000000000000000000
22.94921875     0.00000000000000000000
23.04687500     0.00000000000000000000
23.14453125     0.00000000000000000000
23.24218750     0.00000000000000000000
23.33984375     0.00000000000000000000
23.43750000     0.00000000000000000000
23.53515625     0.00000000000000000000
23.63281250     0.00000000000000000000
23.73046875     0.00000000000000000000
23.82812500     0.00000000000000000000
23.92578125     0.00000000000000000000
24.02343750     0.00000000000000000000
24.12109375     0.00000000000000000000
24.21875000     0.00000000000000000000
24.31640625     0.00000000000000000000
24.41406250     0.00000000000000000000
24.51171875     0.00000000000000000000
24.60937500     0.00000000000000000000
24.70703125     0.00000000000000000000
24.80468750     0.00000000000000000000
24.90234375     0.00000000000000000000
