-50.00000000     0.00000000000000000000
-49.90234375     0.00000000000000000000
-49.80468750     0.00000000000000000000
-49.70703125     0.00000000000000000000
-49.60937500     0.00000000000000000000
-49.51171875     0.00000000000000000000
-49.41406250     0.00000000000000000000
-49.31640625     0.00000000000000000000
-49.21875000     0.00000000000000000000
-49.12109375     0.00000000000000000000
-49.02343750     0.00000000000000000000
-48.92578125     0.00000000000000000000
-48.82812500     0.00000000000000000000
-48.73046875     0.00000000000000000000
-48.63281250     0.00000000000000000000
-48.53515625     0.00000000000000000000
-48.43750000     0.00000000000000000000
-48.33984375     0.00000000000000000000
-48.24218750     0.00000000000000000000
-48.14453125     0.00000000000000000000
-48.04687500     0.00000000000000000000
-47.94921875     0.00000000000000000000
-47.85156250     0.00000000000000000000
-47.75390625     0.00000000000000000000
-47.65625000     0.00000000000000000000
-47.55859375     0.00000000000000000000
-47.46093750     0.00000000000000000000
-47.36328125     0.00000000000000000000
-47.26562500     0.00000000000000000000
-47.16796875     0.00000000000000000000
-47.07031250     0.00000000000000000000
-46.97265625     0.00000000000000000000
-46.87500000     0.00000000000000000000
-46.77734375     0.00000000000000000000
-46.67968750     0.00000000000000000000
-46.58203125     0.00000000000000000000
-46.48437500     0.00000000000000000000
-46.38671875     0.00000000000000000000
-46.28906250     0.00000000000000000000
-46.19140625     0.00000000000000000000
-46.09375000     0.00000000000000000000
-45.99609375     0.00000000000000000000
-45.89843750     0.00000000000000000000
-45.80078125     0.00000000000000000000
-45.70312500     0.00000000000000000000
-45.60546875     0.00000000000000000000
-45.50781250     0.00000000000000000000
-45.41015625     0.00000000000000000000
-45.31250000     0.00000000000000000000
-45.21484375     0.00000000000000000000
-45.11718750     0.00000000000000000000
-45.01953125     0.00000000000000000000
-44.92187500     0.00000000000000000000
-44.82421875     0.00000000000000000000
-44.72656250     0.00000000000000000000
-44.62890625     0.00000000000000000000
-44.53125000     0.00000000000000000000
-44.43359375     0.00000000000000000000
-44.33593750     0.00000000000000000000
-44.23828125     0.00000000000000000000
-44.14062500     0.00000000000000000000
-44.04296875     0.00000000000000000000
-43.94531250     0.00000000000000000000
-43.84765625     0.00000000000000000000
-43.75000000     0.00000000000000000000
-43.65234375     0.00000000000000000000
-43.55468750     0.00000000000000000000
-43.45703125     0.00000000000000000000
-43.35937500     0.00000000000000000000
-43.26171875     0.00000000000000000000
-43.16406250     0.00000000000000000000
-43.06640625     0.00000000000000000000
-42.96875000     0.00000000000000000000
-42.87109375     0.00000000000000000000
-42.77343750     0.00000000000000000000
-42.67578125     0.00000000000000000000
-42.57812500     0.00000000000000000000
-42.48046875     0.00000000000000000000
-42.38281250     0.00000000000000000000
-42.28515625     0.00000000000000000000
-42.18750000     0.00000000000000000000
-42.08984375     0.00000000000000000000
-41.99218750     0.00000000000000000000
-41.89453125     0.00000000000000000000
-41.79687500     0.00000000000000000000
-41.69921875     0.00000000000000000000
-41.60156250     0.00000000000000000000
-41.50390625     0.00000000000000000000
-41.40625000     0.00000000000000000000
-41.30859375     0.00000000000000000000
-41.21093750     0.00000000000000000000
-41.11328125     0.00000000000000000000
-41.01562500     0.00000000000000000000
-40.91796875     0.00000000000000000000
-40.82031250     0.00000000000000000000
-40.72265625     0.00000000000000000000
-40.62500000     0.00000000000000000000
-40.52734375     0.00000000000000000000
-40.42968750     0.00000000000000000000
-40.33203125     0.00000000000000000000
-40.23437500     0.00000000000000000000
-40.13671875     0.00000000000000000000
-40.03906250     0.00000000000000000000
-39.94140625     0.00000000000000000000
-39.84375000     0.00000000000000000000
-39.74609375     0.00000000000000000000
-39.64843750     0.00000000000000000000
-39.55078125     0.00000000000000000000
-39.45312500     0.00000000000000000000
-39.35546875     0.00000000000000000000
-39.25781250     0.00000000000000000000
-39.16015625     0.00000000000000000000
-39.06250000     0.00000000000000000000
-38.96484375     0.00000000000000000000
-38.86718750     0.00000000000000000000
-38.76953125     0.00000000000000000000
-38.67187500     0.00000000000000000000
-38.57421875     0.00000000000000000000
-38.47656250     0.00000000000000000000
-38.37890625     0.00000000000000000000
-38.28125000     0.00000000000000000000
-38.18359375     0.00000000000000000000
-38.08593750     0.00000000000000000000
-37.98828125     0.00000000000000000000
-37.89062500     0.00000000000000000000
-37.79296875     0.00000000000000000000
-37.69531250     0.00000000000000000000
-37.59765625     0.00000000000000000000
-37.50000000     0.00000000000000000000
-37.40234375     0.00000000000000000000
-37.30468750     0.00000000000000000000
-37.20703125     0.00000000000000000000
-37.10937500     0.00000000000000000000
-37.01171875     0.00000000000000000000
-36.91406250     0.00000000000000000000
-36.81640625     0.00000000000000000000
-36.71875000     0.00000000000000000000
-36.62109375     0.00000000000000000000
-36.52343750     0.00000000000000000000
-36.42578125     0.00000000000000000000
-36.32812500     0.00000000000000000000
-36.23046875     0.00000000000000000000
-36.13281250     0.00000000000000000000
-36.03515625     0.00000000000000000000
-35.93750000     0.00000000000000000000
-35.83984375     0.00000000000000000000
-35.74218750     0.00000000000000000000
-35.64453125     0.00000000000000000000
-35.54687500     0.00000000000000000000
-35.44921875     0.00000000000000000000
-35.35156250     0.00000000000000000000
-35.25390625     0.00000000000000000000
-35.15625000     0.00000000000000000000
-35.05859375     0.00000000000000000000
-34.96093750     0.00000000000000000000
-34.86328125     0.00000000000000000000
-34.76562500     0.00000000000000000000
-34.66796875     0.00000000000000000000
-34.57031250     0.00000000000000000000
-34.47265625     0.00000000000000000000
-34.37500000     0.00000000000000000000
-34.27734375     0.00000000000000000000
-34.17968750     0.00000000000000000000
-34.08203125     0.00000000000000000000
-33.98437500     0.00000000000000000000
-33.88671875     0.00000000000000000000
-33.78906250     0.00000000000000000000
-33.69140625     0.00000000000000000000
-33.59375000     0.00000000000000000000
-33.49609375     0.00000000000000000000
-33.39843750     0.00000000000000000000
-33.30078125     0.00000000000000000000
-33.20312500     0.00000000000000000000
-33.10546875     0.00000000000000000000
-33.00781250     0.00000000000000000000
-32.91015625     0.00000000000000000000
-32.81250000     0.00000000000000000000
-32.71484375     0.00000000000000000000
-32.61718750     0.00000000000000000000
-32.51953125     0.00000000000000000000
-32.42187500     0.00000000000000000000
-32.32421875     0.00000000000000000000
-32.22656250     0.00000000000000000000
-32.12890625     0.00000000000000000000
-32.03125000     0.00000000000000000000
-31.93359375     0.00000000000000000000
-31.83593750     0.00000000000000000000
-31.73828125     0.00000000000000000000
-31.64062500     0.00000000000000000000
-31.54296875     0.00000000000000000000
-31.44531250     0.00000000000000000000
-31.34765625     0.00000000000000000000
-31.25000000     0.00000000000000000000
-31.15234375     0.00000000000000000000
-31.05468750     0.00000000000000000000
-30.95703125     0.00000000000000000000
-30.85937500     0.00000000000000000000
-30.76171875     0.00000000000000000000
-30.66406250     0.00000000000000000000
-30.56640625     0.00000000000000000000
-30.46875000     0.00000000000000000000
-30.37109375     0.00000000000000000000
-30.27343750     0.00000000000000000000
-30.17578125     0.00000000000000000000
-30.07812500     0.00000000000000000000
-29.98046875     0.00000000000000000000
-29.88281250     0.00000000000000000000
-29.78515625     0.00000000000000000000
-29.68750000     0.00000000000000000000
-29.58984375     0.00000000000000000000
-29.49218750     0.00000000000000000000
-29.39453125     0.00000000000000000000
-29.29687500     0.00000000000000000000
-29.19921875     0.00000000000000000000
-29.10156250     0.00000000000000000000
-29.00390625     0.00000000000000000000
-28.90625000     0.00000000000000000000
-28.80859375     0.00000000000000000000
-28.71093750     0.00000000000000000000
-28.61328125     0.00000000000000000000
-28.51562500     0.00000000000000000000
-28.41796875     0.00000000000000000000
-28.32031250     0.00000000000000000000
-28.22265625     0.00000000000000000000
-28.12500000     0.00000000000000000000
-28.02734375     0.00000000000000000000
-27.92968750     0.00000000000000000000
-27.83203125     0.00000000000000000000
-27.73437500     0.00000000000000000000
-27.63671875     0.00000000000000000000
-27.53906250     0.00000000000000000000
-27.44140625     0.00000000000000000000
-27.34375000     0.00000000000000000000
-27.24609375     0.00000000000000000000
-27.14843750     0.00000000000000000000
-27.05078125     0.00000000000000000000
-26.95312500     0.00000000000000000000
-26.85546875     0.00000000000000000000
-26.75781250     0.00000000000000000000
-26.66015625     0.00000000000000000000
-26.56250000     -0.00000000000000000000
-26.46484375     0.00000000000000000000
-26.36718750     0.00000000000000000000
-26.26953125     0.00000000000000000000
-26.17187500     0.00000000000000000000
-26.07421875     0.00000000000000000000
-25.97656250     0.00000000000000000000
-25.87890625     0.00000000000000000000
-25.78125000     0.00000000000000000000
-25.68359375     0.00000000000000000000
-25.58593750     -0.00000000000000000000
-25.48828125     0.00000000000000000000
-25.39062500     0.00000000000000000000
-25.29296875     0.00000000000000000000
-25.19531250     0.00000000000000000000
-25.09765625     0.00000000000000000000
-25.00000000     0.00000000000000000000
-24.90234375     0.00000000000000000000
-24.80468750     0.00000000000000000000
-24.70703125     0.00000000000000000000
-24.60937500     0.00000000000000000000
-24.51171875     0.00000000000000000000
-24.41406250     -0.00000000000000000000
-24.31640625     -0.00000000000000000000
-24.21875000     0.00000000000000000000
-24.12109375     0.00000000000000000000
-24.02343750     0.00000000000000000000
-23.92578125     0.00000000000000000000
-23.82812500     0.00000000000000000000
-23.73046875     0.00000000000000000000
-23.63281250     0.00000000000000000000
-23.53515625     0.00000000000000000000
-23.43750000     -0.00000000000000000000
-23.33984375     -0.00000000000000000000
-23.24218750     0.00000000000000000000
-23.14453125     0.00000000000000000000
-23.04687500     -0.00000000000000000000
-22.94921875     -0.00000000000000000000
-22.85156250     -0.00000000000000000000
-22.75390625     -0.00000000000000000000
-22.65625000     -0.00000000000000000000
-22.55859375     -0.00000000000000000000
-22.46093750     -0.00000000000000000000
-22.36328125     -0.00000000000000000000
-22.26562500     -0.00000000000000000000
-22.16796875     -0.00000000000000000000
-22.07031250     -0.00000000000000000000
-21.97265625     0.00000000000000000000
-21.87500000     -0.00000000000000000000
-21.77734375     -0.00000000000000000000
-21.67968750     -0.00000000000000000000
-21.58203125     -0.00000000000000000000
-21.48437500     -0.00000000000000000000
-21.38671875     -0.00000000000000000000
-21.28906250     -0.00000000000000000000
-21.19140625     -0.00000000000000000000
-21.09375000     -0.00000000000000000000
-20.99609375     -0.00000000000000000000
-20.89843750     -0.00000000000000000000
-20.80078125     -0.00000000000000000000
-20.70312500     -0.00000000000000000000
-20.60546875     -0.00000000000000000000
-20.50781250     -0.00000000000000000000
-20.41015625     -0.00000000000000000000
-20.31250000     -0.00000000000000000000
-20.21484375     -0.00000000000000000000
-20.11718750     -0.00000000000000000000
-20.01953125     0.00000000000000000000
-19.92187500     -0.00000000000000000000
-19.82421875     -0.00000000000000000000
-19.72656250     -0.00000000000000000000
-19.62890625     -0.00000000000000000000
-19.53125000     0.00000000000000000000
-19.43359375     -0.00000000000000000000
-19.33593750     -0.00000000000000000000
-19.23828125     -0.00000000000000000000
-19.14062500     -0.00000000000000000000
-19.04296875     -0.00000000000000000000
-18.94531250     -0.00000000000000000000
-18.84765625     -0.00000000000000000000
-18.75000000     -0.00000000000000000000
-18.65234375     -0.00000000000000000000
-18.55468750     -0.00000000000000000000
-18.45703125     -0.00000000000000000000
-18.35937500     0.00000000000000000000
-18.26171875     -0.00000000000000000000
-18.16406250     -0.00000000000000000000
-18.06640625     -0.00000000000000000000
-17.96875000     -0.00000000000000000000
-17.87109375     -0.00000000000000000000
-17.77343750     -0.00000000000000000000
-17.67578125     -0.00000000000000000000
-17.57812500     -0.00000000000000000000
-17.48046875     -0.00000000000000000000
-17.38281250     -0.00000000000000000000
-17.28515625     -0.00000000000000000000
-17.18750000     -0.00000000000000000000
-17.08984375     0.00000000000000000000
-16.99218750     0.00000000000000000000
-16.89453125     0.00000000000000000000
-16.79687500     -0.00000000000000000000
-16.69921875     -0.00000000000000000000
-16.60156250     -0.00000000000000000000
-16.50390625     -0.00000000000000000000
-16.40625000     0.00000000000000000000
-16.30859375     -0.00000000000000000000
-16.21093750     -0.00000000000000000000
-16.11328125     -0.00000000000000000000
-16.01562500     -0.00000000000000000000
-15.91796875     -0.00000000000000000000
-15.82031250     -0.00000000000000000000
-15.72265625     -0.00000000000000000000
-15.62500000     -0.00000000000000000000
-15.52734375     -0.00000000000000000000
-15.42968750     -0.00000000000000000000
-15.33203125     -0.00000000000000000000
-15.23437500     -0.00000000000000000000
-15.13671875     -0.00000000000000000000
-15.03906250     -0.00000000000000000000
-14.94140625     -0.00000000000000000000
-14.84375000     -0.00000000000000000000
-14.74609375     -0.00000000000000000000
-14.64843750     -0.00000000000000000000
-14.55078125     -0.00000000000000000000
-14.45312500     -0.00000000000000000000
-14.35546875     -0.00000000000000000000
-14.25781250     -0.00000000000000000000
-14.16015625     -0.00000000000000000000
-14.06250000     -0.00000000000000000000
-13.96484375     -0.00000000000000000000
-13.86718750     -0.00000000000000000000
-13.76953125     -0.00000000000000000000
-13.67187500     -0.00000000000000000000
-13.57421875     0.00000000000000000000
-13.47656250     -0.00000000000000000000
-13.37890625     -0.00000000000000000000
-13.28125000     -0.00000000000000000000
-13.18359375     -0.00000000000000000000
-13.08593750     -0.00000000000000000000
-12.98828125     -0.00000000000000000000
-12.89062500     -0.00000000000000000000
-12.79296875     -0.00000000000000000000
-12.69531250     -0.00000000000000000000
-12.59765625     -0.00000000000000000000
-12.50000000     -0.00000000000000000000
-12.40234375     -0.00000000000000000000
-12.30468750     -0.00000000000000000000
-12.20703125     -0.00000000000000000000
-12.10937500     -0.00000000000000000000
-12.01171875     -0.00000000000000000000
-11.91406250     -0.00000000000000000000
-11.81640625     -0.00000000000000000000
-11.71875000     -0.00000000000000000000
-11.62109375     -0.00000000000000000000
-11.52343750     -0.00000000000000000000
-11.42578125     -0.00000000000000000000
-11.32812500     -0.00000000000000000000
-11.23046875     -0.00000000000000000000
-11.13281250     -0.00000000000000000000
-11.03515625     -0.00000000000000000000
-10.93750000     -0.00000000000000000000
-10.83984375     -0.00000000000000000000
-10.74218750     -0.00000000000000000000
-10.64453125     -0.00000000000000000000
-10.54687500     -0.00000000000000000000
-10.44921875     -0.00000000000000000000
-10.35156250     -0.00000000000000000000
-10.25390625     -0.00000000000000000000
-10.15625000     -0.00000000000000000000
-10.05859375     -0.00000000000000000000
-9.96093750     -0.00000000000000000000
-9.86328125     -0.00000000000000000000
-9.76562500     -0.00000000000000000000
-9.66796875     -0.00000000000000000000
-9.57031250     -0.00000000000000000000
-9.47265625     0.00000000000000000000
-9.37500000     0.00000000000000000000
-9.27734375     0.00000000000000000000
-9.17968750     0.00000000000000000000
-9.08203125     0.00000000000000000000
-8.98437500     0.00000000000000000000
-8.88671875     0.00000000000000000000
-8.78906250     0.00000000000000000000
-8.69140625     0.00000000000000000000
-8.59375000     0.00000000000000000000
-8.49609375     0.00000000000000000000
-8.39843750     0.00000000000000000000
-8.30078125     -0.00000000000000000000
-8.20312500     0.00000000000000000000
-8.10546875     0.00000000000000000000
-8.00781250     0.00000000000000000000
-7.91015625     0.00000000000000000000
-7.81250000     0.00000000000000000000
-7.71484375     0.00000000000000000000
-7.61718750     0.00000000000000000000
-7.51953125     0.00000000000000000000
-7.42187500     0.00000000000000000000
-7.32421875     0.00000000000000000000
-7.22656250     -0.00000000000000000000
-7.12890625     0.00000000000000000000
-7.03125000     0.00000000000000000000
-6.93359375     0.00000000000000000000
-6.83593750     0.00000000000000000000
-6.73828125     0.00000000000000000000
-6.64062500     0.00000000000000000000
-6.54296875     0.00000000000000000000
-6.44531250     0.00000000000000000000
-6.34765625     0.00000000000000000000
-6.25000000     0.00000000000000000000
-6.15234375     0.00000000000000000000
-6.05468750     -0.00000000000000000000
-5.95703125     0.00000000000000000000
-5.85937500     0.00000000000000000000
-5.76171875     0.00000000000000000000
-5.66406250     0.00000000000000000000
-5.56640625     0.00000000000000000000
-5.46875000     0.00000000000000000000
-5.37109375     0.00000000000000000000
-5.27343750     0.00000000000000000000
-5.17578125     0.00000000000000000000
-5.07812500     0.00000000000000000000
-4.98046875     0.00000000000000000000
-4.88281250     0.00000000000000000000
-4.78515625     -0.00000000000000000000
-4.68750000     0.00000000000000000000
-4.58984375     0.00000000000000000000
-4.49218750     0.00000000000000000000
-4.39453125     0.00000000000000000000
-4.29687500     0.00000000000000000000
-4.19921875     0.00000000000000000000
-4.10156250     0.00000000000000000000
-4.00390625     0.00000000000000000000
-3.90625000     0.00000000000000000000
-3.80859375     0.00000000000000000000
-3.71093750     0.00000000000000000000
-3.61328125     -0.00000000000000000000
-3.51562500     0.00000000000000000000
-3.41796875     0.00000000000000000000
-3.32031250     0.00000000000000000000
-3.22265625     0.00000000000000000000
-3.12500000     0.00000000000000000000
-3.02734375     0.00000000000000000000
-2.92968750     0.00000000000000000000
-2.83203125     0.00000000000000000000
-2.73437500     0.00000000000000000000
-2.63671875     0.00000000000000000000
-2.53906250     -0.00000000000000000000
-2.44140625     0.00000000000000000000
-2.34375000     0.00000000000000000000
-2.24609375     0.00000000000000000000
-2.14843750     0.00000000000000000000
-2.05078125     0.00000000000000000000
-1.95312500     0.00000000000000000000
-1.85546875     0.00000000000000000000
-1.75781250     0.00000000000000000000
-1.66015625     0.00000000000000000000
-1.56250000     0.00000000000000000000
-1.46484375     0.00000000000000000000
-1.36718750     -0.00000000000000000000
-1.26953125     -0.00000000000000000000
-1.17187500     0.00000000000000000000
-1.07421875     0.00000000000000000000
-0.97656250     0.00000000000000000000
-0.87890625     0.00000000000000000000
-0.78125000     0.00000000000000000000
-0.68359375     0.00000000000000000000
-0.58593750     0.00000000000000000000
-0.48828125     0.00000000000000000000
-0.39062500     0.00000000000000000000
-0.29296875     0.00000000000000000000
-0.19531250     -0.00000000000000000000
-0.09765625     0.00000000000000000000
0.00000000     0.00000000000000000000
0.09765625     0.00000000000000000000
0.19531250     -0.00000000000000000000
0.29296875     0.00000000000000000000
0.39062500     0.00000000000000000000
0.48828125     0.00000000000000000000
0.58593750     0.00000000000000000000
0.68359375     0.00000000000000000000
0.78125000     0.00000000000000000000
0.87890625     0.00000000000000000000
0.97656250     -0.00000000000000000000
1.07421875     0.00000000000000000000
1.17187500     0.00000000000000000000
1.26953125     0.00000000000000000000
1.36718750     0.00000000000000000000
1.46484375     -0.00000000000000000000
1.56250000     0.00000000000000000000
1.66015625     0.00000000000000000000
1.75781250     0.00000000000000000000
1.85546875     0.00000000000000000000
1.95312500     0.00000000000000000000
2.05078125     0.00000000000000000000
2.14843750     -0.00000000000000000000
2.24609375     0.00000000000000000000
2.34375000     0.00000000000000000000
2.44140625     0.00000000000000000000
2.53906250     0.00000000000000000000
2.63671875     -0.00000000000000000000
2.73437500     0.00000000000000000000
2.83203125     0.00000000000000000000
2.92968750     0.00000000000000000000
3.02734375     0.00000000000000000000
3.12500000     0.00000000000000000000
3.22265625     -0.00000000000000000000
3.32031250     0.00000000000000000000
3.41796875     -0.00000000000000000000
3.51562500     0.00000000000000000000
3.61328125     0.00000000000000000000
3.71093750     0.00000000000000000000
3.80859375     -0.00000000000000000000
3.90625000     -0.00000000000000000000
4.00390625     0.00000000000000000000
4.10156250     0.00000000000000000000
4.19921875     0.00000000000000000000
4.29687500     0.00000000000000000000
4.39453125     -0.00000000000000000000
4.49218750     0.00000000000000000000
4.58984375     -0.00000000000000000000
4.68750000     0.00000000000000000042
4.78515625     0.00000000000000000001
4.88281250     -0.00000000000000000015
4.98046875     0.00000000000000000094
5.07812500     0.00000000000000000003
5.17578125     0.00000000000000000152
5.27343750     0.00000000000000000128
5.37109375     0.00000000000000000152
5.46875000     -0.00000000000000000356
5.56640625     -0.00000000000000066235
5.66406250     0.00000000000000212215
5.76171875     -0.00000000023155095444
5.85937500     0.00000002211267865490
5.95703125     0.00000000005444783263
6.05468750     -0.00000000323243862303
6.15234375     0.00000001467525579000
6.25000000     -0.00000001331796961880
6.34765625     0.00000006703815683580
6.44531250     0.00000003588547992080
6.54296875     0.00000000159356429252
6.64062500     -0.00000079371980335400
6.73828125     0.00000156496235031000
6.83593750     0.00000405387600646000
6.93359375     0.00001464839965610000
7.03125000     0.00002776273292770000
7.12890625     0.00004319067595000000
7.22656250     0.00006187346199860000
7.32421875     0.00008665557761460001
7.42187500     0.00012148892436000000
7.51953125     0.00016965069937599999
7.61718750     0.00023344439858699999
7.71484375     0.00031772799933699999
7.81250000     0.00042799954541800002
7.91015625     0.00057519723863999996
8.00781250     0.00077033149762299996
8.10546875     0.00102420279299999997
8.20312500     0.00134959589726999993
8.30078125     0.00176303774505000006
8.39843750     0.00228582945539999990
8.49609375     0.00294482486739000007
8.59375000     0.00377183257546000010
8.69140625     0.00480283472304999983
8.78906250     0.00607820520813999975
8.88671875     0.00764421905536000028
8.98437500     0.00955444744300000016
9.08203125     0.01186955150499999917
9.17968750     0.01465595663159999923
9.27734375     0.01798510987169999950
9.37500000     0.02193383227370000049
9.47265625     0.02658454792430000116
9.57031250     0.03202442012090000317
9.66796875     0.03834308865540000250
9.76562500     0.04563032659920000095
9.86328125     0.05397338868140000301
9.96093750     0.06345416418770000178
10.05859375     0.07414615622799999861
10.15625000     0.08611127179319999492
10.25390625     0.09939669911369999888
10.35156250     0.11403184353999999689
10.44921875     0.13002497503800000689
10.54687500     0.14735948488100000797
10.64453125     0.16599017550899999862
10.74218750     0.18584023772600000157
10.83984375     0.20679939106500000445
10.93750000     0.22872316638900000441
11.03515625     0.25143284865600001865
11.13281250     0.27471599972499999298
11.23046875     0.29832847018899999458
11.32812500     0.32199849330699997774
11.42578125     0.34543186754900001567
11.52343750     0.36831708745800001426
11.62109375     0.39033084603500001197
11.71875000     0.41114492201300001373
11.81640625     0.43043448136299999884
11.91406250     0.44788690172299999714
12.01171875     0.46321026718800001332
12.10937500     0.47614030648999999817
12.20703125     0.48642741805700001612
12.30468750     0.49385074018399999218
12.40234375     0.49832269553500002646
12.50000000     0.50001869395499998205
12.59765625     0.49886307065199997357
12.69531250     0.49434734844799999021
12.79296875     0.48671436606500001476
12.89062500     0.47639421972099998959
12.98828125     0.46350601334600000092
13.08593750     0.44821894470099998831
13.18359375     0.43079655478799999679
13.28125000     0.41153155731300000708
13.37890625     0.39073575179300001903
13.47656250     0.36873337177199999593
13.57421875     0.34585279421600001459
13.67187500     0.32241848325499999905
13.76953125     0.29874358206399997950
13.86718750     0.27512333071599998080
13.96484375     0.25182947850400000389
14.06250000     0.22910581102600000025
14.16015625     0.20716485714499999204
14.25781250     0.18618578830199999929
14.35546875     0.16631347428800000166
14.45312500     0.14765861720000000856
14.55078125     0.13029885061200000007
14.64843750     0.11428066459100000296
14.74609375     0.09962199978039999737
14.84375000     0.08631534354780000251
14.94140625     0.07433116036110000435
15.03906250     0.06362149711749999492
15.13671875     0.05412361831569999920
15.23437500     0.04576354353980000012
15.33203125     0.03845938055639999686
15.42968750     0.03212436502069999922
15.52734375     0.02666958110150000061
15.62500000     0.02200640389640000014
15.72265625     0.01804812914719999828
15.82031250     0.01471178060390000014
15.91796875     0.01191922940729999922
16.01562500     0.00959800367481000033
16.11328125     0.00768180580498000008
16.21093750     0.00611076116581000042
16.30859375     0.00483144223031000027
16.40625000     0.00379671255686000022
16.50390625     0.00296543268648000007
16.60156250     0.00230206636079999987
16.69921875     0.00177622111585000009
16.79687500     0.00136215224244000009
16.89453125     0.00103825423793999991
16.99218750     0.00078655885815500000
17.08984375     0.00059225427009399997
17.18750000     0.00044323560846699998
17.28515625     0.00032969363253100001
17.38281250     0.00024374513296900001
17.48046875     0.00017910628503500000
17.57812500     0.00013080826433600000
17.67578125     0.00009495307525010000
17.77343750     0.00006850659240960000
17.87109375     0.00004912530315130000
17.96875000     0.00003501285342320000
18.06640625     0.00002480270837060000
18.16406250     0.00001746306814350000
18.26171875     0.00001222057807620000
18.35937500     0.00000849987333350000
18.45703125     0.00000587600903547000
18.55468750     0.00000403739995106000
18.65234375     0.00000275721345105000
18.75000000     0.00000187149448155000
18.84765625     0.00000126256955299000
18.94531250     0.00000084658677874600
19.04296875     0.00000056420472475300
19.14062500     0.00000037372374591600
19.23828125     0.00000024604413269900
19.33593750     0.00000016099895693300
19.43359375     0.00000010470800261400
19.53125000     0.00000006768336338860
19.62890625     0.00000004348373361230
19.72656250     0.00000002776583275700
19.82421875     0.00000001762086455320
19.92187500     0.00000001111397077510
20.01953125     0.00000000696550452581
20.11718750     0.00000000433849794178
20.21484375     0.00000000268500296365
20.31250000     0.00000000165074079860
20.41015625     0.00000000100785801585
20.50781250     0.00000000061075499706
20.60546875     0.00000000036700886107
20.70312500     0.00000000021833916120
20.80078125     0.00000000012823713235
20.89843750     0.00000000007398277436
20.99609375     0.00000000004152978629
21.09375000     0.00000000002225104529
21.19140625     0.00000000000989899736
21.28906250     0.00000000000324316864
21.38671875     0.00000000000067878453
21.48437500     0.00000000000000000000
21.58203125     0.00000000000000000000
21.67968750     0.00000000000000000000
21.77734375     0.00000000000000000000
21.87500000     0.00000000000000000000
21.97265625     0.00000000000000000000
22.07031250     0.00000000000000000000
22.16796875     0.00000000000000000000
22.26562500     0.00000000000000000000
22.36328125     0.00000000000000000000
22.46093750     0.00000000000000000000
22.55859375     0.00000000000000000000
22.65625000     0.00000000000000000000
22.75390625     0.00000000000000000000
22.85156250     0.00000000000000000000
22.94921875     0.00000000000000000000
23.04687500     0.00000000000000000000
23.14453125     0.00000000000000000000
23.24218750     0.00000000000000000000
23.33984375     0.00000000000000000000
23.43750000     0.00000000000000000000
23.53515625     0.00000000000000000000
23.63281250     0.00000000000000000000
23.73046875     0.00000000000000000000
23.82812500     0.00000000000000000000
23.92578125     0.00000000000000000000
24.02343750     0.00000000000000000000
24.12109375     0.00000000000000000000
24.21875000     0.00000000000000000000
24.31640625     0.00000000000000000000
24.41406250     0.00000000000000000000
24.51171875     0.00000000000000000000
24.60937500     0.00000000000000000000
24.70703125     0.00000000000000000000
24.80468750     0.00000000000000000000
24.90234375     0.00000000000000000000
