2.00000000     0.204781277670341
1.58740105     0.146229601343725
1.25992105     0.125859472131637
1.00000000     0.097258636065859
0.79370053     0.050127711992223
0.62996052     0.022788027917452
0.50000000     0.013939514610091
0.39685026     0.004872303884745
0.31498026     0.004490934516048
0.25000000     0.002055518592312
0.19842513     0.001819608076515
0.15749013     0.000861291670083
0.12500000     0.000961265480731
0.09921257     0.000649505160622
0.07874507     0.000374077577714
0.06250000     0.000306513086980
0.04960628     0.000247147893922
0.03937253     0.000256310926771
0.03125000     0.000238347002447
0.02480314     0.000226194117171
0.01968627     0.000222932303707
0.01562500     0.000223778116855
0.01240157     0.000225542252634
0.00984313     0.000226584339218
0.00781250     0.000227162230480
0.00620079     0.000228059272911
0.00492157     0.000228613495566
0.00390625     0.000228743243733
0.00310039     0.000229336524505
0.00246078     0.000229340048501
0.00195312     0.000229485890632
0.00155020     0.000229686863566
0.00123039     0.000229726895671
0.00097656     0.000229725286449
0.03937253     0.088760566534598
0.03937253     0.000212700175239
