-500.00000000     10.000000000000000
-498.43750000     10.000000000000000
-496.87500000     10.000000000000000
-495.31250000     10.000000000000000
-493.75000000     10.000000000000000
-492.18750000     10.000000000000000
-490.62500000     10.000000000000000
-489.06250000     10.000000000000000
-487.50000000     10.000000000000000
-485.93750000     10.000000000000000
-484.37500000     10.000000000000000
-482.81250000     10.000000000000000
-481.25000000     10.000000000000000
-479.68750000     10.000000000000000
-478.12500000     10.000000000000000
-476.56250000     10.000000000000000
-475.00000000     10.000000000000000
-473.43750000     10.000000000000000
-471.87500000     10.000000000000000
-470.31250000     10.000000000000000
-468.75000000     10.000000000000000
-467.18750000     10.000000000000000
-465.62500000     10.000000000000000
-464.06250000     10.000000000000000
-462.50000000     10.000000000000000
-460.93750000     10.000000000000000
-459.37500000     10.000000000000000
-457.81250000     10.000000000000000
-456.25000000     10.000000000000000
-454.68750000     10.000000000000000
-453.12500000     10.000000000000000
-451.56250000     10.000000000000000
-450.00000000     10.000000000000000
-448.43750000     10.000000000000000
-446.87500000     10.000000000000000
-445.31250000     10.000000000000000
-443.75000000     10.000000000000000
-442.18750000     10.000000000000000
-440.62500000     10.000000000000000
-439.06250000     10.000000000000000
-437.50000000     10.000000000000000
-435.93750000     10.000000000000000
-434.37500000     10.000000000000000
-432.81250000     10.000000000000000
-431.25000000     10.000000000000000
-429.68750000     10.000000000000000
-428.12500000     10.000000000000000
-426.56250000     10.000000000000000
-425.00000000     10.000000000000000
-423.43750000     10.000000000000000
-421.87500000     10.000000000000000
-420.31250000     10.000000000000000
-418.75000000     10.000000000000000
-417.18750000     10.000000000000000
-415.62500000     10.000000000000000
-414.06250000     10.000000000000000
-412.50000000     10.000000000000000
-410.93750000     10.000000000000000
-409.37500000     10.000000000000000
-407.81250000     10.000000000000000
-406.25000000     10.000000000000000
-404.68750000     10.000000000000000
-403.12500000     10.000000000000000
-401.56250000     10.000000000000000
-400.00000000     10.000000000000000
-398.43750000     10.000000000000000
-396.87500000     10.000000000000000
-395.31250000     10.000000000000000
-393.75000000     10.000000000000000
-392.18750000     10.000000000000000
-390.62500000     10.000000000000000
-389.06250000     10.000000000000000
-387.50000000     10.000000000000000
-385.93750000     10.000000000000000
-384.37500000     10.000000000000000
-382.81250000     10.000000000000000
-381.25000000     10.000000000000000
-379.68750000     10.000000000000000
-378.12500000     10.000000000000000
-376.56250000     10.000000000000000
-375.00000000     10.000000000000000
-373.43750000     10.000000000000000
-371.87500000     10.000000000000000
-370.31250000     10.000000000000000
-368.75000000     10.000000000000000
-367.18750000     10.000000000000000
-365.62500000     10.000000000000000
-364.06250000     10.000000000000000
-362.50000000     10.000000000000000
-360.93750000     10.000000000000000
-359.37500000     10.000000000000000
-357.81250000     10.000000000000000
-356.25000000     10.000000000000000
-354.68750000     10.000000000000000
-353.12500000     10.000000000000000
-351.56250000     10.000000000000000
-350.00000000     10.000000000000000
-348.43750000     10.000000000000000
-346.87500000     10.000000000000000
-345.31250000     10.000000000000000
-343.75000000     10.000000000000000
-342.18750000     10.000000000000000
-340.62500000     10.000000000000000
-339.06250000     10.000000000000000
-337.50000000     10.000000000000000
-335.93750000     10.000000000000000
-334.37500000     10.000000000000000
-332.81250000     10.000000000000000
-331.25000000     10.000000000000000
-329.68750000     10.000000000000000
-328.12500000     10.000000000000000
-326.56250000     10.000000000000000
-325.00000000     10.000000000000000
-323.43750000     10.000000000000000
-321.87500000     10.000000000000000
-320.31250000     10.000000000000000
-318.75000000     10.000000000000000
-317.18750000     10.000000000000000
-315.62500000     10.000000000000000
-314.06250000     10.000000000000000
-312.50000000     10.000000000000000
-310.93750000     10.000000000000000
-309.37500000     10.000000000000000
-307.81250000     10.000000000000000
-306.25000000     10.000000000000000
-304.68750000     10.000000000000000
-303.12500000     10.000000000000000
-301.56250000     10.000000000000000
-300.00000000     10.000000000000000
-298.43750000     10.000000000000000
-296.87500000     10.000000000000000
-295.31250000     10.000000000000000
-293.75000000     10.000000000000000
-292.18750000     10.000000000000000
-290.62500000     10.000000000000000
-289.06250000     10.000000000000000
-287.50000000     10.000000000000000
-285.93750000     10.000000000000000
-284.37500000     10.000000000000000
-282.81250000     10.000000000000000
-281.25000000     10.000000000000000
-279.68750000     10.000000000000000
-278.12500000     10.000000000000000
-276.56250000     10.000000000000000
-275.00000000     10.000000000000000
-273.43750000     10.000000000000000
-271.87500000     10.000000000000000
-270.31250000     10.000000000000000
-268.75000000     10.000000000000000
-267.18750000     10.000000000000000
-265.62500000     10.000000000000000
-264.06250000     10.000000000000000
-262.50000000     10.000000000000000
-260.93750000     10.000000000000000
-259.37500000     10.000000000000000
-257.81250000     10.000000000000000
-256.25000000     10.000000000000000
-254.68750000     10.000000000000000
-253.12500000     10.000000000000000
-251.56250000     10.000000000000000
-250.00000000     10.000000000000000
-248.43750000     10.000000000000000
-246.87500000     10.000000000000000
-245.31250000     10.000000000000000
-243.75000000     10.000000000000000
-242.18750000     10.000000000000000
-240.62500000     10.000000000000000
-239.06250000     10.000000000000000
-237.50000000     10.000000000000000
-235.93750000     10.000000000000000
-234.37500000     10.000000000000000
-232.81250000     10.000000000000000
-231.25000000     10.000000000000000
-229.68750000     10.000000000000000
-228.12500000     10.000000000000000
-226.56250000     10.000000000000000
-225.00000000     10.000000000000000
-223.43750000     10.000000000000000
-221.87500000     10.000000000000000
-220.31250000     10.000000000000000
-218.75000000     10.000000000000000
-217.18750000     10.000000000000000
-215.62500000     10.000000000000000
-214.06250000     10.000000000000000
-212.50000000     10.000000000000000
-210.93750000     10.000000000000000
-209.37500000     10.000000000000000
-207.81250000     10.000000000000000
-206.25000000     10.000000000000000
-204.68750000     10.000000000000000
-203.12500000     10.000000000000000
-201.56250000     10.000000000000000
-200.00000000     10.000000000000000
-198.43750000     10.000000000000000
-196.87500000     10.000000000000000
-195.31250000     10.000000000000000
-193.75000000     10.000000000000000
-192.18750000     10.000000000000000
-190.62500000     10.000000000000000
-189.06250000     10.000000000000000
-187.50000000     10.000000000000000
-185.93750000     10.000000000000000
-184.37500000     10.000000000000000
-182.81250000     10.000000000000000
-181.25000000     10.000000000000000
-179.68750000     10.000000000000000
-178.12500000     10.000000000000000
-176.56250000     10.000000000000000
-175.00000000     10.000000000000000
-173.43750000     10.000000000000000
-171.87500000     10.000000000000000
-170.31250000     10.000000000000000
-168.75000000     10.000000000000000
-167.18750000     10.000000000000000
-165.62500000     10.000000000000000
-164.06250000     10.000000000000000
-162.50000000     10.000000000000000
-160.93750000     10.000000000000000
-159.37500000     10.000000000000000
-157.81250000     10.000000000000000
-156.25000000     10.000000000000000
-154.68750000     10.000000000000000
-153.12500000     10.000000000000000
-151.56250000     10.000000000000000
-150.00000000     10.000000000000000
-148.43750000     10.000000000000000
-146.87500000     10.000000000000000
-145.31250000     10.000000000000000
-143.75000000     10.000000000000000
-142.18750000     10.000000000000000
-140.62500000     10.000000000000000
-139.06250000     10.000000000000000
-137.50000000     10.000000000000000
-135.93750000     10.000000000000000
-134.37500000     10.000000000000000
-132.81250000     10.000000000000000
-131.25000000     10.000000000000000
-129.68750000     10.000000000000000
-128.12500000     10.000000000000000
-126.56250000     10.000000000000000
-125.00000000     10.000000000000000
-123.43750000     10.000000000000000
-121.87500000     10.000000000000000
-120.31250000     10.000000000000000
-118.75000000     10.000000000000000
-117.18750000     10.000000000000000
-115.62500000     10.000000000000000
-114.06250000     10.000000000000000
-112.50000000     10.000000000000000
-110.93750000     10.000000000000000
-109.37500000     10.000000000000000
-107.81250000     10.000000000000000
-106.25000000     10.000000000000000
-104.68750000     10.000000000000000
-103.12500000     10.000000000000000
-101.56250000     10.000000000000000
-100.00000000     10.000000000000000
-98.43750000     10.000000000000000
-96.87500000     10.000000000000000
-95.31250000     10.000000000000000
-93.75000000     10.000000000000000
-92.18750000     10.000000000000000
-90.62500000     10.000000000000000
-89.06250000     10.000000000000000
-87.50000000     10.000000000000000
-85.93750000     10.000000000000000
-84.37500000     10.000000000000000
-82.81250000     10.000000000000000
-81.25000000     10.000000000000000
-79.68750000     10.000000000000000
-78.12500000     10.000000000000000
-76.56250000     10.000000000000000
-75.00000000     10.000000000000000
-73.43750000     10.000000000000000
-71.87500000     10.000000000000000
-70.31250000     10.000000000000000
-68.75000000     10.000000000000000
-67.18750000     10.000000000000000
-65.62500000     10.000000000000000
-64.06250000     10.000000000000000
-62.50000000     10.000000000000000
-60.93750000     10.000000000000000
-59.37500000     10.000000000000000
-57.81250000     10.000000000000000
-56.25000000     10.000000000000000
-54.68750000     10.000000000000000
-53.12500000     10.000000000000000
-51.56250000     10.000000000000000
-50.00000000     10.000000000000000
-48.43750000     10.000000000000000
-46.87500000     10.000000000000000
-45.31250000     10.000000000000000
-43.75000000     10.000000000000000
-42.18750000     10.000000000000000
-40.62500000     10.000000000000000
-39.06250000     10.000000000000000
-37.50000000     10.000000000000000
-35.93750000     10.000000000000000
-34.37500000     10.000000000000000
-32.81250000     10.000000000000000
-31.25000000     10.000000000000000
-29.68750000     10.000000000000000
-28.12500000     10.000000000000000
-26.56250000     10.000000000000000
-25.00000000     10.000000000000000
-23.43750000     10.000000000000000
-21.87500000     10.000000000000000
-20.31250000     10.000000000000000
-18.75000000     10.000000000000000
-17.18750000     10.000000000000000
-15.62500000     10.000000000000000
-14.06250000     10.000000000000000
-12.50000000     10.000000000000000
-10.93750000     10.000000000000000
-9.37500000     10.000000000000000
-7.81250000     10.000000000000000
-6.25000000     10.000000000000000
-4.68750000     10.000000000000000
-3.12500000     10.000000000000000
-1.56250000     10.000000000000000
0.00000000     10.000000000000000
1.56250000     10.000000000000000
3.12500000     10.000000000000000
4.68750000     10.000000000000000
6.25000000     10.000000000000000
7.81250000     10.000000000000000
9.37500000     10.000000000000000
10.93750000     10.000000000000000
12.50000000     10.000000000000000
14.06250000     10.000000000000000
15.62500000     10.000000000000000
17.18750000     10.000000000000000
18.75000000     10.000000000000000
20.31250000     10.000000000000000
21.87500000     10.000000000000000
23.43750000     10.000000000000000
25.00000000     10.000000000000000
26.56250000     10.000000000000000
28.12500000     10.000000000000000
29.68750000     10.000000000000000
31.25000000     10.000000000000000
32.81250000     10.000000000000000
34.37500000     10.000000000000000
35.93750000     10.000000000000000
37.50000000     10.000000000000000
39.06250000     10.000000000000000
40.62500000     10.000000000000000
42.18750000     10.000000000000000
43.75000000     10.000000000000000
45.31250000     10.000000000000000
46.87500000     10.000000000000000
48.43750000     10.000000000000000
50.00000000     10.000000000000000
51.56250000     10.000000000000000
53.12500000     10.000000000000000
54.68750000     10.000000000000000
56.25000000     10.000000000000000
57.81250000     10.000000000000000
59.37500000     10.000000000000000
60.93750000     10.000000000000000
62.50000000     10.000000000000000
64.06250000     10.000000000000000
65.62500000     10.000000000000000
67.18750000     10.000000000000000
68.75000000     10.000000000000000
70.31250000     10.000000000000000
71.87500000     10.000000000000000
73.43750000     10.000000000000000
75.00000000     10.000000000000000
76.56250000     10.000000000000000
78.12500000     10.000000000000000
79.68750000     10.000000000000000
81.25000000     10.000000000000000
82.81250000     10.000000000000000
84.37500000     10.000000000000000
85.93750000     10.000000000000000
87.50000000     10.000000000000000
89.06250000     10.000000000000000
90.62500000     10.000000000000000
92.18750000     10.000000000000000
93.75000000     10.000000000000000
95.31250000     10.000000000000000
96.87500000     10.000000000000000
98.43750000     10.000000000000000
100.00000000     10.000000000000000
101.56250000     10.000000000000000
103.12500000     10.000000000000000
104.68750000     10.000000000000000
106.25000000     10.000000000000000
107.81250000     10.000000000000000
109.37500000     10.000000000000000
110.93750000     10.000000000000000
112.50000000     10.000000000000000
114.06250000     10.000000000000000
115.62500000     10.000000000000000
117.18750000     10.000000000000000
118.75000000     10.000000000000000
120.31250000     10.000000000000000
121.87500000     10.000000000000000
123.43750000     10.000000000000000
125.00000000     10.000000000000000
126.56250000     10.000000000000000
128.12500000     10.000000000000000
129.68750000     10.000000000000000
131.25000000     10.000000000000000
132.81250000     10.000000000000000
134.37500000     10.000000000000000
135.93750000     10.000000000000000
137.50000000     10.000000000000000
139.06250000     10.000000000000000
140.62500000     10.000000000000000
142.18750000     10.000000000000000
143.75000000     10.000000000000000
145.31250000     10.000000000000000
146.87500000     10.000000000000000
148.43750000     10.000000000000000
150.00000000     10.000000000000000
151.56250000     10.000000000000000
153.12500000     10.000000000000000
154.68750000     10.000000000000000
156.25000000     10.000000000000000
157.81250000     10.000000000000000
159.37500000     10.000000000000000
160.93750000     10.000000000000000
162.50000000     10.000000000000000
164.06250000     10.000000000000000
165.62500000     10.000000000000000
167.18750000     10.000000000000000
168.75000000     10.000000000000000
170.31250000     10.000000000000000
171.87500000     10.000000000000000
173.43750000     10.000000000000000
175.00000000     10.000000000000000
176.56250000     10.000000000000000
178.12500000     10.000000000000000
179.68750000     10.000000000000000
181.25000000     10.000000000000000
182.81250000     10.000000000000000
184.37500000     10.000000000000000
185.93750000     10.000000000000000
187.50000000     10.000000000000000
189.06250000     10.000000000000000
190.62500000     10.000000000000000
192.18750000     10.000000000000000
193.75000000     10.000000000000000
195.31250000     10.000000000000000
196.87500000     10.000000000000000
198.43750000     10.000000000000000
200.00000000     10.000000000000000
201.56250000     10.000000000000000
203.12500000     10.000000000000000
204.68750000     10.000000000000000
206.25000000     10.000000000000000
207.81250000     10.000000000000000
209.37500000     10.000000000000000
210.93750000     10.000000000000000
212.50000000     10.000000000000000
214.06250000     10.000000000000000
215.62500000     10.000000000000000
217.18750000     10.000000000000000
218.75000000     10.000000000000000
220.31250000     10.000000000000000
221.87500000     10.000000000000000
223.43750000     10.000000000000000
225.00000000     10.000000000000000
226.56250000     10.000000000000000
228.12500000     10.000000000000000
229.68750000     10.000000000000000
231.25000000     10.000000000000000
232.81250000     10.000000000000000
234.37500000     10.000000000000000
235.93750000     10.000000000000000
237.50000000     10.000000000000000
239.06250000     10.000000000000000
240.62500000     10.000000000000000
242.18750000     10.000000000000000
243.75000000     10.000000000000000
245.31250000     10.000000000000000
246.87500000     10.000000000000000
248.43750000     10.000000000000000
250.00000000     10.000000000000000
251.56250000     10.000000000000000
253.12500000     10.000000000000000
254.68750000     10.000000000000000
256.25000000     10.000000000000000
257.81250000     10.000000000000000
259.37500000     10.000000000000000
260.93750000     10.000000000000000
262.50000000     10.000000000000000
264.06250000     10.000000000000000
265.62500000     10.000000000000000
267.18750000     10.000000000000000
268.75000000     10.000000000000000
270.31250000     10.000000000000000
271.87500000     10.000000000000000
273.43750000     10.000000000000000
275.00000000     10.000000000000000
276.56250000     10.000000000000000
278.12500000     10.000000000000000
279.68750000     10.000000000000000
281.25000000     10.000000000000000
282.81250000     10.000000000000000
284.37500000     10.000000000000000
285.93750000     10.000000000000000
287.50000000     10.000000000000000
289.06250000     10.000000000000000
290.62500000     10.000000000000000
292.18750000     10.000000000000000
293.75000000     10.000000000000000
295.31250000     10.000000000000000
296.87500000     10.000000000000000
298.43750000     10.000000000000000
300.00000000     10.000000000000000
301.56250000     10.000000000000000
303.12500000     10.000000000000000
304.68750000     10.000000000000000
306.25000000     10.000000000000000
307.81250000     10.000000000000000
309.37500000     10.000000000000000
310.93750000     10.000000000000000
312.50000000     10.000000000000000
314.06250000     10.000000000000000
315.62500000     10.000000000000000
317.18750000     10.000000000000000
318.75000000     10.000000000000000
320.31250000     10.000000000000000
321.87500000     10.000000000000000
323.43750000     10.000000000000000
325.00000000     10.000000000000000
326.56250000     10.000000000000000
328.12500000     10.000000000000000
329.68750000     10.000000000000000
331.25000000     10.000000000000000
332.81250000     10.000000000000000
334.37500000     10.000000000000000
335.93750000     10.000000000000000
337.50000000     10.000000000000000
339.06250000     10.000000000000000
340.62500000     10.000000000000000
342.18750000     10.000000000000000
343.75000000     10.000000000000000
345.31250000     10.000000000000000
346.87500000     10.000000000000000
348.43750000     10.000000000000000
350.00000000     10.000000000000002
351.56250000     10.000000000000002
353.12500000     10.000000000000002
354.68750000     10.000000000000002
356.25000000     10.000000000000002
357.81250000     10.000000000000002
359.37500000     10.000000000000002
360.93750000     10.000000000000002
362.50000000     10.000000000000002
364.06250000     10.000000000000002
365.62500000     10.000000000000002
367.18750000     10.000000000000002
368.75000000     10.000000000000002
370.31250000     10.000000000000004
371.87500000     10.000000000000004
373.43750000     10.000000000000004
375.00000000     10.000000000000004
376.56250000     10.000000000000004
378.12500000     10.000000000000004
379.68750000     10.000000000000005
381.25000000     10.000000000000005
382.81250000     10.000000000000005
384.37500000     10.000000000000005
385.93750000     10.000000000000007
387.50000000     10.000000000000007
389.06250000     10.000000000000007
390.62500000     10.000000000000007
392.18750000     10.000000000000009
393.75000000     10.000000000000009
395.31250000     10.000000000000011
396.87500000     10.000000000000011
398.43750000     10.000000000000012
400.00000000     10.000000000000012
401.56250000     10.000000000000014
403.12500000     10.000000000000016
404.68750000     10.000000000000016
406.25000000     10.000000000000018
407.81250000     10.000000000000020
409.37500000     10.000000000000021
410.93750000     10.000000000000023
412.50000000     10.000000000000025
414.06250000     10.000000000000027
415.62500000     10.000000000000030
417.18750000     10.000000000000032
418.75000000     10.000000000000034
420.31250000     10.000000000000037
421.87500000     10.000000000000041
423.43750000     10.000000000000044
425.00000000     10.000000000000048
426.56250000     10.000000000000052
428.12500000     10.000000000000057
429.68750000     10.000000000000060
431.25000000     10.000000000000066
432.81250000     10.000000000000073
434.37500000     10.000000000000078
435.93750000     10.000000000000085
437.50000000     10.000000000000092
439.06250000     10.000000000000099
440.62500000     10.000000000000108
442.18750000     10.000000000000117
443.75000000     10.000000000000128
445.31250000     10.000000000000139
446.87500000     10.000000000000151
448.43750000     10.000000000000163
450.00000000     10.000000000000178
451.56250000     10.000000000000192
453.12500000     10.000000000000208
454.68750000     10.000000000000226
456.25000000     10.000000000000245
457.81250000     10.000000000000266
459.37500000     10.000000000000290
460.93750000     10.000000000000313
462.50000000     10.000000000000339
464.06250000     10.000000000000369
465.62500000     10.000000000000400
467.18750000     10.000000000000433
468.75000000     10.000000000000471
470.31250000     10.000000000000512
471.87500000     10.000000000000554
473.43750000     10.000000000000602
475.00000000     10.000000000000654
476.56250000     10.000000000000709
478.12500000     10.000000000000769
479.68750000     10.000000000000835
481.25000000     10.000000000000906
482.81250000     10.000000000000982
484.37500000     10.000000000001066
485.93750000     10.000000000001156
487.50000000     10.000000000001254
489.06250000     10.000000000001361
490.62500000     10.000000000001476
492.18750000     10.000000000001602
493.75000000     10.000000000001739
495.31250000     10.000000000001886
496.87500000     10.000000000002046
498.43750000     10.000000000002220
500.00000000     10.000000000002411
501.56250000     10.000000000002615
503.12500000     10.000000000002837
504.68750000     10.000000000003078
506.25000000     10.000000000003340
507.81250000     10.000000000003624
509.37500000     10.000000000003931
510.93750000     10.000000000004267
512.50000000     10.000000000004629
514.06250000     10.000000000005022
515.62500000     10.000000000005450
517.18750000     10.000000000005913
518.75000000     10.000000000006416
520.31250000     10.000000000006962
521.87500000     10.000000000007553
523.43750000     10.000000000008194
525.00000000     10.000000000008892
526.56250000     10.000000000009647
528.12500000     10.000000000010468
529.68750000     10.000000000011358
531.25000000     10.000000000012324
532.81250000     10.000000000013371
534.37500000     10.000000000014508
535.93750000     10.000000000015742
537.50000000     10.000000000017080
539.06250000     10.000000000018533
540.62500000     10.000000000020108
542.18750000     10.000000000021817
543.75000000     10.000000000023672
545.31250000     10.000000000025684
546.87500000     10.000000000027869
548.43750000     10.000000000030239
550.00000000     10.000000000032809
551.56250000     10.000000000035598
553.12500000     10.000000000038625
554.68750000     10.000000000041910
556.25000000     10.000000000045473
557.81250000     10.000000000049338
559.37500000     10.000000000053532
560.93750000     10.000000000058085
562.50000000     10.000000000063023
564.06250000     10.000000000068381
565.62500000     10.000000000074195
567.18750000     10.000000000080503
568.75000000     10.000000000087347
570.31250000     10.000000000094774
571.87500000     10.000000000102832
573.43750000     10.000000000111575
575.00000000     10.000000000121060
576.56250000     10.000000000131353
578.12500000     10.000000000142521
579.68750000     10.000000000154637
581.25000000     10.000000000167784
582.81250000     10.000000000182050
584.37500000     10.000000000197527
585.93750000     10.000000000214323
587.50000000     10.000000000232543
589.06250000     10.000000000252316
590.62500000     10.000000000273767
592.18750000     10.000000000297042
593.75000000     10.000000000322297
595.31250000     10.000000000349699
596.87500000     10.000000000379430
598.43750000     10.000000000411690
600.00000000     10.000000000446692
601.56250000     10.000000000484670
603.12500000     10.000000000525876
604.68750000     10.000000000570587
606.25000000     10.000000000619099
607.81250000     10.000000000671735
609.37500000     10.000000000728846
610.93750000     10.000000000790813
612.50000000     10.000000000858048
614.06250000     10.000000000931001
615.62500000     10.000000001010154
617.18750000     10.000000001096039
618.75000000     10.000000001189225
620.31250000     10.000000001290333
621.87500000     10.000000001400037
623.43750000     10.000000001519069
625.00000000     10.000000001648221
626.56250000     10.000000001788354
628.12500000     10.000000001940402
629.68750000     10.000000002105375
631.25000000     10.000000002284375
632.81250000     10.000000002478593
634.37500000     10.000000002689324
635.93750000     10.000000002917973
637.50000000     10.000000003166059
639.06250000     10.000000003435240
640.62500000     10.000000003727306
642.18750000     10.000000004044203
643.75000000     10.000000004388044
645.31250000     10.000000004761118
646.87500000     10.000000005165910
648.43750000     10.000000005605118
650.00000000     10.000000006081669
651.56250000     10.000000006598736
653.12500000     10.000000007159764
654.68750000     10.000000007768490
656.25000000     10.000000008428971
657.81250000     10.000000009145607
659.37500000     10.000000009923172
660.93750000     10.000000010766845
662.50000000     10.000000011682246
664.06250000     10.000000012675478
665.62500000     10.000000013753153
667.18750000     10.000000014922454
668.75000000     10.000000016191169
670.31250000     10.000000017567750
671.87500000     10.000000019061369
673.43750000     10.000000020681977
675.00000000     10.000000022440370
676.56250000     10.000000024348262
678.12500000     10.000000026418364
679.68750000     10.000000028664466
681.25000000     10.000000031101534
682.81250000     10.000000033745803
684.37500000     10.000000036614889
685.93750000     10.000000039727906
687.50000000     10.000000043105594
689.06250000     10.000000046770452
690.62500000     10.000000050746902
692.18750000     10.000000055061429
693.75000000     10.000000059742780
695.31250000     10.000000064822142
696.87500000     10.000000070333355
698.43750000     10.000000076313134
700.00000000     10.000000082801316
701.56250000     10.000000089841127
703.12500000     10.000000097479465
704.68750000     10.000000105767219
706.25000000     10.000000114759603
707.81250000     10.000000124516525
709.37500000     10.000000135102983
710.93750000     10.000000146589509
712.50000000     10.000000159052625
714.06250000     10.000000172575360
715.62500000     10.000000187247807
717.18750000     10.000000203167710
718.75000000     10.000000220441134
720.31250000     10.000000239183152
721.87500000     10.000000259518625
723.43750000     10.000000281583032
725.00000000     10.000000305523365
726.56250000     10.000000331499116
728.12500000     10.000000359683339
729.68750000     10.000000390263798
731.25000000     10.000000423444224
732.81250000     10.000000459445664
734.37500000     10.000000498507964
735.93750000     10.000000540891360
737.50000000     10.000000586878214
739.06250000     10.000000636774889
740.62500000     10.000000690913804
742.18750000     10.000000749655635
743.75000000     10.000000813391722
745.31250000     10.000000882546681
746.87500000     10.000000957581223
748.43750000     10.000001038995238
750.00000000     10.000001127331105
751.56250000     10.000001223177327
753.12500000     10.000001327172432
754.68750000     10.000001440009244
756.25000000     10.000001562439486
757.81250000     10.000001695278794
759.37500000     10.000001839412150
760.93750000     10.000001995799774
762.50000000     10.000002165483529
764.06250000     10.000002349593855
765.62500000     10.000002549357296
767.18750000     10.000002766104684
768.75000000     10.000003001279996
770.31250000     10.000003256449974
771.87500000     10.000003533314562
773.43750000     10.000003833718234
775.00000000     10.000004159662282
776.56250000     10.000004513318144
778.12500000     10.000004897041869
779.68750000     10.000005313389821
781.25000000     10.000005765135695
782.81250000     10.000006255289009
784.37500000     10.000006787115142
785.93750000     10.000007364157089
787.50000000     10.000007990259070
789.06250000     10.000008669592122
790.62500000     10.000009406681905
792.18750000     10.000010206438830
793.75000000     10.000011074190784
795.31250000     10.000012015718610
796.87500000     10.000013037294620
798.43750000     10.000014145724377
800.00000000     10.000015348392020
801.56250000     10.000016653309457
803.12500000     10.000018069169732
804.68750000     10.000019605404917
806.25000000     10.000021272248951
807.81250000     10.000023080805791
809.37500000     10.000025043123379
810.93750000     10.000027172273878
812.50000000     10.000029482440736
814.06250000     10.000031989013149
815.62500000     10.000034708688551
817.18750000     10.000037659583807
818.75000000     10.000040861355869
820.31250000     10.000044335332669
821.87500000     10.000048104655137
823.43750000     10.000052194431298
825.00000000     10.000056631903444
826.56250000     10.000061446629513
828.12500000     10.000066670679884
829.68750000     10.000072338850874
831.25000000     10.000078488896378
832.81250000     10.000085161779174
834.37500000     10.000092401943581
835.93750000     10.000100257611246
837.50000000     10.000108781102067
839.06250000     10.000118029182346
840.62500000     10.000128063442485
842.18750000     10.000138950706758
843.75000000     10.000150763477832
845.31250000     10.000163580419009
846.87500000     10.000177486877377
848.43750000     10.000192575451312
850.00000000     10.000208946606120
851.56250000     10.000226709341847
853.12500000     10.000245981917679
854.68750000     10.000266892637748
856.25000000     10.000289580703448
857.81250000     10.000314197137952
859.37500000     10.000340905788958
860.93750000     10.000369884416298
862.50000000     10.000401325871493
864.06250000     10.000435439377060
865.62500000     10.000472451913877
867.18750000     10.000512609725734
868.75000000     10.000556179950836
870.31250000     10.000603452390953
871.87500000     10.000654741429647
873.43750000     10.000710388112093
875.00000000     10.000770762399908
876.56250000     10.000836265615586
878.12500000     10.000907333092265
879.68750000     10.000984437045853
881.25000000     10.001068089687893
882.81250000     10.001158846599031
884.37500000     10.001257310384524
885.93750000     10.001364134634926
887.50000000     10.001480028216903
889.06250000     10.001605759921077
890.62500000     10.001742163495893
892.18750000     10.001890143098684
893.75000000     10.002050679197557
895.31250000     10.002224834960128
896.87500000     10.002413763167942
898.43750000     10.002618713698126
900.00000000     10.002841041616925
901.56250000     10.003082215932833
903.12500000     10.003343829060407
904.68750000     10.003627607049303
906.25000000     10.003935420636662
907.81250000     10.004269297184702
909.37500000     10.004631433569278
910.93750000     10.005024210088985
912.50000000     10.005450205468470
914.06250000     10.005912213033479
915.62500000     10.006413258139192
917.18750000     10.006956616937076
918.75000000     10.007545836569189
920.31250000     10.008184756881993
921.87500000     10.008877533754685
923.43750000     10.009628664139127
925.00000000     10.010443012909967
926.56250000     10.011325841623817
928.12500000     10.012282839285552
929.68750000     10.013320155217125
931.25000000     10.014444434119858
932.81250000     10.015662853414142
934.37500000     10.016983162930494
935.93750000     10.018413727012431
937.50000000     10.019963569073751
939.06250000     10.021642418629826
940.62500000     10.023460760793574
942.18750000     10.025429888190450
943.75000000     10.027561955202330
945.31250000     10.029870034395689
946.87500000     10.032368174923628
948.43750000     10.035071462612381
950.00000000     10.037996081348636
951.56250000     10.041159375272516
953.12500000     10.044579911149748
954.68750000     10.048277540142911
956.25000000     10.052273458023018
957.81250000     10.056590262656190
959.37500000     10.061252007362935
960.93750000     10.066284248476835
962.50000000     10.071714085122560
964.06250000     10.077570188888027
965.62500000     10.083882820680424
967.18750000     10.090683831630301
968.75000000     10.098006644442478
970.31250000     10.105886211089844
971.87500000     10.114358942210872
973.43750000     10.123462603012085
975.00000000     10.133236169904340
976.56250000     10.143719641533647
978.12500000     10.154953797325458
979.68750000     10.166979896175643
981.25000000     10.179839307529003
982.81250000     10.193573066833652
984.37500000     10.208221347303628
985.93750000     10.223822840129456
987.50000000     10.240414035825230
989.06250000     10.258028400378434
990.62500000     10.276695441371592
992.18750000     10.296439661373993
993.75000000     10.317279398758675
995.31250000     10.339225559779724
996.87500000     10.362280250326455
998.43750000     10.386435321305013
1000.00000000     10.411670848092344
1001.56250000     10.437953571910489
1003.12500000     10.465235339150592
1004.68750000     10.493451583408341
1006.25000000     10.522519903934320
1007.81250000     10.552338802885172
1009.37500000     10.582786651584339
1010.93750000     10.613720962238807
1012.50000000     10.644978045382485
1014.06250000     10.676373133837668
1015.62500000     10.707701050314338
1017.18750000     10.738737487098851
1018.75000000     10.769240952001674
1020.31250000     10.798955414522299
1021.87500000     10.827613660147010
1023.43750000     10.854941329434988
1025.00000000     10.880661583263645
1026.56250000     10.904500298084102
1028.12500000     10.926191657613220
1029.68750000     10.945483972803080
1031.25000000     10.962145533129338
1032.81250000     10.975970272104462
1034.37500000     10.986783020946302
1035.93750000     10.994444128314809
1037.50000000     10.998853241797875
1039.06250000     10.999952078050924
1040.62500000     10.997726051623824
1042.18750000     10.992204684851886
1043.75000000     10.983460779139866
1045.31250000     10.971608387353163
1046.87500000     10.956799683527032
1048.43750000     10.939220875685464
1050.00000000     10.919087346898076
1051.56250000     10.896638236473953
1053.12500000     10.872130686257565
1054.68750000     10.845833976430862
1056.25000000     10.818023762220076
1057.81250000     10.788976599524680
1059.37500000     10.758964916390603
1060.93750000     10.728252551375549
1062.50000000     10.697090942106996
1064.06250000     10.665716010335821
1065.62500000     10.634345755698568
1067.18750000     10.603178540807985
1068.75000000     10.572392026186439
1070.31250000     10.542142695369630
1071.87500000     10.512565898183915
1073.43750000     10.483776333308821
1075.00000000     10.455868889083774
1076.56250000     10.428919763261002
1078.12500000     10.402987787147675
1079.68750000     10.378115886444267
1081.25000000     10.354332619276022
1082.81250000     10.331653740745587
1084.37500000     10.310083752251495
1085.93750000     10.289617402394903
1087.50000000     10.270241114234423
1089.06250000     10.251934320753882
1090.62500000     10.234670696578775
1092.18750000     10.218419279184534
1093.75000000     10.203145477107938
1095.31250000     10.188811966063666
1096.87500000     10.175379476466860
1098.43750000     10.162807477767721
1100.00000000     10.151054766317527
1101.56250000     10.140079964307327
1103.12500000     10.129841937744063
1104.68750000     10.120300141538731
1106.25000000     10.111414899651553
1107.81250000     10.103147627933271
1109.37500000     10.095461006872988
1110.93750000     10.088319110954343
1112.50000000     10.081687500768291
1114.06250000     10.075533283458828
1115.62500000     10.069825146508471
1117.18750000     10.064533369317806
1118.75000000     10.059629816508501
1120.31250000     10.055087916388731
1121.87500000     10.050882627567882
1123.43750000     10.046990396295596
1125.00000000     10.043389106728821
1126.56250000     10.040058025998610
1128.12500000     10.036977745654076
1129.68750000     10.034130120801857
1131.25000000     10.031498208032964
1132.81250000     10.029066203032160
1134.37500000     10.026819378595160
1135.93750000     10.024744023633200
1137.50000000     10.022827383620230
1139.06250000     10.021057602832496
1140.62500000     10.019423668641593
1142.18750000     10.017915358047619
1143.75000000     10.016523186577388
1145.31250000     10.015238359621732
1146.87500000     10.014052726244284
1148.43750000     10.012958735460590
1150.00000000     10.011949394959437
1151.56250000     10.011018232217276
1153.12500000     10.010159257940224
1154.68750000     10.009366931755943
1156.25000000     10.008636130068782
1157.81250000     10.007962115985464
1159.37500000     10.007340511214815
1160.93750000     10.006767269843023
1162.50000000     10.006238653885534
1164.06250000     10.005751210517415
1165.62500000     10.005301750885691
1167.18750000     10.004887330409623
1168.75000000     10.004505230477873
1170.31250000     10.004152941454850
1171.87500000     10.003828146912230
1173.43750000     10.003528709005469
1175.00000000     10.003252654919066
1176.56250000     10.002998164308339
1178.12500000     10.002763557669383
1179.68750000     10.002547285572845
1181.25000000     10.002347918700909
1182.81250000     10.002164138630574
1184.37500000     10.001994729309917
1185.93750000     10.001838569177401
1187.50000000     10.001694623877555
1189.06250000     10.001561939529459
1190.62500000     10.001439636507438
1192.18750000     10.001326903696077
1193.75000000     10.001222993184374
1195.31250000     10.001127215366251
1196.87500000     10.001038934417021
1198.43750000     10.000957564117504
1200.00000000     10.000882563999616
1201.56250000     10.000813435789079
1203.12500000     10.000749720122702
1204.68750000     10.000690993519372
1206.25000000     10.000636865585367
1207.81250000     10.000586976436118
1209.37500000     10.000540994317817
1210.93750000     10.000498613413557
1212.50000000     10.000459551819800
1214.06250000     10.000423549680086
1215.62500000     10.000390367463845
1217.18750000     10.000359784379119
1218.75000000     10.000331596908847
1220.31250000     10.000305617461136
1221.87500000     10.000281673124729
1223.43750000     10.000259604521478
1225.00000000     10.000239264748302
1226.56250000     10.000220518401715
1228.12500000     10.000203240678450
1229.68750000     10.000187316546334
1231.25000000     10.000172639979876
1232.81250000     10.000159113255583
1234.37500000     10.000146646302333
1235.93750000     10.000135156102516
1237.50000000     10.000124566139975
1239.06250000     10.000114805891121
1240.62500000     10.000105810355835
1242.18750000     10.000097519625051
1243.75000000     10.000089878482175
1245.31250000     10.000082836035673
1246.87500000     10.000076345380414
1248.43750000     10.000070363285506
1250.00000000     10.000064849906568
1251.56250000     10.000059768520519
1253.12500000     10.000055085281117
1254.68750000     10.000050768993654
1256.25000000     10.000046790907271
1257.81250000     10.000043124523543
1259.37500000     10.000039745420041
1260.93750000     10.000036631087729
1262.50000000     10.000033760781067
1264.06250000     10.000031115379880
1265.62500000     10.000028677262021
1267.18750000     10.000026430186026
1268.75000000     10.000024359182943
1270.31250000     10.000022450456644
1271.87500000     10.000020691291946
1273.43750000     10.000019069969920
1275.00000000     10.000017575689840
1276.56250000     10.000016198497249
1278.12500000     10.000014929217651
1279.68750000     10.000013759395401
1281.25000000     10.000012681237394
1282.81250000     10.000011687561143
1284.37500000     10.000010771746945
1285.93750000     10.000009927693783
1287.50000000     10.000009149778684
1289.06250000     10.000008432819266
1290.62500000     10.000007772039220
1292.18750000     10.000007163036484
1293.75000000     10.000006601753929
1295.31250000     10.000006084452323
1296.87500000     10.000005607685431
1298.43750000     10.000005168277049
1300.00000000     10.000004763299854
1301.56250000     10.000004390055899
1303.12500000     10.000004046058637
1304.68750000     10.000003729016360
1306.25000000     10.000003436816934
1307.81250000     10.000003167513725
1309.37500000     10.000002919312635
1310.93750000     10.000002690560141
1312.50000000     10.000002479732290
1314.06250000     10.000002285424543
1315.62500000     10.000002106342416
1317.18750000     10.000001941292856
1318.75000000     10.000001789176302
1320.31250000     10.000001648979342
1321.87500000     10.000001519767981
1323.43750000     10.000001400681407
1325.00000000     10.000001290926260
1326.56250000     10.000001189771345
1328.12500000     10.000001096542761
1329.68750000     10.000001010619417
1331.25000000     10.000000931428888
1332.81250000     10.000000858443599
1334.37500000     10.000000791177319
1335.93750000     10.000000729181917
1337.50000000     10.000000672044374
1339.06250000     10.000000619384037
1340.62500000     10.000000570850080
1342.18750000     10.000000526119166
1343.75000000     10.000000484893295
1345.31250000     10.000000446897820
1346.87500000     10.000000411879608
1348.43750000     10.000000379605368
1350.00000000     10.000000349860086
1351.56250000     10.000000322445597
1353.12500000     10.000000297179266
1354.68750000     10.000000273892763
1356.25000000     10.000000252430954
1357.81250000     10.000000232650860
1359.37500000     10.000000214420702
1360.93750000     10.000000197619030
1362.50000000     10.000000182133912
1364.06250000     10.000000167862183
1365.62500000     10.000000154708763
1367.18750000     10.000000142586027
1368.75000000     10.000000131413207
1370.31250000     10.000000121115873
1371.87500000     10.000000111625422
1373.43750000     10.000000102878628
1375.00000000     10.000000094817219
1376.56250000     10.000000087387489
1378.12500000     10.000000080539943
1379.68750000     10.000000074228957
1381.25000000     10.000000068412492
1382.81250000     10.000000063051795
1384.37500000     10.000000058111155
1385.93750000     10.000000053557656
1387.50000000     10.000000049360962
1389.06250000     10.000000045493113
1390.62500000     10.000000041928343
1392.18750000     10.000000038642904
1393.75000000     10.000000035614905
1395.31250000     10.000000032824177
1396.87500000     10.000000030252126
1398.43750000     10.000000027881615
1400.00000000     10.000000025696856
1401.56250000     10.000000023683290
1403.12500000     10.000000021827505
1404.68750000     10.000000020117135
1406.25000000     10.000000018540788
1407.81250000     10.000000017087959
1409.37500000     10.000000015748974
1410.93750000     10.000000014514908
1412.50000000     10.000000013377543
1414.06250000     10.000000012329300
1415.62500000     10.000000011363195
1417.18750000     10.000000010472792
1418.75000000     10.000000009652162
1420.31250000     10.000000008895833
1421.87500000     10.000000008198770
1423.43750000     10.000000007556327
1425.00000000     10.000000006964225
1426.56250000     10.000000006418519
1428.12500000     10.000000005915574
1429.68750000     10.000000005452039
1431.25000000     10.000000005024825
1432.81250000     10.000000004631088
1434.37500000     10.000000004268204
1435.93750000     10.000000003933753
1437.50000000     10.000000003625511
1439.06250000     10.000000003341421
1440.62500000     10.000000003079592
1442.18750000     10.000000002838281
1443.75000000     10.000000002615877
1445.31250000     10.000000002410902
1446.87500000     10.000000002221986
1448.43750000     10.000000002047875
1450.00000000     10.000000001887408
1451.56250000     10.000000001739512
1453.12500000     10.000000001603206
1454.68750000     10.000000001477583
1456.25000000     10.000000001361801
1457.81250000     10.000000001255092
1459.37500000     10.000000001156746
1460.93750000     10.000000001066105
1462.50000000     10.000000000982567
1464.06250000     10.000000000905574
1465.62500000     10.000000000834614
1467.18750000     10.000000000769216
1468.75000000     10.000000000708940
1470.31250000     10.000000000653390
1471.87500000     10.000000000602190
1473.43750000     10.000000000555005
1475.00000000     10.000000000511514
1476.56250000     10.000000000471433
1478.12500000     10.000000000434493
1479.68750000     10.000000000400446
1481.25000000     10.000000000369068
1482.81250000     10.000000000340149
1484.37500000     10.000000000313495
1485.93750000     10.000000000288930
1487.50000000     10.000000000266290
1489.06250000     10.000000000245423
1490.62500000     10.000000000226192
1492.18750000     10.000000000208468
1493.75000000     10.000000000192133
1495.31250000     10.000000000177078
1496.87500000     10.000000000163203
1498.43750000     10.000000000150415
