-500.00000000     10.000000000018277
-498.43750000     10.000000000019831
-496.87500000     10.000000000021517
-495.31250000     10.000000000023347
-493.75000000     10.000000000025333
-492.18750000     10.000000000027486
-490.62500000     10.000000000029823
-489.06250000     10.000000000032358
-487.50000000     10.000000000035110
-485.93750000     10.000000000038094
-484.37500000     10.000000000041332
-482.81250000     10.000000000044848
-481.25000000     10.000000000048660
-479.68750000     10.000000000052797
-478.12500000     10.000000000057286
-476.56250000     10.000000000062157
-475.00000000     10.000000000067441
-473.43750000     10.000000000073175
-471.87500000     10.000000000079396
-470.31250000     10.000000000086146
-468.75000000     10.000000000093470
-467.18750000     10.000000000101418
-465.62500000     10.000000000110040
-464.06250000     10.000000000119396
-462.50000000     10.000000000129546
-460.93750000     10.000000000140561
-459.37500000     10.000000000152511
-457.81250000     10.000000000165478
-456.25000000     10.000000000179547
-454.68750000     10.000000000194811
-453.12500000     10.000000000211376
-451.56250000     10.000000000229345
-450.00000000     10.000000000248846
-448.43750000     10.000000000270003
-446.87500000     10.000000000292959
-445.31250000     10.000000000317865
-443.75000000     10.000000000344890
-442.18750000     10.000000000374213
-440.62500000     10.000000000406029
-439.06250000     10.000000000440551
-437.50000000     10.000000000478005
-435.93750000     10.000000000518646
-434.37500000     10.000000000562741
-432.81250000     10.000000000610587
-431.25000000     10.000000000662499
-429.68750000     10.000000000718824
-428.12500000     10.000000000779940
-426.56250000     10.000000000846251
-425.00000000     10.000000000918199
-423.43750000     10.000000000996264
-421.87500000     10.000000001080968
-420.31250000     10.000000001172872
-418.75000000     10.000000001272591
-417.18750000     10.000000001380787
-415.62500000     10.000000001498183
-414.06250000     10.000000001625558
-412.50000000     10.000000001763764
-410.93750000     10.000000001913721
-409.37500000     10.000000002076426
-407.81250000     10.000000002252964
-406.25000000     10.000000002444512
-404.68750000     10.000000002652346
-403.12500000     10.000000002877851
-401.56250000     10.000000003122526
-400.00000000     10.000000003388006
-398.43750000     10.000000003676055
-396.87500000     10.000000003988596
-395.31250000     10.000000004327708
-393.75000000     10.000000004695652
-392.18750000     10.000000005094879
-390.62500000     10.000000005528049
-389.06250000     10.000000005998047
-387.50000000     10.000000006508003
-385.93750000     10.000000007061317
-384.37500000     10.000000007661674
-382.81250000     10.000000008313073
-381.25000000     10.000000009019855
-379.68750000     10.000000009786728
-378.12500000     10.000000010618800
-376.56250000     10.000000011521617
-375.00000000     10.000000012501191
-373.43750000     10.000000013564048
-371.87500000     10.000000014717271
-370.31250000     10.000000015968540
-368.75000000     10.000000017326194
-367.18750000     10.000000018799277
-365.62500000     10.000000020397602
-364.06250000     10.000000022131816
-362.50000000     10.000000024013474
-360.93750000     10.000000026055112
-359.37500000     10.000000028270332
-357.81250000     10.000000030673890
-356.25000000     10.000000033281800
-354.68750000     10.000000036111436
-353.12500000     10.000000039181650
-351.56250000     10.000000042512893
-350.00000000     10.000000046127361
-348.43750000     10.000000050049135
-346.87500000     10.000000054304337
-345.31250000     10.000000058921319
-343.75000000     10.000000063930841
-342.18750000     10.000000069366275
-340.62500000     10.000000075263831
-339.06250000     10.000000081662801
-337.50000000     10.000000088605814
-335.93750000     10.000000096139127
-334.37500000     10.000000104312926
-332.81250000     10.000000113181665
-331.25000000     10.000000122804428
-329.68750000     10.000000133245324
-328.12500000     10.000000144573910
-326.56250000     10.000000156865658
-325.00000000     10.000000170202458
-323.43750000     10.000000184673159
-321.87500000     10.000000200374165
-320.31250000     10.000000217410079
-318.75000000     10.000000235894396
-317.18750000     10.000000255950258
-315.62500000     10.000000277711280
-314.06250000     10.000000301322434
-312.50000000     10.000000326941020
-310.93750000     10.000000354737711
-309.37500000     10.000000384897691
-307.81250000     10.000000417621887
-306.25000000     10.000000453128310
-304.68750000     10.000000491653505
-303.12500000     10.000000533454132
-301.56250000     10.000000578808669
-300.00000000     10.000000628019269
-298.43750000     10.000000681413777
-296.87500000     10.000000739347909
-295.31250000     10.000000802207630
-293.75000000     10.000000870411712
-292.18750000     10.000000944414536
-290.62500000     10.000001024709110
-289.06250000     10.000001111830366
-287.50000000     10.000001206358707
-285.93750000     10.000001308923887
-284.37500000     10.000001420209200
-282.81250000     10.000001540956035
-281.25000000     10.000001671968812
-279.68750000     10.000001814120346
-278.12500000     10.000001968357653
-276.56250000     10.000002135708270
-275.00000000     10.000002317287091
-273.43750000     10.000002514303802
-271.87500000     10.000002728070932
-270.31250000     10.000002960012605
-268.75000000     10.000003211674017
-267.18750000     10.000003484731742
-265.62500000     10.000003781004896
-264.06250000     10.000004102467246
-262.50000000     10.000004451260377
-260.93750000     10.000004829707946
-259.37500000     10.000005240331161
-257.81250000     10.000005685865585
-256.25000000     10.000006169279354
-254.68750000     10.000006693792951
-253.12500000     10.000007262900656
-251.56250000     10.000007880393829
-250.00000000     10.000008550386163
-248.43750000     10.000009277341087
-246.87500000     10.000010066101501
-245.31250000     10.000010921922032
-243.75000000     10.000011850504045
-242.18750000     10.000012858033609
-240.62500000     10.000013951222714
-239.06250000     10.000015137353975
-237.50000000     10.000016424329145
-235.93750000     10.000017820721743
-234.37500000     10.000019335834162
-232.81250000     10.000020979759633
-231.25000000     10.000022763449451
-229.68750000     10.000024698785907
-228.12500000     10.000026798661445
-226.56250000     10.000029077064507
-225.00000000     10.000031549172716
-223.43750000     10.000034231453943
-221.87500000     10.000037141775984
-220.31250000     10.000040299525541
-218.75000000     10.000043725737335
-217.18750000     10.000047443234166
-215.62500000     10.000051476778886
-214.06250000     10.000055853239280
-212.50000000     10.000060601766956
-210.93750000     10.000065753991427
-209.37500000     10.000071344230685
-207.81250000     10.000077409719653
-206.25000000     10.000083990858041
-204.68750000     10.000091131479257
-203.12500000     10.000098879142138
-201.56250000     10.000107285447458
-200.00000000     10.000116406381306
-198.43750000     10.000126302687601
-196.87500000     10.000137040272234
-195.31250000     10.000148690641488
-193.75000000     10.000161331377669
-192.18750000     10.000175046655073
-190.62500000     10.000189927799717
-189.06250000     10.000206073896519
-187.50000000     10.000223592447970
-185.93750000     10.000242600088601
-184.37500000     10.000263223360013
-182.81250000     10.000285599551530
-181.25000000     10.000309877612048
-179.68750000     10.000336219139058
-178.12500000     10.000364799451367
-176.56250000     10.000395808752524
-175.00000000     10.000429453392631
-173.43750000     10.000465957236758
-171.87500000     10.000505563148929
-170.31250000     10.000548534601375
-168.75000000     10.000595157419523
-167.18750000     10.000645741674097
-165.62500000     10.000700623732584
-164.06250000     10.000760168483387
-162.50000000     10.000824771747011
-160.93750000     10.000894862889821
-159.37500000     10.000970907657182
-157.81250000     10.001053411244129
-156.25000000     10.001142921623146
-154.68750000     10.001240033150234
-153.12500000     10.001345390472110
-151.56250000     10.001459692759179
-150.00000000     10.001583698290796
-148.43750000     10.001718229421513
-146.87500000     10.001864177959062
-145.31250000     10.002022510987256
-143.75000000     10.002194277169483
-142.18750000     10.002380613571065
-140.62500000     10.002582753041617
-139.06250000     10.002802032201481
-137.50000000     10.003039900079436
-135.93750000     10.003297927452184
-134.37500000     10.003577816939549
-132.81250000     10.003881413912906
-131.25000000     10.004210718278054
-129.68750000     10.004567897197626
-128.12500000     10.004955298821949
-126.56250000     10.005375467101338
-125.00000000     10.005831157756703
-123.43750000     10.006325355489311
-121.87500000     10.006861292514380
-120.31250000     10.007442468506749
-118.75000000     10.008072672050270
-117.18750000     10.008756003685397
-115.62500000     10.009496900651778
-114.06250000     10.010300163424265
-112.50000000     10.011170984141227
-110.93750000     10.012114977023460
-109.37500000     10.013138210879708
-107.81250000     10.014247243790638
-106.25000000     10.015449160056583
-104.68750000     10.016751609484958
-103.12500000     10.018162849080360
-101.56250000     10.019691787183300
-100.00000000     10.021348030081514
-98.43750000     10.023141931089839
-96.87500000     10.025084642059777
-95.31250000     10.027188167236787
-93.75000000     10.029465419330679
-92.18750000     10.031930277600784
-90.62500000     10.034597647680870
-89.06250000     10.037483522777325
-87.50000000     10.040605045765700
-85.93750000     10.043980571582905
-84.37500000     10.047629729162720
-82.81250000     10.051573481988049
-81.25000000     10.055834186131824
-79.68750000     10.060435644426589
-78.12500000     10.065403155137988
-76.56250000     10.070763553216800
-75.00000000     10.076545241865638
-73.43750000     10.082778211778274
-71.87500000     10.089494044990786
-70.31250000     10.096725899825023
-68.75000000     10.104508472908163
-67.18750000     10.112877933722057
-65.62500000     10.121871826579737
-64.06250000     10.131528934355375
-62.50000000     10.141889097723613
-60.93750000     10.152992983116084
-59.37500000     10.164881792105332
-57.81250000     10.177596904515079
-56.25000000     10.191179447275893
-54.68750000     10.205669780951483
-53.12500000     10.221106896018444
-51.56250000     10.237527711467150
-50.00000000     10.254966269189886
-48.43750000     10.273452819029034
-46.87500000     10.293012791373702
-45.31250000     10.313665656919794
-43.75000000     10.335423676742534
-42.18750000     10.358290550254488
-40.62500000     10.382259973992534
-39.06250000     10.407314130510519
-37.50000000     10.433422133909882
-35.93750000     10.460538466603031
-34.37500000     10.488601450563893
-32.81250000     10.517531805255599
-31.25000000     10.547231353190492
-29.68750000     10.577581942094081
-28.12500000     10.608444659207265
-26.56250000     10.639659417556405
-25.00000000     10.671044995165811
-23.43750000     10.702399605287054
-21.87500000     10.733502067949033
-20.31250000     10.764113639835436
-18.75000000     10.793980540296527
-17.18750000     10.822837186221188
-15.62500000     10.850410118052569
-14.06250000     10.876422564519153
-12.50000000     10.900599556361696
-10.93750000     10.922673461711781
-9.37500000     10.942389780505303
-7.81250000     10.959513005324563
-6.25000000     10.973832334266811
-4.68750000     10.985167010418275
-3.12500000     10.993371064208667
-1.56250000     10.998337250339985
0.00000000     11.000000000000000
1.56250000     10.998337250339985
3.12500000     10.993371064208667
4.68750000     10.985167010418275
6.25000000     10.973832334266811
7.81250000     10.959513005324563
9.37500000     10.942389780505303
10.93750000     10.922673461711781
12.50000000     10.900599556361696
14.06250000     10.876422564519153
15.62500000     10.850410118052569
17.18750000     10.822837186221188
18.75000000     10.793980540296527
20.31250000     10.764113639835436
21.87500000     10.733502067949033
23.43750000     10.702399605287054
25.00000000     10.671044995165811
26.56250000     10.639659417556405
28.12500000     10.608444659207265
29.68750000     10.577581942094081
31.25000000     10.547231353190492
32.81250000     10.517531805255599
34.37500000     10.488601450563893
35.93750000     10.460538466603031
37.50000000     10.433422133909882
39.06250000     10.407314130510519
40.62500000     10.382259973992534
42.18750000     10.358290550254488
43.75000000     10.335423676742534
45.31250000     10.313665656919794
46.87500000     10.293012791373702
48.43750000     10.273452819029034
50.00000000     10.254966269189886
51.56250000     10.237527711467150
53.12500000     10.221106896018444
54.68750000     10.205669780951483
56.25000000     10.191179447275893
57.81250000     10.177596904515079
59.37500000     10.164881792105332
60.93750000     10.152992983116084
62.50000000     10.141889097723613
64.06250000     10.131528934355375
65.62500000     10.121871826579737
67.18750000     10.112877933722057
68.75000000     10.104508472908163
70.31250000     10.096725899825023
71.87500000     10.089494044990786
73.43750000     10.082778211778274
75.00000000     10.076545241865638
76.56250000     10.070763553216800
78.12500000     10.065403155137988
79.68750000     10.060435644426589
81.25000000     10.055834186131824
82.81250000     10.051573481988049
84.37500000     10.047629729162720
85.93750000     10.043980571582905
87.50000000     10.040605045765700
89.06250000     10.037483522777325
90.62500000     10.034597647680870
92.18750000     10.031930277600784
93.75000000     10.029465419330679
95.31250000     10.027188167236787
96.87500000     10.025084642059777
98.43750000     10.023141931089839
100.00000000     10.021348030081514
101.56250000     10.019691787183300
103.12500000     10.018162849080360
104.68750000     10.016751609484958
106.25000000     10.015449160056583
107.81250000     10.014247243790638
109.37500000     10.013138210879708
110.93750000     10.012114977023460
112.50000000     10.011170984141227
114.06250000     10.010300163424265
115.62500000     10.009496900651778
117.18750000     10.008756003685397
118.75000000     10.008072672050270
120.31250000     10.007442468506749
121.87500000     10.006861292514380
123.43750000     10.006325355489311
125.00000000     10.005831157756703
126.56250000     10.005375467101338
128.12500000     10.004955298821949
129.68750000     10.004567897197626
131.25000000     10.004210718278054
132.81250000     10.003881413912906
134.37500000     10.003577816939549
135.93750000     10.003297927452184
137.50000000     10.003039900079436
139.06250000     10.002802032201481
140.62500000     10.002582753041617
142.18750000     10.002380613571065
143.75000000     10.002194277169483
145.31250000     10.002022510987256
146.87500000     10.001864177959062
148.43750000     10.001718229421513
150.00000000     10.001583698290796
151.56250000     10.001459692759179
153.12500000     10.001345390472110
154.68750000     10.001240033150234
156.25000000     10.001142921623146
157.81250000     10.001053411244129
159.37500000     10.000970907657182
160.93750000     10.000894862889821
162.50000000     10.000824771747011
164.06250000     10.000760168483387
165.62500000     10.000700623732584
167.18750000     10.000645741674097
168.75000000     10.000595157419523
170.31250000     10.000548534601375
171.87500000     10.000505563148929
173.43750000     10.000465957236758
175.00000000     10.000429453392631
176.56250000     10.000395808752524
178.12500000     10.000364799451367
179.68750000     10.000336219139058
181.25000000     10.000309877612048
182.81250000     10.000285599551530
184.37500000     10.000263223360013
185.93750000     10.000242600088601
187.50000000     10.000223592447970
189.06250000     10.000206073896519
190.62500000     10.000189927799717
192.18750000     10.000175046655073
193.75000000     10.000161331377669
195.31250000     10.000148690641488
196.87500000     10.000137040272234
198.43750000     10.000126302687601
200.00000000     10.000116406381306
201.56250000     10.000107285447458
203.12500000     10.000098879142138
204.68750000     10.000091131479257
206.25000000     10.000083990858041
207.81250000     10.000077409719653
209.37500000     10.000071344230685
210.93750000     10.000065753991427
212.50000000     10.000060601766956
214.06250000     10.000055853239280
215.62500000     10.000051476778886
217.18750000     10.000047443234166
218.75000000     10.000043725737335
220.31250000     10.000040299525541
221.87500000     10.000037141775984
223.43750000     10.000034231453943
225.00000000     10.000031549172716
226.56250000     10.000029077064507
228.12500000     10.000026798661445
229.68750000     10.000024698785907
231.25000000     10.000022763449451
232.81250000     10.000020979759633
234.37500000     10.000019335834162
235.93750000     10.000017820721743
237.50000000     10.000016424329145
239.06250000     10.000015137353975
240.62500000     10.000013951222714
242.18750000     10.000012858033609
243.75000000     10.000011850504045
245.31250000     10.000010921922032
246.87500000     10.000010066101501
248.43750000     10.000009277341087
250.00000000     10.000008550386163
251.56250000     10.000007880393829
253.12500000     10.000007262900656
254.68750000     10.000006693792951
256.25000000     10.000006169279354
257.81250000     10.000005685865585
259.37500000     10.000005240331161
260.93750000     10.000004829707946
262.50000000     10.000004451260377
264.06250000     10.000004102467246
265.62500000     10.000003781004896
267.18750000     10.000003484731742
268.75000000     10.000003211674017
270.31250000     10.000002960012605
271.87500000     10.000002728070932
273.43750000     10.000002514303802
275.00000000     10.000002317287091
276.56250000     10.000002135708270
278.12500000     10.000001968357653
279.68750000     10.000001814120346
281.25000000     10.000001671968812
282.81250000     10.000001540956035
284.37500000     10.000001420209200
285.93750000     10.000001308923887
287.50000000     10.000001206358707
289.06250000     10.000001111830366
290.62500000     10.000001024709110
292.18750000     10.000000944414536
293.75000000     10.000000870411712
295.31250000     10.000000802207630
296.87500000     10.000000739347909
298.43750000     10.000000681413777
300.00000000     10.000000628019269
301.56250000     10.000000578808669
303.12500000     10.000000533454132
304.68750000     10.000000491653505
306.25000000     10.000000453128310
307.81250000     10.000000417621887
309.37500000     10.000000384897691
310.93750000     10.000000354737711
312.50000000     10.000000326941020
314.06250000     10.000000301322434
315.62500000     10.000000277711280
317.18750000     10.000000255950258
318.75000000     10.000000235894396
320.31250000     10.000000217410079
321.87500000     10.000000200374165
323.43750000     10.000000184673159
325.00000000     10.000000170202458
326.56250000     10.000000156865658
328.12500000     10.000000144573910
329.68750000     10.000000133245324
331.25000000     10.000000122804428
332.81250000     10.000000113181665
334.37500000     10.000000104312926
335.93750000     10.000000096139127
337.50000000     10.000000088605814
339.06250000     10.000000081662801
340.62500000     10.000000075263831
342.18750000     10.000000069366275
343.75000000     10.000000063930841
345.31250000     10.000000058921319
346.87500000     10.000000054304337
348.43750000     10.000000050049135
350.00000000     10.000000046127361
351.56250000     10.000000042512893
353.12500000     10.000000039181650
354.68750000     10.000000036111436
356.25000000     10.000000033281800
357.81250000     10.000000030673890
359.37500000     10.000000028270332
360.93750000     10.000000026055112
362.50000000     10.000000024013474
364.06250000     10.000000022131816
365.62500000     10.000000020397602
367.18750000     10.000000018799277
368.75000000     10.000000017326194
370.31250000     10.000000015968540
371.87500000     10.000000014717271
373.43750000     10.000000013564048
375.00000000     10.000000012501191
376.56250000     10.000000011521617
378.12500000     10.000000010618800
379.68750000     10.000000009786728
381.25000000     10.000000009019855
382.81250000     10.000000008313073
384.37500000     10.000000007661674
385.93750000     10.000000007061317
387.50000000     10.000000006508003
389.06250000     10.000000005998047
390.62500000     10.000000005528049
392.18750000     10.000000005094879
393.75000000     10.000000004695652
395.31250000     10.000000004327708
396.87500000     10.000000003988596
398.43750000     10.000000003676055
400.00000000     10.000000003388006
401.56250000     10.000000003122526
403.12500000     10.000000002877851
404.68750000     10.000000002652346
406.25000000     10.000000002444512
407.81250000     10.000000002252964
409.37500000     10.000000002076426
410.93750000     10.000000001913721
412.50000000     10.000000001763764
414.06250000     10.000000001625558
415.62500000     10.000000001498183
417.18750000     10.000000001380787
418.75000000     10.000000001272591
420.31250000     10.000000001172872
421.87500000     10.000000001080968
423.43750000     10.000000000996264
425.00000000     10.000000000918199
426.56250000     10.000000000846251
428.12500000     10.000000000779940
429.68750000     10.000000000718824
431.25000000     10.000000000662499
432.81250000     10.000000000610587
434.37500000     10.000000000562741
435.93750000     10.000000000518646
437.50000000     10.000000000478005
439.06250000     10.000000000440551
440.62500000     10.000000000406029
442.18750000     10.000000000374213
443.75000000     10.000000000344890
445.31250000     10.000000000317865
446.87500000     10.000000000292959
448.43750000     10.000000000270003
450.00000000     10.000000000248846
451.56250000     10.000000000229345
453.12500000     10.000000000211376
454.68750000     10.000000000194811
456.25000000     10.000000000179547
457.81250000     10.000000000165478
459.37500000     10.000000000152511
460.93750000     10.000000000140561
462.50000000     10.000000000129546
464.06250000     10.000000000119396
465.62500000     10.000000000110040
467.18750000     10.000000000101418
468.75000000     10.000000000093470
470.31250000     10.000000000086146
471.87500000     10.000000000079396
473.43750000     10.000000000073175
475.00000000     10.000000000067441
476.56250000     10.000000000062157
478.12500000     10.000000000057286
479.68750000     10.000000000052797
481.25000000     10.000000000048660
482.81250000     10.000000000044848
484.37500000     10.000000000041332
485.93750000     10.000000000038094
487.50000000     10.000000000035110
489.06250000     10.000000000032358
490.62500000     10.000000000029823
492.18750000     10.000000000027486
493.75000000     10.000000000025333
495.31250000     10.000000000023347
496.87500000     10.000000000021517
498.43750000     10.000000000019831
500.00000000     10.000000000018277
501.56250000     10.000000000016845
503.12500000     10.000000000015525
504.68750000     10.000000000014309
506.25000000     10.000000000013188
507.81250000     10.000000000012154
509.37500000     10.000000000011202
510.93750000     10.000000000010324
512.50000000     10.000000000009516
514.06250000     10.000000000008770
515.62500000     10.000000000008082
517.18750000     10.000000000007448
518.75000000     10.000000000006866
520.31250000     10.000000000006327
521.87500000     10.000000000005832
523.43750000     10.000000000005375
525.00000000     10.000000000004954
526.56250000     10.000000000004565
528.12500000     10.000000000004208
529.68750000     10.000000000003878
531.25000000     10.000000000003574
532.81250000     10.000000000003293
534.37500000     10.000000000003036
535.93750000     10.000000000002798
537.50000000     10.000000000002579
539.06250000     10.000000000002377
540.62500000     10.000000000002190
542.18750000     10.000000000002018
543.75000000     10.000000000001860
545.31250000     10.000000000001714
546.87500000     10.000000000001581
548.43750000     10.000000000001457
550.00000000     10.000000000001343
551.56250000     10.000000000001238
553.12500000     10.000000000001140
554.68750000     10.000000000001052
556.25000000     10.000000000000968
557.81250000     10.000000000000894
559.37500000     10.000000000000822
560.93750000     10.000000000000759
562.50000000     10.000000000000698
564.06250000     10.000000000000645
565.62500000     10.000000000000593
567.18750000     10.000000000000547
568.75000000     10.000000000000504
570.31250000     10.000000000000465
571.87500000     10.000000000000428
573.43750000     10.000000000000394
575.00000000     10.000000000000364
576.56250000     10.000000000000336
578.12500000     10.000000000000309
579.68750000     10.000000000000284
581.25000000     10.000000000000263
582.81250000     10.000000000000242
584.37500000     10.000000000000224
585.93750000     10.000000000000206
587.50000000     10.000000000000190
589.06250000     10.000000000000174
590.62500000     10.000000000000162
592.18750000     10.000000000000147
593.75000000     10.000000000000137
595.31250000     10.000000000000126
596.87500000     10.000000000000115
598.43750000     10.000000000000107
600.00000000     10.000000000000099
601.56250000     10.000000000000091
603.12500000     10.000000000000083
604.68750000     10.000000000000076
606.25000000     10.000000000000071
607.81250000     10.000000000000066
609.37500000     10.000000000000060
610.93750000     10.000000000000055
612.50000000     10.000000000000052
614.06250000     10.000000000000048
615.62500000     10.000000000000044
617.18750000     10.000000000000041
618.75000000     10.000000000000037
620.31250000     10.000000000000034
621.87500000     10.000000000000032
623.43750000     10.000000000000028
625.00000000     10.000000000000027
626.56250000     10.000000000000025
628.12500000     10.000000000000023
629.68750000     10.000000000000021
631.25000000     10.000000000000020
632.81250000     10.000000000000018
634.37500000     10.000000000000016
635.93750000     10.000000000000014
637.50000000     10.000000000000014
639.06250000     10.000000000000012
640.62500000     10.000000000000012
642.18750000     10.000000000000011
643.75000000     10.000000000000011
645.31250000     10.000000000000009
646.87500000     10.000000000000009
648.43750000     10.000000000000007
650.00000000     10.000000000000007
651.56250000     10.000000000000007
653.12500000     10.000000000000005
654.68750000     10.000000000000005
656.25000000     10.000000000000005
657.81250000     10.000000000000005
659.37500000     10.000000000000004
660.93750000     10.000000000000004
662.50000000     10.000000000000004
664.06250000     10.000000000000004
665.62500000     10.000000000000004
667.18750000     10.000000000000004
668.75000000     10.000000000000004
670.31250000     10.000000000000002
671.87500000     10.000000000000002
673.43750000     10.000000000000002
675.00000000     10.000000000000002
676.56250000     10.000000000000002
678.12500000     10.000000000000002
679.68750000     10.000000000000002
681.25000000     10.000000000000002
682.81250000     10.000000000000002
684.37500000     10.000000000000002
685.93750000     10.000000000000002
687.50000000     10.000000000000002
689.06250000     10.000000000000002
690.62500000     10.000000000000000
692.18750000     10.000000000000000
693.75000000     10.000000000000000
695.31250000     10.000000000000000
696.87500000     10.000000000000000
698.43750000     10.000000000000000
700.00000000     10.000000000000000
701.56250000     10.000000000000000
703.12500000     10.000000000000000
704.68750000     10.000000000000000
706.25000000     10.000000000000000
707.81250000     10.000000000000000
709.37500000     10.000000000000000
710.93750000     10.000000000000000
712.50000000     10.000000000000000
714.06250000     10.000000000000000
715.62500000     10.000000000000000
717.18750000     10.000000000000000
718.75000000     10.000000000000000
720.31250000     10.000000000000000
721.87500000     10.000000000000000
723.43750000     10.000000000000000
725.00000000     10.000000000000000
726.56250000     10.000000000000000
728.12500000     10.000000000000000
729.68750000     10.000000000000000
731.25000000     10.000000000000000
732.81250000     10.000000000000000
734.37500000     10.000000000000000
735.93750000     10.000000000000000
737.50000000     10.000000000000000
739.06250000     10.000000000000000
740.62500000     10.000000000000000
742.18750000     10.000000000000000
743.75000000     10.000000000000000
745.31250000     10.000000000000000
746.87500000     10.000000000000000
748.43750000     10.000000000000000
750.00000000     10.000000000000000
751.56250000     10.000000000000000
753.12500000     10.000000000000000
754.68750000     10.000000000000000
756.25000000     10.000000000000000
757.81250000     10.000000000000000
759.37500000     10.000000000000000
760.93750000     10.000000000000000
762.50000000     10.000000000000000
764.06250000     10.000000000000000
765.62500000     10.000000000000000
767.18750000     10.000000000000000
768.75000000     10.000000000000000
770.31250000     10.000000000000000
771.87500000     10.000000000000000
773.43750000     10.000000000000000
775.00000000     10.000000000000000
776.56250000     10.000000000000000
778.12500000     10.000000000000000
779.68750000     10.000000000000000
781.25000000     10.000000000000000
782.81250000     10.000000000000000
784.37500000     10.000000000000000
785.93750000     10.000000000000000
787.50000000     10.000000000000000
789.06250000     10.000000000000000
790.62500000     10.000000000000000
792.18750000     10.000000000000000
793.75000000     10.000000000000000
795.31250000     10.000000000000000
796.87500000     10.000000000000000
798.43750000     10.000000000000000
800.00000000     10.000000000000000
801.56250000     10.000000000000000
803.12500000     10.000000000000000
804.68750000     10.000000000000000
806.25000000     10.000000000000000
807.81250000     10.000000000000000
809.37500000     10.000000000000000
810.93750000     10.000000000000000
812.50000000     10.000000000000000
814.06250000     10.000000000000000
815.62500000     10.000000000000000
817.18750000     10.000000000000000
818.75000000     10.000000000000000
820.31250000     10.000000000000000
821.87500000     10.000000000000000
823.43750000     10.000000000000000
825.00000000     10.000000000000000
826.56250000     10.000000000000000
828.12500000     10.000000000000000
829.68750000     10.000000000000000
831.25000000     10.000000000000000
832.81250000     10.000000000000000
834.37500000     10.000000000000000
835.93750000     10.000000000000000
837.50000000     10.000000000000000
839.06250000     10.000000000000000
840.62500000     10.000000000000000
842.18750000     10.000000000000000
843.75000000     10.000000000000000
845.31250000     10.000000000000000
846.87500000     10.000000000000000
848.43750000     10.000000000000000
850.00000000     10.000000000000000
851.56250000     10.000000000000000
853.12500000     10.000000000000000
854.68750000     10.000000000000000
856.25000000     10.000000000000000
857.81250000     10.000000000000000
859.37500000     10.000000000000000
860.93750000     10.000000000000000
862.50000000     10.000000000000000
864.06250000     10.000000000000000
865.62500000     10.000000000000000
867.18750000     10.000000000000000
868.75000000     10.000000000000000
870.31250000     10.000000000000000
871.87500000     10.000000000000000
873.43750000     10.000000000000000
875.00000000     10.000000000000000
876.56250000     10.000000000000000
878.12500000     10.000000000000000
879.68750000     10.000000000000000
881.25000000     10.000000000000000
882.81250000     10.000000000000000
884.37500000     10.000000000000000
885.93750000     10.000000000000000
887.50000000     10.000000000000000
889.06250000     10.000000000000000
890.62500000     10.000000000000000
892.18750000     10.000000000000000
893.75000000     10.000000000000000
895.31250000     10.000000000000000
896.87500000     10.000000000000000
898.43750000     10.000000000000000
900.00000000     10.000000000000000
901.56250000     10.000000000000000
903.12500000     10.000000000000000
904.68750000     10.000000000000000
906.25000000     10.000000000000000
907.81250000     10.000000000000000
909.37500000     10.000000000000000
910.93750000     10.000000000000000
912.50000000     10.000000000000000
914.06250000     10.000000000000000
915.62500000     10.000000000000000
917.18750000     10.000000000000000
918.75000000     10.000000000000000
920.31250000     10.000000000000000
921.87500000     10.000000000000000
923.43750000     10.000000000000000
925.00000000     10.000000000000000
926.56250000     10.000000000000000
928.12500000     10.000000000000000
929.68750000     10.000000000000000
931.25000000     10.000000000000000
932.81250000     10.000000000000000
934.37500000     10.000000000000000
935.93750000     10.000000000000000
937.50000000     10.000000000000000
939.06250000     10.000000000000000
940.62500000     10.000000000000000
942.18750000     10.000000000000000
943.75000000     10.000000000000000
945.31250000     10.000000000000000
946.87500000     10.000000000000000
948.43750000     10.000000000000000
950.00000000     10.000000000000000
951.56250000     10.000000000000000
953.12500000     10.000000000000000
954.68750000     10.000000000000000
956.25000000     10.000000000000000
957.81250000     10.000000000000000
959.37500000     10.000000000000000
960.93750000     10.000000000000000
962.50000000     10.000000000000000
964.06250000     10.000000000000000
965.62500000     10.000000000000000
967.18750000     10.000000000000000
968.75000000     10.000000000000000
970.31250000     10.000000000000000
971.87500000     10.000000000000000
973.43750000     10.000000000000000
975.00000000     10.000000000000000
976.56250000     10.000000000000000
978.12500000     10.000000000000000
979.68750000     10.000000000000000
981.25000000     10.000000000000000
982.81250000     10.000000000000000
984.37500000     10.000000000000000
985.93750000     10.000000000000000
987.50000000     10.000000000000000
989.06250000     10.000000000000000
990.62500000     10.000000000000000
992.18750000     10.000000000000000
993.75000000     10.000000000000000
995.31250000     10.000000000000000
996.87500000     10.000000000000000
998.43750000     10.000000000000000
1000.00000000     10.000000000000000
1001.56250000     10.000000000000000
1003.12500000     10.000000000000000
1004.68750000     10.000000000000000
1006.25000000     10.000000000000000
1007.81250000     10.000000000000000
1009.37500000     10.000000000000000
1010.93750000     10.000000000000000
1012.50000000     10.000000000000000
1014.06250000     10.000000000000000
1015.62500000     10.000000000000000
1017.18750000     10.000000000000000
1018.75000000     10.000000000000000
1020.31250000     10.000000000000000
1021.87500000     10.000000000000000
1023.43750000     10.000000000000000
1025.00000000     10.000000000000000
1026.56250000     10.000000000000000
1028.12500000     10.000000000000000
1029.68750000     10.000000000000000
1031.25000000     10.000000000000000
1032.81250000     10.000000000000000
1034.37500000     10.000000000000000
1035.93750000     10.000000000000000
1037.50000000     10.000000000000000
1039.06250000     10.000000000000000
1040.62500000     10.000000000000000
1042.18750000     10.000000000000000
1043.75000000     10.000000000000000
1045.31250000     10.000000000000000
1046.87500000     10.000000000000000
1048.43750000     10.000000000000000
1050.00000000     10.000000000000000
1051.56250000     10.000000000000000
1053.12500000     10.000000000000000
1054.68750000     10.000000000000000
1056.25000000     10.000000000000000
1057.81250000     10.000000000000000
1059.37500000     10.000000000000000
1060.93750000     10.000000000000000
1062.50000000     10.000000000000000
1064.06250000     10.000000000000000
1065.62500000     10.000000000000000
1067.18750000     10.000000000000000
1068.75000000     10.000000000000000
1070.31250000     10.000000000000000
1071.87500000     10.000000000000000
1073.43750000     10.000000000000000
1075.00000000     10.000000000000000
1076.56250000     10.000000000000000
1078.12500000     10.000000000000000
1079.68750000     10.000000000000000
1081.25000000     10.000000000000000
1082.81250000     10.000000000000000
1084.37500000     10.000000000000000
1085.93750000     10.000000000000000
1087.50000000     10.000000000000000
1089.06250000     10.000000000000000
1090.62500000     10.000000000000000
1092.18750000     10.000000000000000
1093.75000000     10.000000000000000
1095.31250000     10.000000000000000
1096.87500000     10.000000000000000
1098.43750000     10.000000000000000
1100.00000000     10.000000000000000
1101.56250000     10.000000000000000
1103.12500000     10.000000000000000
1104.68750000     10.000000000000000
1106.25000000     10.000000000000000
1107.81250000     10.000000000000000
1109.37500000     10.000000000000000
1110.93750000     10.000000000000000
1112.50000000     10.000000000000000
1114.06250000     10.000000000000000
1115.62500000     10.000000000000000
1117.18750000     10.000000000000000
1118.75000000     10.000000000000000
1120.31250000     10.000000000000000
1121.87500000     10.000000000000000
1123.43750000     10.000000000000000
1125.00000000     10.000000000000000
1126.56250000     10.000000000000000
1128.12500000     10.000000000000000
1129.68750000     10.000000000000000
1131.25000000     10.000000000000000
1132.81250000     10.000000000000000
1134.37500000     10.000000000000000
1135.93750000     10.000000000000000
1137.50000000     10.000000000000000
1139.06250000     10.000000000000000
1140.62500000     10.000000000000000
1142.18750000     10.000000000000000
1143.75000000     10.000000000000000
1145.31250000     10.000000000000000
1146.87500000     10.000000000000000
1148.43750000     10.000000000000000
1150.00000000     10.000000000000000
1151.56250000     10.000000000000000
1153.12500000     10.000000000000000
1154.68750000     10.000000000000000
1156.25000000     10.000000000000000
1157.81250000     10.000000000000000
1159.37500000     10.000000000000000
1160.93750000     10.000000000000000
1162.50000000     10.000000000000000
1164.06250000     10.000000000000000
1165.62500000     10.000000000000000
1167.18750000     10.000000000000000
1168.75000000     10.000000000000000
1170.31250000     10.000000000000000
1171.87500000     10.000000000000000
1173.43750000     10.000000000000000
1175.00000000     10.000000000000000
1176.56250000     10.000000000000000
1178.12500000     10.000000000000000
1179.68750000     10.000000000000000
1181.25000000     10.000000000000000
1182.81250000     10.000000000000000
1184.37500000     10.000000000000000
1185.93750000     10.000000000000000
1187.50000000     10.000000000000000
1189.06250000     10.000000000000000
1190.62500000     10.000000000000000
1192.18750000     10.000000000000000
1193.75000000     10.000000000000000
1195.31250000     10.000000000000000
1196.87500000     10.000000000000000
1198.43750000     10.000000000000000
1200.00000000     10.000000000000000
1201.56250000     10.000000000000000
1203.12500000     10.000000000000000
1204.68750000     10.000000000000000
1206.25000000     10.000000000000000
1207.81250000     10.000000000000000
1209.37500000     10.000000000000000
1210.93750000     10.000000000000000
1212.50000000     10.000000000000000
1214.06250000     10.000000000000000
1215.62500000     10.000000000000000
1217.18750000     10.000000000000000
1218.75000000     10.000000000000000
1220.31250000     10.000000000000000
1221.87500000     10.000000000000000
1223.43750000     10.000000000000000
1225.00000000     10.000000000000000
1226.56250000     10.000000000000000
1228.12500000     10.000000000000000
1229.68750000     10.000000000000000
1231.25000000     10.000000000000000
1232.81250000     10.000000000000000
1234.37500000     10.000000000000000
1235.93750000     10.000000000000000
1237.50000000     10.000000000000000
1239.06250000     10.000000000000000
1240.62500000     10.000000000000000
1242.18750000     10.000000000000000
1243.75000000     10.000000000000000
1245.31250000     10.000000000000000
1246.87500000     10.000000000000000
1248.43750000     10.000000000000000
1250.00000000     10.000000000000000
1251.56250000     10.000000000000000
1253.12500000     10.000000000000000
1254.68750000     10.000000000000000
1256.25000000     10.000000000000000
1257.81250000     10.000000000000000
1259.37500000     10.000000000000000
1260.93750000     10.000000000000000
1262.50000000     10.000000000000000
1264.06250000     10.000000000000000
1265.62500000     10.000000000000000
1267.18750000     10.000000000000000
1268.75000000     10.000000000000000
1270.31250000     10.000000000000000
1271.87500000     10.000000000000000
1273.43750000     10.000000000000000
1275.00000000     10.000000000000000
1276.56250000     10.000000000000000
1278.12500000     10.000000000000000
1279.68750000     10.000000000000000
1281.25000000     10.000000000000000
1282.81250000     10.000000000000000
1284.37500000     10.000000000000000
1285.93750000     10.000000000000000
1287.50000000     10.000000000000000
1289.06250000     10.000000000000000
1290.62500000     10.000000000000000
1292.18750000     10.000000000000000
1293.75000000     10.000000000000000
1295.31250000     10.000000000000000
1296.87500000     10.000000000000000
1298.43750000     10.000000000000000
1300.00000000     10.000000000000000
1301.56250000     10.000000000000000
1303.12500000     10.000000000000000
1304.68750000     10.000000000000000
1306.25000000     10.000000000000000
1307.81250000     10.000000000000000
1309.37500000     10.000000000000000
1310.93750000     10.000000000000000
1312.50000000     10.000000000000000
1314.06250000     10.000000000000000
1315.62500000     10.000000000000000
1317.18750000     10.000000000000000
1318.75000000     10.000000000000000
1320.31250000     10.000000000000000
1321.87500000     10.000000000000000
1323.43750000     10.000000000000000
1325.00000000     10.000000000000000
1326.56250000     10.000000000000000
1328.12500000     10.000000000000000
1329.68750000     10.000000000000000
1331.25000000     10.000000000000000
1332.81250000     10.000000000000000
1334.37500000     10.000000000000000
1335.93750000     10.000000000000000
1337.50000000     10.000000000000000
1339.06250000     10.000000000000000
1340.62500000     10.000000000000000
1342.18750000     10.000000000000000
1343.75000000     10.000000000000000
1345.31250000     10.000000000000000
1346.87500000     10.000000000000000
1348.43750000     10.000000000000000
1350.00000000     10.000000000000000
1351.56250000     10.000000000000000
1353.12500000     10.000000000000000
1354.68750000     10.000000000000000
1356.25000000     10.000000000000000
1357.81250000     10.000000000000000
1359.37500000     10.000000000000000
1360.93750000     10.000000000000000
1362.50000000     10.000000000000000
1364.06250000     10.000000000000000
1365.62500000     10.000000000000000
1367.18750000     10.000000000000000
1368.75000000     10.000000000000000
1370.31250000     10.000000000000000
1371.87500000     10.000000000000000
1373.43750000     10.000000000000000
1375.00000000     10.000000000000000
1376.56250000     10.000000000000000
1378.12500000     10.000000000000000
1379.68750000     10.000000000000000
1381.25000000     10.000000000000000
1382.81250000     10.000000000000000
1384.37500000     10.000000000000000
1385.93750000     10.000000000000000
1387.50000000     10.000000000000000
1389.06250000     10.000000000000000
1390.62500000     10.000000000000000
1392.18750000     10.000000000000000
1393.75000000     10.000000000000000
1395.31250000     10.000000000000000
1396.87500000     10.000000000000000
1398.43750000     10.000000000000000
1400.00000000     10.000000000000000
1401.56250000     10.000000000000000
1403.12500000     10.000000000000000
1404.68750000     10.000000000000000
1406.25000000     10.000000000000000
1407.81250000     10.000000000000000
1409.37500000     10.000000000000000
1410.93750000     10.000000000000000
1412.50000000     10.000000000000000
1414.06250000     10.000000000000000
1415.62500000     10.000000000000000
1417.18750000     10.000000000000000
1418.75000000     10.000000000000000
1420.31250000     10.000000000000000
1421.87500000     10.000000000000000
1423.43750000     10.000000000000000
1425.00000000     10.000000000000000
1426.56250000     10.000000000000000
1428.12500000     10.000000000000000
1429.68750000     10.000000000000000
1431.25000000     10.000000000000000
1432.81250000     10.000000000000000
1434.37500000     10.000000000000000
1435.93750000     10.000000000000000
1437.50000000     10.000000000000000
1439.06250000     10.000000000000000
1440.62500000     10.000000000000000
1442.18750000     10.000000000000000
1443.75000000     10.000000000000000
1445.31250000     10.000000000000000
1446.87500000     10.000000000000000
1448.43750000     10.000000000000000
1450.00000000     10.000000000000000
1451.56250000     10.000000000000000
1453.12500000     10.000000000000000
1454.68750000     10.000000000000000
1456.25000000     10.000000000000000
1457.81250000     10.000000000000000
1459.37500000     10.000000000000000
1460.93750000     10.000000000000000
1462.50000000     10.000000000000000
1464.06250000     10.000000000000000
1465.62500000     10.000000000000000
1467.18750000     10.000000000000000
1468.75000000     10.000000000000000
1470.31250000     10.000000000000000
1471.87500000     10.000000000000000
1473.43750000     10.000000000000000
1475.00000000     10.000000000000000
1476.56250000     10.000000000000000
1478.12500000     10.000000000000000
1479.68750000     10.000000000000000
1481.25000000     10.000000000000000
1482.81250000     10.000000000000000
1484.37500000     10.000000000000000
1485.93750000     10.000000000000000
1487.50000000     10.000000000000000
1489.06250000     10.000000000000000
1490.62500000     10.000000000000000
1492.18750000     10.000000000000000
1493.75000000     10.000000000000000
1495.31250000     10.000000000000000
1496.87500000     10.000000000000000
1498.43750000     10.000000000000000
