300.00000000     1.80000000000000004441
300.31250000     1.80000000000000004441
300.62500000     1.80000000000000004441
300.93750000     1.80000000000000004441
301.25000000     1.80000000000000004441
301.56250000     1.80000000000000004441
301.87500000     1.80000000000000004441
302.18750000     1.80000000000000004441
302.50000000     1.80000000000000004441
302.81250000     1.80000000000000004441
303.12500000     1.80000000000000004441
303.43750000     1.80000000000000004441
303.75000000     1.80000000000000004441
304.06250000     1.80000000000000004441
304.37500000     1.80000000000000004441
304.68750000     1.80000000000000004441
305.00000000     1.80000000000000004441
305.31250000     1.80000000000000004441
305.62500000     1.80000000000000004441
305.93750000     1.80000000000000004441
306.25000000     1.80000000000000004441
306.56250000     1.80000000000000004441
306.87500000     1.80000000000000004441
307.18750000     1.80000000000000004441
307.50000000     1.80000000000000004441
307.81250000     1.80000000000000004441
308.12500000     1.80000000000000004441
308.43750000     1.80000000000000004441
308.75000000     1.80000000000000004441
309.06250000     1.80000000000000004441
309.37500000     1.80000000000000004441
309.68750000     1.80000000000000004441
310.00000000     1.79999999999000004358
310.31250000     1.79999999999000004358
310.62500000     1.79999999999000004358
310.93750000     1.79999999999000004358
311.25000000     1.79999999999000004358
311.56250000     1.79999999999000004358
311.87500000     1.79999999999000004358
312.18750000     1.79999999999000004358
312.50000000     1.79999999998000004275
312.81250000     1.79999999998000004275
313.12500000     1.79999999998000004275
313.43750000     1.79999999997000004193
313.75000000     1.79999999997000004193
314.06250000     1.79999999997000004193
314.37500000     1.79999999996000004110
314.68750000     1.79999999995000004027
315.00000000     1.79999999995000004027
315.31250000     1.79999999994000003944
315.62500000     1.79999999993000003862
315.93750000     1.79999999992000003779
316.25000000     1.79999999991000003696
316.56250000     1.79999999989000003531
316.87500000     1.79999999987000003365
317.18750000     1.79999999985000003200
317.50000000     1.79999999983000003034
317.81250000     1.79999999981000002869
318.12500000     1.79999999978000002621
318.43750000     1.79999999974000002290
318.75000000     1.79999999970000001959
319.06250000     1.79999999966000001628
319.37500000     1.79999999961000001214
319.68750000     1.79999999955000000718
320.00000000     1.79999999948000000138
320.31250000     1.79999999939999999476
320.62500000     1.79999999930999998732
320.93750000     1.79999999920999997904
321.25000000     1.79999999908999996912
321.56250000     1.79999999894999995753
321.87500000     1.79999999878999994429
322.18750000     1.79999999860999992940
322.50000000     1.79999999840999991285
322.81250000     1.79999999816999989299
323.12500000     1.79999999790000009270
323.43750000     1.79999999759000006705
323.75000000     1.79999999723000003726
324.06250000     1.79999999682000000334
324.37500000     1.79999999635999996528
324.68750000     1.79999999582999992143
325.00000000     1.79999999522000009300
325.31250000     1.79999999452000003508
325.62500000     1.79999999371999996889
325.93750000     1.79999999281999989442
326.25000000     1.79999999178000003042
326.56250000     1.79999999058999993196
326.87500000     1.79999998924000004230
327.18750000     1.79999998769999991488
327.50000000     1.79999998593999999130
327.81250000     1.79999998393000004704
328.12500000     1.79999998165000008044
328.43750000     1.79999997904000008653
328.75000000     1.79999997608000006366
329.06250000     1.79999997270000000604
329.37500000     1.79999996885999991036
329.68750000     1.79999996448999999288
330.00000000     1.79999995952000002575
330.31250000     1.79999995387000000235
330.62500000     1.79999994744999991525
330.93750000     1.79999994015999997821
331.25000000     1.79999993187999995925
331.56250000     1.79999992249000007050
331.87500000     1.79999991182000007583
332.18750000     1.79999989972999996368
332.50000000     1.79999988601999993953
332.81250000     1.79999987047999998602
333.12500000     1.79999985288000008410
333.43750000     1.79999983293999998857
333.75000000     1.79999981036999989747
334.06250000     1.79999978484000000556
334.37500000     1.79999975595000005768
334.68750000     1.79999972330000002074
335.00000000     1.79999968639000007542
335.31250000     1.79999964468999995582
335.62500000     1.79999959760000005637
335.93750000     1.79999954445000009962
336.25000000     1.79999948447000002183
336.56250000     1.79999941681999997556
336.87500000     1.79999934056000010507
337.18750000     1.79999925462000009979
337.50000000     1.79999915781000008330
337.81250000     1.79999904880999994639
338.12500000     1.79999892613000000985
338.43750000     1.79999878812999991595
338.75000000     1.79999863293999995406
339.06250000     1.79999845850999995456
339.37500000     1.79999826254999995001
339.68750000     1.79999804248999994982
340.00000000     1.79999779546999993940
340.31250000     1.79999751834000010220
340.62500000     1.79999720754999992245
340.93750000     1.79999685917999996398
341.25000000     1.79999646887000008810
341.56250000     1.79999603177999989434
341.87500000     1.79999554253000004778
342.18750000     1.79999499516000005528
342.50000000     1.79999438306000003607
342.81250000     1.79999369892000005144
343.12500000     1.79999293462000009569
343.43750000     1.79999208120000009359
343.75000000     1.79999112873999989048
344.06250000     1.79999006628999991264
344.37500000     1.79998888175000004708
344.68750000     1.79998756176000007656
345.00000000     1.79998609158999989255
345.31250000     1.79998445501999992935
345.62500000     1.79998263416000003900
345.93750000     1.79998060934999992710
346.25000000     1.79997835894000002277
346.56250000     1.79997585914999991274
346.87500000     1.79997308387000010121
347.18750000     1.79997000441999999154
347.50000000     1.79996658939000009347
347.81250000     1.79996280430999999744
348.12500000     1.79995861146999991398
348.43750000     1.79995396959999998110
348.75000000     1.79994883359000001910
349.06250000     1.79994315414999994651
349.37500000     1.79993687747999997484
349.68750000     1.79992994491999991347
350.00000000     1.79992229251000002144
350.31250000     1.79991385065000009114
350.62500000     1.79990454362000007471
350.93750000     1.79989428911000004518
351.25000000     1.79988299773999993469
351.56250000     1.79987057253999993556
351.87500000     1.79985690840000001067
352.18750000     1.79984189151000006923
352.50000000     1.79982539872999991459
352.81250000     1.79980729697000008116
353.12500000     1.79978744252000000259
353.43750000     1.79976568039999995641
353.75000000     1.79974184357000011047
354.06250000     1.79971575227000002428
354.37500000     1.79968721318999991254
354.68750000     1.79965601869999991536
355.00000000     1.79962194607000003366
355.31250000     1.79958475659000005642
355.62500000     1.79954419473999993606
355.93750000     1.79949998737999994347
356.25000000     1.79945184278999992245
356.56250000     1.79939944988999989128
356.87500000     1.79934247730999996584
357.18750000     1.79928057259000007129
357.50000000     1.79921336124000008638
357.81250000     1.79914044599000000346
358.12500000     1.79906140595000008098
358.43750000     1.79897579584999989244
358.75000000     1.79888314529000004072
359.06250000     1.79878295809000010586
359.37500000     1.79867471167999992687
359.68750000     1.79855785651999999786
360.00000000     1.79843181568000010095
360.31250000     1.79829598443999993940
360.62500000     1.79814973004000000500
360.93750000     1.79799239153000001146
361.25000000     1.79782327973000000121
361.56250000     1.79764167737999991381
361.87500000     1.79744683933000004572
362.18750000     1.79723799305999998310
362.50000000     1.79701433916999997464
362.81250000     1.79677505223999989248
363.12500000     1.79651928171999997197
363.43750000     1.79624615315000002447
363.75000000     1.79595476946999998979
364.06250000     1.79564421262000006863
364.37500000     1.79531354532999998241
364.68750000     1.79496181310000002540
365.00000000     1.79458804643999991768
365.31250000     1.79419126330999989527
365.62500000     1.79377047172000003705
365.93750000     1.79332467266000006312
366.25000000     1.79285286305000002294
366.56250000     1.79235403905999990393
366.87500000     1.79182719946999990945
367.18750000     1.79127134921000008561
367.50000000     1.79068550309999996450
367.81250000     1.79006868962999998729
368.12500000     1.78941995489000005293
368.43750000     1.78873836647000006295
368.75000000     1.78802301756000003863
369.06250000     1.78727303084999999960
369.37500000     1.78648756263000008104
369.68750000     1.78566580661999996238
370.00000000     1.78480699788000007899
370.31250000     1.78391041649999992913
370.62500000     1.78297539118999992525
370.93750000     1.78200130260999989318
371.25000000     1.78098758658000000388
371.56250000     1.77993373698999990395
371.87500000     1.77883930836000003772
372.18750000     1.77770391828000007273
372.50000000     1.77652724929999994430
372.81250000     1.77530905068000000036
373.12500000     1.77404913960999999212
373.43750000     1.77274740215000004007
373.75000000     1.77140379377000001249
374.06250000     1.77001833946999997949
374.37500000     1.76859113352999997026
374.68750000     1.76712233884999991851
375.00000000     1.76561218596000002456
375.31250000     1.76406097156999996933
375.62500000     1.76246905684000010339
375.93750000     1.76083686528999994181
376.25000000     1.75916488038999996313
376.56250000     1.75745364286000005372
376.87500000     1.75570374769999992814
377.18750000     1.75391584096999997300
377.50000000     1.75209061645000008234
377.81250000     1.75022881200000002266
378.12500000     1.74833120589000001743
378.43750000     1.74639861297999998690
378.75000000     1.74443188079999988993
379.06250000     1.74243188569000007071
379.37500000     1.74039952879000003882
379.68750000     1.73833573218999992704
380.00000000     1.73624143506999994990
380.31250000     1.73411758988000008763
380.62500000     1.73196515872000000869
380.93750000     1.72978510976000010579
381.25000000     1.72757841389000010857
381.56250000     1.72534604139999991901
381.87500000     1.72308895902000003275
382.18750000     1.72080812698999996435
382.50000000     1.71850449641000002643
382.81250000     1.71617900682000001922
383.12500000     1.71383258387999992678
383.43750000     1.71146613738999997523
383.75000000     1.70908055948000003887
384.06250000     1.70667672292999994532
384.37500000     1.70425547985000003237
384.68750000     1.70181766039999993190
385.00000000     1.69936407187000004804
385.31250000     1.69689549775999992676
385.62500000     1.69441269722999998670
385.93750000     1.69191640455999992021
386.25000000     1.68940732883999999991
386.56250000     1.68688615381999995613
386.87500000     1.68435353786000008292
387.18750000     1.68181011398999991080
387.50000000     1.67925649014000000214
387.81250000     1.67669324939999997426
388.12500000     1.67412095042000008682
388.43750000     1.67154012785999994684
388.75000000     1.66895129294000010844
389.06250000     1.66635493397999989718
389.37500000     1.66375151709999991034
389.68750000     1.66114148683000006912
390.00000000     1.65852526683999990098
390.31250000     1.65590326069999993486
390.62500000     1.65327585256999998187
390.93750000     1.65064340800000008969
391.25000000     1.64800627466999993764
391.56250000     1.64536478318000001231
391.87500000     1.64271924776999989071
392.18750000     1.64006996711000008204
392.50000000     1.63741722500000008722
392.81250000     1.63476129112000001520
393.12500000     1.63210242174999997644
393.43750000     1.62944086041999991465
393.75000000     1.62677683859000010713
394.06250000     1.62411057631000010915
394.37500000     1.62144228283999991547
394.68750000     1.61877215723000000835
395.00000000     1.61610038891000007411
395.31250000     1.61342715821999993508
395.62500000     1.61075263696000003932
395.93750000     1.60807698889999994840
396.25000000     1.60540037019999992651
396.56250000     1.60272292994000009614
396.87500000     1.60004481050000002540
397.18750000     1.59736614798000009507
397.50000000     1.59468707261999997904
397.81250000     1.59200770912000000301
398.12500000     1.58932817702000006577
398.43750000     1.58664859103999988932
398.75000000     1.58396906135999993026
399.06250000     1.58128969395000007481
399.37500000     1.57861059083000010439
399.68750000     1.57593185034999994087
400.00000000     1.57325356742000010968
400.31250000     1.57057583376999998492
400.62500000     1.56789873819000002975
400.93750000     1.56522236670000003400
401.25000000     1.56254680280000002313
401.56250000     1.55987212764000005016
401.87500000     1.55719842022999999109
402.18750000     1.55452575759000000133
402.50000000     1.55185421493000008653
402.81250000     1.54918386584999989708
403.12500000     1.54651478244000006868
403.43750000     1.54384703547000001755
403.75000000     1.54118069455999995299
404.06250000     1.53851582825999999571
404.37500000     1.53585250425999997326
404.68750000     1.53319078950000009520
405.00000000     1.53053075030000007573
405.31250000     1.52787245250000003338
405.62500000     1.52521596164000006191
405.93750000     1.52256134301000001230
406.25000000     1.51990866185999995430
406.56250000     1.51725798351999996427
406.87500000     1.51460937351999991307
407.18750000     1.51196289774999992339
407.50000000     1.50931862258999993642
407.81250000     1.50667661507999994797
408.12500000     1.50403694306000002001
408.43750000     1.50139967533000007194
408.75000000     1.49876488181999989457
409.06250000     1.49613263377000005327
409.37500000     1.49350300389999990358
409.68750000     1.49087606659000004861
410.00000000     1.48825189812999991723
410.31250000     1.48563057685999999613
410.62500000     1.48301218346000007742
410.93750000     1.48039680117999994380
411.25000000     1.47778451605000005209
411.56250000     1.47517541721000000621
411.87500000     1.47256959717999991177
412.18750000     1.46996715217999995851
412.50000000     1.46736818246000000343
412.81250000     1.46477279270000004807
413.12500000     1.46218109235000004453
413.43750000     1.45959319610999993522
413.75000000     1.45700922435999991045
414.06250000     1.45442930369000000823
414.37500000     1.45185356743999993689
414.68750000     1.44928215625000000877
415.00000000     1.44671521880000009119
415.31250000     1.44415291242000010108
415.62500000     1.44159540391000007276
415.93750000     1.43904287042000000874
416.25000000     1.43649550026999994756
416.56250000     1.43395349408000005731
416.87500000     1.43141706579000005384
417.18750000     1.42888644392999997201
417.50000000     1.42636187295000005371
417.81250000     1.42384361466999997958
418.12500000     1.42133194994999989547
418.43750000     1.41882718043999989099
418.75000000     1.41632963056999994222
419.06250000     1.41383964973000009202
419.37500000     1.41135761469999998496
419.68750000     1.40888393226999997232
420.00000000     1.40641904224000002799
420.31250000     1.40396342068000001824
420.62500000     1.40151758350999999791
420.93750000     1.39908209059000010477
421.25000000     1.39665755014000003698
421.56250000     1.39424462367999990597
421.87500000     1.39184403161000003202
422.18750000     1.38945655923000011001
422.50000000     1.38708306364000000244
422.81250000     1.38472448126999991835
423.12500000     1.38238183631000000062
423.43750000     1.38005625008999999181
423.75000000     1.37774895154000009967
424.06250000     1.37546128878999995848
424.37500000     1.37319474207999991933
424.68750000     1.37095093817000002190
425.00000000     1.36873166629999998278
425.31250000     1.36653889592999999714
425.62500000     1.36437479647999992949
425.93750000     1.36224175915000000892
426.25000000     1.36014242104999993899
426.56250000     1.35807969197000000250
426.87500000     1.35605678377999994133
427.18750000     1.35407724277000007795
427.50000000     1.35214498510000002973
427.81250000     1.35026433549999991257
428.12500000     1.34844006925000003960
428.43750000     1.34667745750000000804
428.75000000     1.34498231583000005251
429.06250000     1.34336105586999998707
429.37500000     1.34182073936999990416
429.68750000     1.34036913422999992562
430.00000000     1.33901477144000002895
430.31250000     1.33776700139000004341
430.62500000     1.33663604300999994123
430.93750000     1.33563301687999991252
431.25000000     1.33477019223999993081
431.56250000     1.33406154650000008388
431.87500000     1.33351314956999988937
432.18750000     1.33312958520000002238
432.50000000     1.33302017292999996911
432.81250000     1.33307016758000007606
433.12500000     1.33335574481999996621
433.43750000     1.33390173610000006832
433.75000000     1.33470855754999995213
434.06250000     1.33580365916999999065
434.37500000     1.33720110861999996743
434.68750000     1.33891573631999993843
435.00000000     1.34096022562999994676
435.31250000     1.34334349947999998065
435.62500000     1.34606978567999990837
435.93750000     1.34913725538000006665
436.25000000     1.35253653987999999941
436.56250000     1.35624920787999991845
436.87500000     1.36024626411999993714
437.18750000     1.36448678611000007166
437.50000000     1.36891684854000006411
437.81250000     1.37346890874000004956
438.12500000     1.37806184016999999642
438.43750000     1.38260179774000002695
438.75000000     1.38698407802000001077
439.06250000     1.39109609316000004675
439.37500000     1.39482105252999999401
439.68750000     1.39804034635999996361
440.00000000     1.40065135487999992137
440.31250000     1.40266633043999999764
440.62500000     1.40371199606999996767
440.93750000     1.40381232404000000358
441.25000000     1.40317302575999991454
441.56250000     1.40170917964000008027
441.87500000     1.39938680773000001523
442.18750000     1.39630660077000001706
442.50000000     1.39255405554000000201
442.81250000     1.38823610634999994318
443.12500000     1.38347754189000005098
443.43750000     1.37841193200999989621
443.75000000     1.37317689288000011061
444.06250000     1.36790920454000008988
444.37500000     1.36274059622000009995
444.68750000     1.35779459693000004172
445.00000000     1.35318436807999997740
445.31250000     1.34901140283999998459
445.62500000     1.34536540867999998561
445.93750000     1.34232692816000009906
446.25000000     1.33995190997999991112
446.56250000     1.33817590486999993260
446.87500000     1.33745897725000006950
447.18750000     1.33743462231999998835
447.50000000     1.33823299995000000173
447.81250000     1.33979723281000007162
448.12500000     1.34218953399000007209
448.43750000     1.34535792902999995491
448.75000000     1.34924677493999989331
449.06250000     1.35378198470000010722
449.37500000     1.35886035474999999906
449.68750000     1.36435042870999989617
450.00000000     1.37009225664000000577
450.31250000     1.37589922945000009413
450.62500000     1.38156286585000009914
450.93750000     1.38686006848000009661
451.25000000     1.39156020292000004446
451.56250000     1.39545543862999998908
451.87500000     1.39851012720000000833
452.18750000     1.40016832796999990407
452.50000000     1.40033083863999996410
452.81250000     1.39945071353000005665
453.12500000     1.39733766251000002256
453.43750000     1.39401777137999993705
453.75000000     1.38969043098000000214
454.06250000     1.38455134707999993893
454.37500000     1.37883206465000007768
454.68750000     1.37278743587000007231
455.00000000     1.36667705307000009185
455.31250000     1.36075389019000003721
455.62500000     1.35525441326999995795
455.93750000     1.35039299126999989831
456.25000000     1.34635656148999993675
456.56250000     1.34321791576999993723
456.87500000     1.34111136043000001017
457.18750000     1.34065649830999999992
457.50000000     1.34109124259999989981
457.81250000     1.34274145133000000207
458.12500000     1.34558495326999993935
458.43750000     1.34949008802000003371
458.75000000     1.35433732537999995671
459.06250000     1.35993498590000005954
459.37500000     1.36604544817999995487
459.68750000     1.37238674188999998371
460.00000000     1.37864066899999992977
460.31250000     1.38446549184999989635
460.62500000     1.38952025866999995252
460.93750000     1.39361165158999988911
461.25000000     1.39641276389999990926
461.56250000     1.39700657859000010319
461.87500000     1.39644082982999995224
462.18750000     1.39431393580000007049
462.50000000     1.39071243884000006474
462.81250000     1.38591673997000008889
463.12500000     1.38020942897999998600
463.43750000     1.37394630697999997615
463.75000000     1.36750493959000007926
464.06250000     1.36126033441000005020
464.37500000     1.35556860193999995090
464.68750000     1.35074439525000000728
465.00000000     1.34692965579999990311
465.31250000     1.34444957890999994277
465.62500000     1.34397676137999999568
465.93750000     1.34463896512999991906
466.25000000     1.34677313864999992354
466.56250000     1.35033444690000004051
466.87500000     1.35507829087000009061
467.18750000     1.36075807456000008600
467.50000000     1.36703333519999992163
467.81250000     1.37350321678000009129
468.12500000     1.37972412424000001607
468.43750000     1.38524589326000002742
468.75000000     1.38979392513999999714
469.06250000     1.39287028884999997125
469.37500000     1.39348685237999991848
469.68750000     1.39277866795000004885
470.00000000     1.39034699076999990197
470.31250000     1.38631866433000006111
470.62500000     1.38108326176999995916
470.93750000     1.37504243579999996250
471.25000000     1.36867014561999988942
471.56250000     1.36245518848000002343
471.87500000     1.35686505535999990535
472.18750000     1.35224947784000004702
472.50000000     1.34872292481999989100
472.81250000     1.34762200566999990059
473.12500000     1.34780321593999996566
473.43750000     1.34966035354000002400
473.75000000     1.35305299746000007310
474.06250000     1.35776370039000005008
474.37500000     1.36343257061999989510
474.68750000     1.36960162444999999920
475.00000000     1.37575119325999994935
475.31250000     1.38134343924999991593
475.62500000     1.38603163819999997131
475.93750000     1.38913552176000010263
476.25000000     1.38970852112999998518
476.56250000     1.38887863969999991731
476.87500000     1.38627985481999993489
477.18750000     1.38209892981999993289
477.50000000     1.37681550787999995578
477.81250000     1.37093801798999992414
478.12500000     1.36503321018000001175
478.43750000     1.35965717524999996080
478.75000000     1.35517565524000005439
479.06250000     1.35206159874999998216
479.37500000     1.35138590100000000049
479.68750000     1.35200210038000001589
480.00000000     1.35430076824999989782
480.31250000     1.35811747125999993102
480.62500000     1.36303346870000008373
480.93750000     1.36857159728000010723
481.25000000     1.37415092744999989272
481.56250000     1.37920489724999995040
481.87500000     1.38342029263000010353
482.18750000     1.38548433056999997781
482.50000000     1.38553475551999993876
482.81250000     1.38416966442999989084
483.12500000     1.38111677432999990778
483.43750000     1.37679984343999994856
483.75000000     1.37174665702000009304
484.06250000     1.36656238174000010943
484.37500000     1.36182139705999993851
484.68750000     1.35786033615999990332
485.00000000     1.35567255937000008537
485.31250000     1.35548915035999995027
485.62500000     1.35656984773999989002
485.93750000     1.35920833911000005223
486.25000000     1.36306067371999994897
486.56250000     1.36762998706999994170
486.87500000     1.37233783144000009990
487.18750000     1.37663212528000000745
487.50000000     1.38017612990999993805
487.81250000     1.38142821744000010575
488.12500000     1.38126477804000002969
488.43750000     1.37970853327000009259
488.75000000     1.37677378426000007750
489.06250000     1.37293274172999990590
489.37500000     1.36874637976999991018
489.68750000     1.36477552864000006849
490.00000000     1.36138507958999999126
490.31250000     1.35958962604999999968
490.62500000     1.35949426361000003105
490.93750000     1.36045686938000010002
491.25000000     1.36274444025999996732
491.56250000     1.36593585969999997687
491.87500000     1.36954066015999997852
492.18750000     1.37303908492000004138
492.50000000     1.37606877498000002014
492.81250000     1.37751238097000006100
493.12500000     1.37749614539000009295
493.43750000     1.37654298291999999115
493.75000000     1.37441060947999993402
494.06250000     1.37158731946999989937
494.37500000     1.36854561821999998195
494.68750000     1.36571689971999998825
495.00000000     1.36354391709999989146
495.31250000     1.36299090692999991248
495.62500000     1.36325816293000001700
495.93750000     1.36453410444999989615
496.25000000     1.36658004466000004840
496.56250000     1.36902468062999993492
496.87500000     1.37144192177000001642
497.18750000     1.37352276883000001817
497.50000000     1.37431108245999999973
497.81250000     1.37419627280999989694
498.12500000     1.37339345077000007933
498.43750000     1.37184363314999990813
498.75000000     1.36993096742999997950
499.06250000     1.36802162308999997187
499.37500000     1.36637981236999994650
499.68750000     1.36578045343999998629
500.00000000     1.36588663698000001290
500.31250000     1.36653591566000010005
500.62500000     1.36774795296000006850
500.93750000     1.36921622335000003901
501.25000000     1.37065443799000008518
501.56250000     1.37173184717999996352
501.87500000     1.37198100867999994712
502.18750000     1.37180560442999999182
502.50000000     1.37113147528999990143
502.81250000     1.37014807140000005603
503.12500000     1.36906216317999995802
503.43750000     1.36807363298000006502
503.75000000     1.36761269776000005116
504.06250000     1.36763568736999996389
504.37500000     1.36791581562999997601
504.68750000     1.36854818044999992921
505.00000000     1.36931126361999999652
505.31250000     1.37004704911000008138
505.62500000     1.37050236622999999092
505.93750000     1.37055627097000010117
506.25000000     1.37041211682000008132
506.56250000     1.37001642483999996891
506.87500000     1.36951923110999995714
507.18750000     1.36902005771000001566
507.50000000     1.36865770282999998919
507.81250000     1.36857473316000000096
508.12500000     1.36865159932999991277
508.43750000     1.36890290643000001047
508.75000000     1.36923421500000008777
509.06250000     1.36956669962999999512
509.37500000     1.36978260191999989814
509.68750000     1.36980812120999995152
510.00000000     1.36976166873000004820
510.31250000     1.36960991352999994497
510.62500000     1.36941913407999993346
510.93750000     1.36922665013999989014
511.25000000     1.36909348936999997193
511.56250000     1.36906120487999993784
511.87500000     1.36909802187999996015
512.18750000     1.36919835341000006856
512.50000000     1.36932823964999994537
512.81250000     1.36944572369999995054
513.12500000     1.36949183050999989675
513.43750000     1.36947495889999992791
513.75000000     1.36942979277000009830
514.06250000     1.36936410213000003822
514.37500000     1.36929889488000000597
514.68750000     1.36925890625000001855
515.00000000     1.36925608300000001272
515.31250000     1.36926279964999997318
515.62500000     1.36928887046999991917
515.93750000     1.36931992002999991520
516.25000000     1.36934775461999991286
516.56250000     1.36935647462999998680
516.87500000     1.36935424913999992391
517.18750000     1.36934271829999998360
517.50000000     1.36932291602000000275
517.81250000     1.36930254181999999652
518.12500000     1.36929090662000008116
518.43750000     1.36929012132999994300
518.75000000     1.36929298097000007317
519.06250000     1.36930201562999998011
519.37500000     1.36931067000999995287
519.68750000     1.36931476980000010890
520.00000000     1.36931499360999997528
520.31250000     1.36931242282999998672
520.62500000     1.36930727081000003231
520.93750000     1.36930131109000008394
521.25000000     1.36929587391000007202
521.56250000     1.36929207824999998877
521.87500000     1.36929088070999993576
522.18750000     1.36929167949000007987
522.50000000     1.36929287439999991527
522.81250000     1.36929416081999999477
523.12500000     1.36929447482999999686
523.43750000     1.36929382730999993356
523.75000000     1.36929212335999994643
524.06250000     1.36928966791999995323
524.37500000     1.36928690406999997720
524.68750000     1.36928434352999994772
525.00000000     1.36928240300999992662
525.31250000     1.36928120323999991115
525.62500000     1.36928055430999995323
525.93750000     1.36928014553000010345
526.25000000     1.36927967527000005177
526.56250000     1.36927893072999995461
526.87500000     1.36927783295999994095
527.18750000     1.36927639824000002555
527.50000000     1.36927475126000008920
527.81250000     1.36927309120999995962
528.12500000     1.36927157286000000802
528.43750000     1.36927026293999998252
528.75000000     1.36926915182999997533
529.06250000     1.36926817522999999532
529.37500000     1.36926724163000002044
529.68750000     1.36926626501000003877
530.00000000     1.36926519054999995539
530.31250000     1.36926400485999999468
530.62500000     1.36926273202999992940
530.93750000     1.36926142059000000017
531.25000000     1.36926012601999991247
531.56250000     1.36925889313000004321
531.87500000     1.36925774276999989709
532.18750000     1.36925666660999989510
532.50000000     1.36925563148999995811
532.81250000     1.36925459209999988985
533.12500000     1.36925350799999989704
533.43750000     1.36925235894000008052
533.75000000     1.36925115291999999201
534.06250000     1.36924992316999993847
534.37500000     1.36924871462000008471
534.68750000     1.36924756492999999402
535.00000000     1.36924648754999989109
535.31250000     1.36924546461000007369
535.62500000     1.36924445313000009428
535.93750000     1.36924340302000002723
536.25000000     1.36924227957000010925
536.56250000     1.36924108067999994454
536.87500000     1.36923984067999993108
537.18750000     1.36923861785000000602
537.50000000     1.36923746959000003365
537.81250000     1.36923642567000003467
538.12500000     1.36923547131999989723
538.43750000     1.36923454901999996913
538.75000000     1.36923357973999992865
539.06250000     1.36923249642000000037
539.37500000     1.36923127632000007914
539.68750000     1.36922995781000000903
540.00000000     1.36922863185999998947
540.31250000     1.36922740956000010826
540.62500000     1.36922637827000004407
540.93750000     1.36922556391999994396
541.25000000     1.36922491316000005668
541.56250000     1.36922430204999989733
541.87500000     1.36922357281999995671
542.18750000     1.36922259254999989508
542.50000000     1.36922130749999992894
542.81250000     1.36921975514000004992
543.12500000     1.36921804846000005895
543.43750000     1.36921637227999992703
543.75000000     1.36921494774999996658
544.06250000     1.36921398342999989239
544.37500000     1.36921356648000003275
544.68750000     1.36921354156999997009
545.00000000     1.36921363668000006797
545.31250000     1.36921362576000005262
545.62500000     1.36921309827999992947
545.93750000     1.36921166510999992028
546.25000000     1.36920943356000002211
546.56250000     1.36920651840999996196
546.87500000     1.36920343926000009915
547.18750000     1.36920063191000007663
547.50000000     1.36919906811999991803
547.81250000     1.36919871385999991631
548.12500000     1.36919958756000004207
548.43750000     1.36920231376000001156
548.75000000     1.36920531384999999425
549.06250000     1.36920731972000009335
549.37500000     1.36920771054000001143
549.68750000     1.36920582961000003586
550.00000000     1.36920027171000002753
550.31250000     1.36919237090000001089
550.62500000     1.36918415855999997532
550.93750000     1.36917800568000003203
551.25000000     1.36917478896000011090
551.56250000     1.36917574403000008587
551.87500000     1.36918344748999998295
552.18750000     1.36919631975999989137
552.50000000     1.36920944089999996329
552.81250000     1.36921901138000001730
553.12500000     1.36922152947000008716
553.43750000     1.36921851894999990762
553.75000000     1.36919944351999989252
554.06250000     1.36917000466999994046
554.37500000     1.36914021969999999406
554.68750000     1.36911757843000003732
555.00000000     1.36910910196999990873
555.31250000     1.36911331804999991668
555.62500000     1.36914833563000004624
555.93750000     1.36920421842999995299
556.25000000     1.36926131082000002159
556.56250000     1.36930566054000002474
556.87500000     1.36932181166000010997
557.18750000     1.36931595035000008842
557.50000000     1.36925180551000003071
557.81250000     1.36914130284999990828
558.12500000     1.36902529700000008539
558.43750000     1.36892743391999993641
558.75000000     1.36888295972000006984
559.06250000     1.36888014294999993403
559.37500000     1.36896716357000003406
559.68750000     1.36916117492999989125
560.00000000     1.36937866858000001358
560.31250000     1.36957599859000000997
560.62500000     1.36969717399999990626
560.93750000     1.36972585964999993280
561.25000000     1.36965168791000002635
561.56250000     1.36935393527999993424
561.87500000     1.36896710581999991874
562.18750000     1.36858293736000002916
562.50000000     1.36827667437999989097
562.81250000     1.36814623950999991742
563.12500000     1.36814792799999995765
563.43750000     1.36844150377999995705
563.75000000     1.36904705996999997986
564.06250000     1.36972476646000007605
564.37500000     1.37035528370999992731
564.68750000     1.37080551668999994774
565.00000000     1.37095177166999993013
565.31250000     1.37087632547000004557
565.62500000     1.37022364818000008668
565.93750000     1.36917595451999996037
566.25000000     1.36805132769999993059
566.56250000     1.36703315930000002254
566.87500000     1.36632671181999998389
567.18750000     1.36610936431999996366
567.50000000     1.36624501094999994955
567.81250000     1.36729827630999989374
568.12500000     1.36894537251000003586
568.43750000     1.37072827018000009680
568.75000000     1.37237964626999997542
569.06250000     1.37359993036999994409
569.37500000     1.37406817918000001555
569.68750000     1.37400614199000004056
570.00000000     1.37271398333999994357
570.31250000     1.37029883481000003265
570.62500000     1.36758756339000009383
570.93750000     1.36494237604999990587
571.25000000     1.36278408858999999786
571.56250000     1.36157971164999991309
571.87500000     1.36135476139999989087
572.18750000     1.36219061672999997015
572.50000000     1.36516342577000004965
572.81250000     1.36895425234000001069
573.12500000     1.37299896205000004912
573.43750000     1.37674471985000002050
573.75000000     1.37959128420999999065
574.06250000     1.38086283948999999360
574.37500000     1.38093226833000004561
574.68750000     1.37885468336999994499
575.00000000     1.37405570307000002295
575.31250000     1.36843648594000000251
575.62500000     1.36262933269000008352
575.93750000     1.35740609862000005670
576.25000000     1.35352578017000002575
576.56250000     1.35180730533999993170
576.87500000     1.35170766053000002138
577.18750000     1.35443223186999994745
577.50000000     1.36078167684000006510
577.81250000     1.36839486872000004603
578.12500000     1.37655502276000007988
578.43750000     1.38426272757999990759
578.75000000     1.39040361178000004827
579.06250000     1.39385223006000003032
579.37500000     1.39445017442999996682
579.68750000     1.39230347021999989465
580.00000000     1.38431311202000006944
580.31250000     1.37406651144999991665
580.62500000     1.36293438298000002540
580.93750000     1.35208950002999994666
581.25000000     1.34286773428999994806
581.56250000     1.33641699757999998788
581.87500000     1.33389007973999995649
582.18750000     1.33401611399999997509
582.50000000     1.33960077231000007636
582.81250000     1.35082524397999992338
583.12500000     1.36434496377000002987
583.43750000     1.37920801588999997200
583.75000000     1.39383995541000005325
584.06250000     1.40635144436000003587
584.37500000     1.41493826793999999403
584.68750000     1.41789430003999994412
585.00000000     1.41716028706999996878
585.31250000     1.40761306381999995452
585.62500000     1.39098344434999998676
585.93750000     1.37208907310999994600
586.25000000     1.35249792371000010505
586.56250000     1.33421825092000001511
586.87500000     1.31915281042000009926
587.18750000     1.30878855024000007035
587.50000000     1.30460254636999994915
587.81250000     1.30463241671000007571
588.12500000     1.31258622340000008499
588.43750000     1.32947477932999991168
588.75000000     1.35043778141999992748
589.06250000     1.37450293509999998953
589.37500000     1.39960719335000005614
589.68750000     1.42294649949000007183
590.00000000     1.44147705039000006977
590.31250000     1.45238105348999990696
590.62500000     1.45429377874000009818
590.93750000     1.44939301477000004326
591.25000000     1.42770851826000000351
591.56250000     1.39914108078999999130
591.87500000     1.36809584709999998431
592.18750000     1.33717334759000006095
592.50000000     1.30924113211999992856
592.81250000     1.28657406146000008462
593.12500000     1.27078702834000001332
593.43750000     1.26325396369999998214
593.75000000     1.26250270023999999758
594.06250000     1.26987398393999995072
594.37500000     1.29079985854000001133
594.68750000     1.31816689650999996353
595.00000000     1.35141496040000008705
595.31250000     1.38863086795999990386
595.62500000     1.42650418525000000081
595.93750000     1.46081320651999990723
596.25000000     1.48698913611000005375
596.56250000     1.50042713089999990572
596.87500000     1.50188927083000001161
597.18750000     1.48998422504999994409
597.50000000     1.45354738502000002676
597.81250000     1.41016380547000008683
598.12500000     1.36452297080999995771
598.43750000     1.32054752871999991903
598.75000000     1.28173874331000003934
599.06250000     1.25039917663999999853
599.37500000     1.22788617190000004520
599.68750000     1.21460985468999993486
600.00000000     1.21161109714000003734
600.31250000     1.21455392289999997146
600.62500000     1.23307924260999990373
600.93750000     1.26190691835000001753
601.25000000     1.29905353058999994964
601.56250000     1.34416930303999992979
601.87500000     1.39484012628000009215
602.18750000     1.44696243253999989875
602.50000000     1.49492800789000002126
602.81250000     1.53224639498000003712
603.12500000     1.55252225837000001896
603.43750000     1.55496697509999992626
603.75000000     1.54083886757999999340
604.06250000     1.49157949090999997210
604.37500000     1.43235063558999997646
604.68750000     1.37119607419000000270
605.00000000     1.31317249182000006513
605.31250000     1.26239125321999989815
605.62500000     1.22105863624999999573
605.93750000     1.18991353179000003415
606.25000000     1.16906359796999992362
606.56250000     1.15794262087000010553
606.87500000     1.15660032722000005734
607.18750000     1.16199006153000006236
607.50000000     1.18326577931000009869
607.81250000     1.21385822443000002124
608.12500000     1.25453403377999994639
608.43750000     1.30560618787000004559
608.75000000     1.36555534704999992357
609.06250000     1.43091814540999995309
609.37500000     1.49591971831999992482
609.68750000     1.55274503028000010474
610.00000000     1.59256161766999992935
610.31250000     1.60725811175999999669
610.62500000     1.60484662040000003458
610.93750000     1.56532660757000008367
611.25000000     1.49294455789000002355
611.56250000     1.41583273441999990538
611.87500000     1.34095226690000002279
612.18750000     1.27395128516999989188
612.50000000     1.21794032359999992998
612.81250000     1.17367210248000009010
613.12500000     1.14056611721999989761
613.43750000     1.11748009972000006407
613.75000000     1.10336545841000011059
614.06250000     1.09782743798999993246
614.37500000     1.09801434080000004379
614.68750000     1.10742789647999995140
615.00000000     1.12778261041999994241
615.31250000     1.15641638637000010448
615.62500000     1.19554244331999992568
615.93750000     1.24628775668999991488
616.25000000     1.30873647636000001171
616.56250000     1.38128207626999999214
616.87500000     1.45971574872000009471
617.18750000     1.53662748506999990994
617.50000000     1.60189347365999990025
617.81250000     1.64448131548999998408
618.12500000     1.65534831357000000729
618.43750000     1.64640528545999997867
618.75000000     1.58337423710999991577
619.06250000     1.49168176298000010327
619.37500000     1.39891249223000002644
619.68750000     1.31282540448000006883
620.00000000     1.23884597849000011038
620.31250000     1.17871546372999991270
620.62500000     1.13171821884999990182
620.93750000     1.09600408112000002880
621.25000000     1.06940074408999996614
621.56250000     1.04986643472999996440
621.87500000     1.03567208809000010916
622.18750000     1.02543616298999995529
622.50000000     1.01809528058000009487
622.81250000     1.01285146875000009459
623.12500000     1.00911631109000010653
623.43750000     1.00646118653999994130
623.75000000     1.00457654968000009710
624.06250000     1.00324020551000003820
624.37500000     1.00229334477999998398
624.68750000     1.00162280725999996989
625.00000000     1.00114813401999991349
625.31250000     1.00081220495999989595
625.62500000     1.00057451298000010809
625.93750000     1.00040635439999991974
626.25000000     1.00028740077000000142
626.56250000     1.00020326082999999606
626.87500000     1.00014374931000005198
627.18750000     1.00010165920000004824
627.50000000     1.00007189160999998556
627.81250000     1.00005083956000007106
628.12500000     1.00003595159999991715
628.43750000     1.00002542309000008736
628.75000000     1.00001797763999999979
629.06250000     1.00001271252000001333
629.37500000     1.00000898928999992776
629.68750000     1.00000635644999991136
630.00000000     1.00000449468999996760
630.31250000     1.00000317819000006381
630.62500000     1.00000224727000008862
630.93750000     1.00000158901000002487
631.25000000     1.00000112355999992708
631.56250000     1.00000079444000000706
631.87500000     1.00000056172000006960
632.18750000     1.00000039716999999939
632.50000000     1.00000028081999992047
632.81250000     1.00000019855999999763
633.12500000     1.00000014039000006960
633.43750000     1.00000009925999999716
633.75000000     1.00000007018000003356
634.06250000     1.00000004962000010877
634.37500000     1.00000003508000001595
634.68750000     1.00000002480000005356
635.00000000     1.00000001753999989695
635.31250000     1.00000001239999991576
635.62500000     1.00000000877000005950
635.93750000     1.00000000620000006890
636.25000000     1.00000000437999991831
636.56250000     1.00000000310000003445
636.87500000     1.00000000218999995916
637.18750000     1.00000000154999990620
637.50000000     1.00000000109000009019
637.81250000     1.00000000077000006371
638.12500000     1.00000000055000004551
638.43750000     1.00000000039000003227
638.75000000     1.00000000027000002234
639.06250000     1.00000000019000001572
639.37500000     1.00000000014000001158
639.68750000     1.00000000010000000827
640.00000000     1.00000000007000000579
640.31250000     1.00000000005000000414
640.62500000     1.00000000003000000248
640.93750000     1.00000000002000000165
641.25000000     1.00000000002000000165
641.56250000     1.00000000001000000083
641.87500000     1.00000000001000000083
642.18750000     1.00000000001000000083
642.50000000     1.00000000000000000000
642.81250000     1.00000000000000000000
643.12500000     1.00000000000000000000
643.43750000     1.00000000000000000000
643.75000000     1.00000000000000000000
644.06250000     1.00000000000000000000
644.37500000     1.00000000000000000000
644.68750000     1.00000000000000000000
645.00000000     1.00000000000000000000
645.31250000     1.00000000000000000000
645.62500000     1.00000000000000000000
645.93750000     1.00000000000000000000
646.25000000     1.00000000000000000000
646.56250000     1.00000000000000000000
646.87500000     1.00000000000000000000
647.18750000     1.00000000000000000000
647.50000000     1.00000000000000000000
647.81250000     1.00000000000000000000
648.12500000     1.00000000000000000000
648.43750000     1.00000000000000000000
648.75000000     1.00000000000000000000
649.06250000     1.00000000000000000000
649.37500000     1.00000000000000000000
649.68750000     1.00000000000000000000
650.00000000     1.00000000000000000000
650.31250000     1.00000000000000000000
650.62500000     1.00000000000000000000
650.93750000     1.00000000000000000000
651.25000000     1.00000000000000000000
651.56250000     1.00000000000000000000
651.87500000     1.00000000000000000000
652.18750000     1.00000000000000000000
652.50000000     1.00000000000000000000
652.81250000     1.00000000000000000000
653.12500000     1.00000000000000000000
653.43750000     1.00000000000000000000
653.75000000     1.00000000000000000000
654.06250000     1.00000000000000000000
654.37500000     1.00000000000000000000
654.68750000     1.00000000000000000000
655.00000000     1.00000000000000000000
655.31250000     1.00000000000000000000
655.62500000     1.00000000000000000000
655.93750000     1.00000000000000000000
656.25000000     1.00000000000000000000
656.56250000     1.00000000000000000000
656.87500000     1.00000000000000000000
657.18750000     1.00000000000000000000
657.50000000     1.00000000000000000000
657.81250000     1.00000000000000000000
658.12500000     1.00000000000000000000
658.43750000     1.00000000000000000000
658.75000000     1.00000000000000000000
659.06250000     1.00000000000000000000
659.37500000     1.00000000000000000000
659.68750000     1.00000000000000000000
660.00000000     1.00000000000000000000
660.31250000     1.00000000000000000000
660.62500000     1.00000000000000000000
660.93750000     1.00000000000000000000
661.25000000     1.00000000000000000000
661.56250000     1.00000000000000000000
661.87500000     1.00000000000000000000
662.18750000     1.00000000000000000000
662.50000000     1.00000000000000000000
662.81250000     1.00000000000000000000
663.12500000     1.00000000000000000000
663.43750000     1.00000000000000000000
663.75000000     1.00000000000000000000
664.06250000     1.00000000000000000000
664.37500000     1.00000000000000000000
664.68750000     1.00000000000000000000
665.00000000     1.00000000000000000000
665.31250000     1.00000000000000000000
665.62500000     1.00000000000000000000
665.93750000     1.00000000000000000000
666.25000000     1.00000000000000000000
666.56250000     1.00000000000000000000
666.87500000     1.00000000000000000000
667.18750000     1.00000000000000000000
667.50000000     1.00000000000000000000
667.81250000     1.00000000000000000000
668.12500000     1.00000000000000000000
668.43750000     1.00000000000000000000
668.75000000     1.00000000000000000000
669.06250000     1.00000000000000000000
669.37500000     1.00000000000000000000
669.68750000     1.00000000000000000000
670.00000000     1.00000000000000000000
670.31250000     1.00000000000000000000
670.62500000     1.00000000000000000000
670.93750000     1.00000000000000000000
671.25000000     1.00000000000000000000
671.56250000     1.00000000000000000000
671.87500000     1.00000000000000000000
672.18750000     1.00000000000000000000
672.50000000     1.00000000000000000000
672.81250000     1.00000000000000000000
673.12500000     1.00000000000000000000
673.43750000     1.00000000000000000000
673.75000000     1.00000000000000000000
674.06250000     1.00000000000000000000
674.37500000     1.00000000000000000000
674.68750000     1.00000000000000000000
675.00000000     1.00000000000000000000
675.31250000     1.00000000000000000000
675.62500000     1.00000000000000000000
675.93750000     1.00000000000000000000
676.25000000     1.00000000000000000000
676.56250000     1.00000000000000000000
676.87500000     1.00000000000000000000
677.18750000     1.00000000000000000000
677.50000000     1.00000000000000000000
677.81250000     1.00000000000000000000
678.12500000     1.00000000000000000000
678.43750000     1.00000000000000000000
678.75000000     1.00000000000000000000
679.06250000     1.00000000000000000000
679.37500000     1.00000000000000000000
679.68750000     1.00000000000000000000
680.00000000     1.00000000000000000000
680.31250000     1.00000000000000000000
680.62500000     1.00000000000000000000
680.93750000     1.00000000000000000000
681.25000000     1.00000000000000000000
681.56250000     1.00000000000000000000
681.87500000     1.00000000000000000000
682.18750000     1.00000000000000000000
682.50000000     1.00000000000000000000
682.81250000     1.00000000000000000000
683.12500000     1.00000000000000000000
683.43750000     1.00000000000000000000
683.75000000     1.00000000000000000000
684.06250000     1.00000000000000000000
684.37500000     1.00000000000000000000
684.68750000     1.00000000000000000000
685.00000000     1.00000000000000000000
685.31250000     1.00000000000000000000
685.62500000     1.00000000000000000000
685.93750000     1.00000000000000000000
686.25000000     1.00000000000000000000
686.56250000     1.00000000000000000000
686.87500000     1.00000000000000000000
687.18750000     1.00000000000000000000
687.50000000     1.00000000000000000000
687.81250000     1.00000000000000000000
688.12500000     1.00000000000000000000
688.43750000     1.00000000000000000000
688.75000000     1.00000000000000000000
689.06250000     1.00000000000000000000
689.37500000     1.00000000000000000000
689.68750000     1.00000000000000000000
690.00000000     1.00000000000000000000
690.31250000     1.00000000000000000000
690.62500000     1.00000000000000000000
690.93750000     1.00000000000000000000
691.25000000     1.00000000000000000000
691.56250000     1.00000000000000000000
691.87500000     1.00000000000000000000
692.18750000     1.00000000000000000000
692.50000000     1.00000000000000000000
692.81250000     1.00000000000000000000
693.12500000     1.00000000000000000000
693.43750000     1.00000000000000000000
693.75000000     1.00000000000000000000
694.06250000     1.00000000000000000000
694.37500000     1.00000000000000000000
694.68750000     1.00000000000000000000
695.00000000     1.00000000000000000000
695.31250000     1.00000000000000000000
695.62500000     1.00000000000000000000
695.93750000     1.00000000000000000000
696.25000000     1.00000000000000000000
696.56250000     1.00000000000000000000
696.87500000     1.00000000000000000000
697.18750000     1.00000000000000000000
697.50000000     1.00000000000000000000
697.81250000     1.00000000000000000000
698.12500000     1.00000000000000000000
698.43750000     1.00000000000000000000
698.75000000     1.00000000000000000000
699.06250000     1.00000000000000000000
699.37500000     1.00000000000000000000
699.68750000     1.00000000000000000000
