20.00000000     2.460392644900000
20.02500000     2.460462019150000
20.05000000     2.460454310900000
20.07500000     2.460400353150000
20.10000000     2.460022648900000
20.12500000     2.460130564400000
20.15000000     2.460007232400000
20.17500000     2.459860775650000
20.20000000     2.459775984900000
20.22500000     2.459722027150000
20.25000000     2.459529320900000
20.27500000     2.459405988900000
20.30000000     2.459529320900000
20.32500000     2.459367447650000
20.35000000     2.459267240400000
20.37500000     2.459282656900000
20.40000000     2.459436821900000
20.42500000     2.459413697150000
20.45000000     2.459590986900000
20.47500000     2.459583278650000
20.50000000     2.459652652900000
20.52500000     2.459791401400000
20.55000000     2.459714318900000
20.57500000     2.459660361150000
20.60000000     2.459652652900000
20.62500000     2.459783693150000
20.65000000     2.459714318900000
20.67500000     2.459506196150000
20.70000000     2.459344322900000
20.72500000     2.459590986900000
20.75000000     2.459344322900000
20.77500000     2.459282656900000
20.80000000     2.459128491900000
20.82500000     2.459213282650000
20.85000000     2.459143908400000
20.87500000     2.459074534150000
20.90000000     2.459251823900000
20.92500000     2.459028284650000
20.95000000     2.459066825900000
20.97500000     2.459059117650000
21.00000000     2.459190157900000
21.02500000     2.459197866150000
21.05000000     2.459328906400000
21.07500000     2.459205574400000
21.10000000     2.459251823900000
21.12500000     2.459274948650000
21.15000000     2.459375155900000
21.17500000     2.459429113650000
21.20000000     2.459590986900000
21.22500000     2.459752860150000
21.25000000     2.459837650900000
21.27500000     2.459991815900000
21.30000000     2.459930149900000
21.32500000     2.460192230400000
21.35000000     2.460284729400000
21.37500000     2.460377228400000
21.40000000     2.460485143900000
21.42500000     2.460531393400000
21.45000000     2.460454310900000
21.47500000     2.460400353150000
21.50000000     2.460330978900000
21.52500000     2.460392644900000
21.55000000     2.460145980900000
21.57500000     2.459945566400000
21.60000000     2.460022648900000
21.62500000     2.460068898400000
21.65000000     2.459760568400000
21.67500000     2.459660361150000
21.70000000     2.459529320900000
21.72500000     2.459729735400000
21.75000000     2.459606403400000
21.77500000     2.459644944650000
21.80000000     2.459837650900000
21.82500000     2.459714318900000
21.85000000     2.459590986900000
21.87500000     2.459560153900000
21.90000000     2.459590986900000
21.92500000     2.459698902400000
21.95000000     2.459668069400000
21.97500000     2.459544737400000
22.00000000     2.459775984900000
22.02500000     2.459683485900000
22.05000000     2.459498487900000
22.07500000     2.459521612650000
22.10000000     2.459652652900000
22.12500000     2.459614111650000
22.15000000     2.459621819900000
22.17500000     2.459560153900000
22.20000000     2.459745151900000
22.22500000     2.459544737400000
22.25000000     2.459560153900000
22.27500000     2.459529320900000
22.30000000     2.459529320900000
22.32500000     2.459837650900000
22.35000000     2.459575570400000
22.37500000     2.459382864150000
22.40000000     2.459405988900000
22.42500000     2.459336614650000
22.45000000     2.459113075400000
22.47500000     2.459097658900000
22.50000000     2.459128491900000
22.52500000     2.459259532150000
22.55000000     2.459205574400000
22.57500000     2.459105367150000
22.60000000     2.459282656900000
22.62500000     2.459459946650000
22.65000000     2.459390572400000
22.67500000     2.459413697150000
22.70000000     2.459775984900000
22.72500000     2.459876192150000
22.75000000     2.459991815900000
22.77500000     2.460061190150000
22.80000000     2.460145980900000
22.82500000     2.460176813900000
22.85000000     2.460238479900000
22.87500000     2.460253896400000
22.90000000     2.460330978900000
22.92500000     2.460330978900000
22.95000000     2.460253896400000
22.97500000     2.460292437650000
23.00000000     2.460238479900000
23.02500000     2.460269312900000
23.05000000     2.460207646900000
23.07500000     2.460284729400000
23.10000000     2.460238479900000
23.12500000     2.460022648900000
23.15000000     2.460130564400000
23.17500000     2.460354103650000
23.20000000     2.459775984900000
23.22500000     2.459745151900000
23.25000000     2.460053481900000
23.27500000     2.459876192150000
23.30000000     2.459775984900000
23.32500000     2.459945566400000
23.35000000     2.459883900400000
23.37500000     2.459960982900000
23.40000000     2.460145980900000
23.42500000     2.460215355150000
23.45000000     2.460022648900000
23.47500000     2.460107439650000
23.50000000     2.460145980900000
23.52500000     2.459999524150000
23.55000000     2.460192230400000
23.57500000     2.460130564400000
23.60000000     2.459991815900000
23.62500000     2.460107439650000
23.65000000     2.459945566400000
23.67500000     2.459899316900000
23.70000000     2.459899316900000
23.72500000     2.459883900400000
23.75000000     2.459637236400000
23.77500000     2.459575570400000
23.80000000     2.459745151900000
23.82500000     2.459282656900000
23.85000000     2.459390572400000
23.87500000     2.459637236400000
23.90000000     2.459498487900000
23.92500000     2.459675777650000
23.95000000     2.459791401400000
23.97500000     2.460022648900000
24.00000000     2.460238479900000
24.02500000     2.460230771650000
24.05000000     2.460531393400000
24.07500000     2.460554518150000
24.10000000     2.460670141900000
24.12500000     2.460955347150000
24.15000000     2.461117220400000
24.17500000     2.461232844150000
24.20000000     2.461225135900000
24.22500000     2.461572007150000
24.25000000     2.461810962900000
24.27500000     2.461772421650000
24.30000000     2.461872628900000
24.32500000     2.462026793900000
24.35000000     2.462119292900000
24.37500000     2.462489288900000
24.40000000     2.462612620900000
24.42500000     2.462689703400000
24.45000000     2.463059699400000
24.47500000     2.463221572650000
24.50000000     2.463352612900000
24.52500000     2.463676359400000
24.55000000     2.463892190400000
24.57500000     2.464362393650000
24.60000000     2.464616765900000
24.62500000     2.464770930900000
24.65000000     2.465079260900000
24.67500000     2.465526339400000
24.70000000     2.465942584900000
24.72500000     2.466220081900000
24.75000000     2.466805908900000
24.77500000     2.467484234900000
24.80000000     2.468193393900000
24.82500000     2.468779220900000
24.85000000     2.469365047900000
24.87500000     2.470205247150000
24.90000000     2.470814198900000
24.92500000     2.471800854900000
24.95000000     2.472602512900000
24.97500000     2.473566044150000
25.00000000     2.474483325900000
25.02500000     2.475570189150000
25.05000000     2.476718718400000
25.07500000     2.477682249650000
25.10000000     2.479015776900000
25.12500000     2.480218263900000
25.15000000     2.481513249900000
25.17500000     2.482946984400000
25.20000000     2.484473217900000
25.22500000     2.485721954400000
25.25000000     2.487587350900000
25.27500000     2.489683994900000
25.30000000     2.491348976900000
25.32500000     2.493329997150000
25.35000000     2.495619347400000
25.37500000     2.498301818400000
25.40000000     2.500691375900000
25.42500000     2.503373846900000
25.45000000     2.506657561400000
25.47500000     2.509640654150000
25.50000000     2.512962909900000
25.52500000     2.516901825650000
25.55000000     2.520886990900000
25.57500000     2.524733407650000
25.60000000     2.528996069900000
25.62500000     2.533574770400000
25.65000000     2.538631382400000
25.67500000     2.543595495400000
25.70000000     2.548760022900000
25.72500000     2.554479544400000
25.75000000     2.560646144400000
25.77500000     2.566789619650000
25.80000000     2.573179758900000
25.82500000     2.580302181900000
25.85000000     2.587424604900000
25.87500000     2.595148271400000
25.90000000     2.603211100900000
25.92500000     2.612175795650000
25.95000000     2.621140490400000
25.97500000     2.630428931650000
26.00000000     2.641043191900000
26.02500000     2.651555703250000
26.05000000     2.662564625900000
26.07500000     2.673832545750000
26.10000000     2.685821957800000
26.12500000     2.698717860050000
26.15000000     2.712110173600000
26.17500000     2.725911795230000
26.20000000     2.740729364200000
26.22500000     2.754631963900000
26.25000000     2.769723175750000
26.27500000     2.785186696080000
26.30000000     2.800998629300000
26.32500000     2.818587314150000
26.35000000     2.836495120550000
26.37500000     2.857011398750000
26.40000000     2.877402803300000
26.42500000     2.899978725900000
26.45000000     2.921289416350000
26.47500000     2.944163825530000
26.50000000     2.967807317600000
26.52500000     2.992417601550000
26.55000000     3.016582965300000
26.57500000     3.045216030750000
26.60000000     3.073750430600000
26.62500000     3.103054884630000
26.65000000     3.131389640800000
26.67500000     3.162591865980000
26.70000000     3.193545885500000
26.72500000     3.223046899900000
26.75000000     3.250360312950000
26.77500000     3.275717372150000
26.80000000     3.304939347900000
26.82500000     3.339148561400000
26.85000000     3.372463617900000
26.87500000     3.405524302150000
26.90000000     3.443811179900000
26.92500000     3.479639125900000
26.95000000     3.508853393400000
26.97500000     3.538368282650000
27.00000000     3.564954036900000
27.02500000     3.588101911650000
27.05000000     3.610093548900000
27.07500000     3.629055843900000
27.10000000     3.648943128900000
27.12500000     3.665438783900000
27.15000000     3.678188229400000
27.17500000     3.689133944400000
27.20000000     3.694822632900000
27.22500000     3.690297890150000
27.25000000     3.685063988400000
27.27500000     3.680385080650000
27.30000000     3.665531282900000
27.32500000     3.646337740400000
27.35000000     3.627236696900000
27.37500000     3.603395079650000
27.40000000     3.571737296900000
27.42500000     3.544773838400000
27.45000000     3.515513321400000
27.47500000     3.482437220650000
27.50000000     3.450501940900000
27.52500000     3.417217717400000
27.55000000     3.379740205900000
27.57500000     3.345546408900000
27.60000000     3.314620909900000
27.62500000     3.280773984150000
27.65000000     3.242935726550000
27.67500000     3.205435090300000
27.70000000     3.170359469500000
27.72500000     3.138985350350000
27.75000000     3.108378972900000
27.77500000     3.075797741800000
27.80000000     3.043962669300000
27.82500000     3.014050805170000
27.85000000     2.986299871850000
27.87500000     2.961676098470000
27.90000000     2.938764790000000
27.92500000     2.913433167980000
27.95000000     2.888249852700000
27.97500000     2.865004854000000
28.00000000     2.842601596200000
28.02500000     2.822012089620000
28.05000000     2.801273043000000
28.07500000     2.780422997570000
28.10000000     2.761085310800000
28.12500000     2.742667218250000
28.15000000     2.725738359600000
28.17500000     2.709144809820000
28.20000000     2.694264033200000
28.22500000     2.680001458220000
28.25000000     2.665990172200000
28.27500000     2.652348882170000
28.30000000     2.640099702100000
28.32500000     2.627854376150000
28.35000000     2.616916369400000
28.37500000     2.605978362650000
28.40000000     2.596366174900000
28.42500000     2.587401480150000
28.45000000     2.578899280400000
28.47500000     2.570882700400000
28.50000000     2.562789037900000
28.52500000     2.554995997150000
28.55000000     2.547711700900000
28.57500000     2.540843650150000
28.60000000     2.534299345900000
28.62500000     2.528086496400000
28.65000000     2.522104894400000
28.67500000     2.516955783400000
28.70000000     2.512068752900000
28.72500000     2.508245460900000
28.75000000     2.504961746400000
28.77500000     2.502163651650000
28.80000000     2.500043882900000
28.82500000     2.497584951150000
28.85000000     2.495233934900000
28.87500000     2.492882918650000
28.90000000     2.491163978900000
28.92500000     2.489036501900000
28.95000000     2.487741515900000
28.97500000     2.486400280400000
29.00000000     2.485459873900000
29.02500000     2.484033847650000
29.05000000     2.482931567900000
29.07500000     2.482407406900000
29.10000000     2.481821579900000
29.12500000     2.481305127150000
29.15000000     2.480233680400000
29.17500000     2.478468491150000
29.20000000     2.476518303900000
29.22500000     2.474629782650000
29.25000000     2.472756677900000
29.27500000     2.471207319650000
29.30000000     2.470228371900000
29.32500000     2.469365047900000
29.35000000     2.469149216900000
29.37500000     2.469696502650000
29.40000000     2.470228371900000
29.42500000     2.470128164650000
29.45000000     2.469072134400000
29.47500000     2.467553609150000
29.50000000     2.466189248900000
29.52500000     2.464932804150000
29.55000000     2.463938439900000
29.57500000     2.462643453900000
29.60000000     2.461440966900000
29.62500000     2.459914733400000
29.65000000     2.458080169900000
29.67500000     2.456453729150000
29.70000000     2.455181867900000
29.72500000     2.453740425150000
29.75000000     2.452422314400000
29.77500000     2.451612948150000
29.80000000     2.450063589900000
29.82500000     2.448398607900000
29.85000000     2.447057372400000
29.87500000     2.445669887400000
29.90000000     2.444390317900000
29.92500000     2.443311162900000
29.95000000     2.442124092400000
29.97500000     2.440775148650000
30.00000000     2.439241206900000
30.02500000     2.437776639400000
30.05000000     2.436419987400000
30.07500000     2.435456456150000
30.10000000     2.434677922900000
30.12500000     2.434068971150000
30.15000000     2.433567934900000
30.17500000     2.432905025400000
30.20000000     2.432149616900000
30.22500000     2.431286292900000
30.25000000     2.430854630900000
30.27500000     2.430908588650000
30.30000000     2.430700465900000
30.32500000     2.430345886400000
30.35000000     2.430284220400000
30.37500000     2.430569425650000
30.40000000     2.430885463900000
30.42500000     2.431532956900000
30.45000000     2.432257532400000
30.47500000     2.433005232650000
30.50000000     2.434277093900000
30.52500000     2.435225208650000
30.55000000     2.436404570900000
30.57500000     2.437815180650000
30.60000000     2.439487870900000
30.62500000     2.441229935400000
30.65000000     2.443341995900000
30.67500000     2.445893426650000
30.70000000     2.448213609900000
30.72500000     2.450988579900000
30.75000000     2.453778966400000
30.77500000     2.456199356900000
30.80000000     2.458881827900000
30.82500000     2.462188667150000
30.85000000     2.465541755900000
30.87500000     2.468917969400000
30.90000000     2.472263349900000
30.92500000     2.475832269650000
30.95000000     2.479555354400000
30.97500000     2.483301563900000
31.00000000     2.487155688900000
31.02500000     2.491179395400000
31.05000000     2.495156852400000
31.07500000     2.499411806400000
31.10000000     2.503836341900000
31.12500000     2.507937130900000
31.15000000     2.511976253900000
31.17500000     2.515992252150000
31.20000000     2.519900334900000
31.22500000     2.524008832150000
31.25000000     2.528225244900000
31.27500000     2.532302909150000
31.30000000     2.536180158900000
31.32500000     2.539718245650000
31.35000000     2.543379664400000
31.37500000     2.546994833650000
31.40000000     2.550486670900000
31.42500000     2.553839759650000
31.45000000     2.556822852400000
31.47500000     2.559690321400000
31.50000000     2.562264876900000
31.52500000     2.564746933400000
31.55000000     2.567198156900000
31.57500000     2.569094386400000
31.60000000     2.570805617900000
31.62500000     2.572146853400000
31.65000000     2.573457255900000
31.67500000     2.574351412900000
31.70000000     2.574659742900000
31.72500000     2.574605785150000
31.75000000     2.574567243900000
31.77500000     2.574158706650000
31.80000000     2.573333923900000
31.82500000     2.572354976150000
31.85000000     2.571021448900000
31.87500000     2.569364175150000
31.90000000     2.567506486900000
31.92500000     2.565178595400000
31.95000000     2.562634872900000
31.97500000     2.559906152400000
32.00000000     2.556899934900000
32.02500000     2.553662469900000
32.05000000     2.550147507900000
32.07500000     2.546378173650000
32.10000000     2.542500923900000
32.12500000     2.538269094650000
32.15000000     2.534052681900000
32.17500000     2.529998142400000
32.20000000     2.525727771900000
32.22500000     2.522089477900000
32.25000000     2.518389517900000
32.27500000     2.514296437150000
32.30000000     2.510187939900000
32.32500000     2.506225899400000
32.35000000     2.501893862900000
32.37500000     2.497631200650000
32.40000000     2.493599785900000
32.42500000     2.488728171900000
32.45000000     2.484118638400000
32.47500000     2.479347231650000
32.50000000     2.474544991900000
32.52500000     2.469102967400000
32.55000000     2.462566371400000
32.57500000     2.462180958900000
32.60000000     2.461564298900000
32.62500000     2.459876192150000
32.65000000     2.457478926400000
32.67500000     2.456122274400000
32.70000000     2.454380209900000
32.72500000     2.453023557900000
32.75000000     2.451898153400000
32.77500000     2.451165869650000
32.80000000     2.450156088900000
32.82500000     2.449655052650000
32.85000000     2.449339014400000
32.87500000     2.449346722650000
32.90000000     2.449601094900000
32.92500000     2.450248587900000
32.95000000     2.450772748900000
32.97500000     2.451759404900000
33.00000000     2.452653561900000
33.02500000     2.454164378900000
33.05000000     2.455891026900000
33.07500000     2.457455801650000
33.10000000     2.459436821900000
33.12500000     2.461294510150000
33.15000000     2.462520121900000
33.17500000     2.466127582900000
33.20000000     2.469180049900000
33.22500000     2.473226881150000
33.25000000     2.476934549400000
33.27500000     2.480989088900000
33.30000000     2.485799036900000
33.32500000     2.488928586400000
33.35000000     2.491919387400000
33.37500000     2.493938948900000
33.40000000     2.493784783900000
33.42500000     2.504399044150000
33.45000000     2.511621674400000
33.47500000     2.517086823650000
33.50000000     2.521688648900000
