20.00000000     2.459600539810000
20.02500000     2.459595531330000
20.05000000     2.459590480460000
20.07500000     2.459585395740000
20.10000000     2.459580285980000
20.12500000     2.459575160050000
20.15000000     2.459570025890000
20.17500000     2.459564892710000
20.20000000     2.459559773050000
20.22500000     2.459554679730000
20.25000000     2.459549624400000
20.27500000     2.459544618870000
20.30000000     2.459539674980000
20.32500000     2.459534804630000
20.35000000     2.459530019670000
20.37500000     2.459525331910000
20.40000000     2.459520753100000
20.42500000     2.459516294840000
20.45000000     2.459511968610000
20.47500000     2.459507785680000
20.50000000     2.459503757120000
20.52500000     2.459499893730000
20.55000000     2.459496206050000
20.57500000     2.459492704290000
20.60000000     2.459489398350000
20.62500000     2.459486297770000
20.65000000     2.459483411730000
20.67500000     2.459480748990000
20.70000000     2.459478317920000
20.72500000     2.459476126600000
20.75000000     2.459474182890000
20.77500000     2.459472494060000
20.80000000     2.459471065830000
20.82500000     2.459469901960000
20.85000000     2.459469008510000
20.87500000     2.459468408120000
20.90000000     2.459468137430000
20.92500000     2.459468146770000
20.95000000     2.459468371940000
20.97500000     2.459468823610000
21.00000000     2.459469518150000
21.02500000     2.459470461500000
21.05000000     2.459471655290000
21.07500000     2.459473101140000
21.10000000     2.459474799910000
21.12500000     2.459476751890000
21.15000000     2.459478956880000
21.17500000     2.459481414140000
21.20000000     2.459484122360000
21.22500000     2.459487079640000
21.25000000     2.459490283480000
21.27500000     2.459493730730000
21.30000000     2.459497417600000
21.32500000     2.459501339610000
21.35000000     2.459505491550000
21.37500000     2.459509867520000
21.40000000     2.459514460860000
21.42500000     2.459519264170000
21.45000000     2.459524269270000
21.47500000     2.459529467230000
21.50000000     2.459534848340000
21.52500000     2.459540402120000
21.55000000     2.459546117340000
21.57500000     2.459551982050000
21.60000000     2.459557983550000
21.62500000     2.459564108500000
21.65000000     2.459570342890000
21.67500000     2.459576672130000
21.70000000     2.459583081090000
21.72500000     2.459589554190000
21.75000000     2.459596075420000
21.77500000     2.459602628700000
21.80000000     2.459609199970000
21.82500000     2.459615772280000
21.85000000     2.459622322980000
21.87500000     2.459628829760000
21.90000000     2.459635272660000
21.92500000     2.459641632030000
21.95000000     2.459647888810000
21.97500000     2.459654024630000
22.00000000     2.459660022000000
22.02500000     2.459665864400000
22.05000000     2.459671536400000
22.07500000     2.459677023730000
22.10000000     2.459682313380000
22.12500000     2.459687393620000
22.15000000     2.459692254070000
22.17500000     2.459696885710000
22.20000000     2.459701280830000
22.22500000     2.459705433090000
22.25000000     2.459709337420000
22.27500000     2.459712990010000
22.30000000     2.459716388230000
22.32500000     2.459719530620000
22.35000000     2.459722416730000
22.37500000     2.459725047120000
22.40000000     2.459727423270000
22.42500000     2.459729547520000
22.45000000     2.459731422880000
22.47500000     2.459733052940000
22.50000000     2.459734442010000
22.52500000     2.459735595640000
22.55000000     2.459736520830000
22.57500000     2.459737223650000
22.60000000     2.459737700720000
22.62500000     2.459737938580000
22.65000000     2.459737974820000
22.67500000     2.459737864640000
22.70000000     2.459737614030000
22.72500000     2.459737216980000
22.75000000     2.459736678390000
22.77500000     2.459736005740000
22.80000000     2.459735206600000
22.82500000     2.459734289180000
22.85000000     2.459733262060000
22.87500000     2.459732134180000
22.90000000     2.459730914850000
22.92500000     2.459729613740000
22.95000000     2.459728240900000
22.97500000     2.459726806750000
23.00000000     2.459725322060000
23.02500000     2.459723797930000
23.05000000     2.459722245750000
23.07500000     2.459720676740000
23.10000000     2.459719100860000
23.12500000     2.459717532140000
23.15000000     2.459715987920000
23.17500000     2.459714483690000
23.20000000     2.459713034590000
23.22500000     2.459711655670000
23.25000000     2.459710361800000
23.27500000     2.459709167720000
23.30000000     2.459708087850000
23.32500000     2.459707135760000
23.35000000     2.459706323360000
23.37500000     2.459705661340000
23.40000000     2.459705164960000
23.42500000     2.459704864070000
23.45000000     2.459704776630000
23.47500000     2.459704857330000
23.50000000     2.459705081900000
23.52500000     2.459705475100000
23.55000000     2.459706043690000
23.57500000     2.459706794180000
23.60000000     2.459707730370000
23.62500000     2.459708855010000
23.65000000     2.459710170030000
23.67500000     2.459711676380000
23.70000000     2.459713374120000
23.72500000     2.459715262330000
23.75000000     2.459717339140000
23.77500000     2.459719601720000
23.80000000     2.459722046210000
23.82500000     2.459724667740000
23.85000000     2.459727460440000
23.87500000     2.459730417400000
23.90000000     2.459733530700000
23.92500000     2.459736791390000
23.95000000     2.459740189500000
23.97500000     2.459743714100000
24.00000000     2.459747353250000
24.02500000     2.459751094090000
24.05000000     2.459754922850000
24.07500000     2.459758824880000
24.10000000     2.459762784750000
24.12500000     2.459766786290000
24.15000000     2.459770813220000
24.17500000     2.459774851070000
24.20000000     2.459778879560000
24.22500000     2.459782872760000
24.25000000     2.459786806930000
24.27500000     2.459790658810000
24.30000000     2.459794404970000
24.32500000     2.459798021970000
24.35000000     2.459801486430000
24.37500000     2.459804775260000
24.40000000     2.459807865710000
24.42500000     2.459810735550000
24.45000000     2.459813362900000
24.47500000     2.459815726340000
24.50000000     2.459817805510000
24.52500000     2.459819582560000
24.55000000     2.459821042720000
24.57500000     2.459822167580000
24.60000000     2.459822914870000
24.62500000     2.459823227400000
24.65000000     2.459823174060000
24.67500000     2.459822830950000
24.70000000     2.459822170850000
24.72500000     2.459821171380000
24.75000000     2.459819819650000
24.77500000     2.459818109400000
24.80000000     2.459816034900000
24.82500000     2.459813591800000
24.85000000     2.459810777020000
24.87500000     2.459807588550000
24.90000000     2.459804025550000
24.92500000     2.459800088340000
24.95000000     2.459795778390000
24.97500000     2.459791098310000
25.00000000     2.459786051860000
25.02500000     2.459780643930000
25.05000000     2.459774880540000
25.07500000     2.459768768800000
25.10000000     2.459762316890000
25.12500000     2.459755534070000
25.15000000     2.459748430640000
25.17500000     2.459741017900000
25.20000000     2.459733308180000
25.22500000     2.459725314760000
25.25000000     2.459717051880000
25.27500000     2.459708534750000
25.30000000     2.459699779450000
25.32500000     2.459690802990000
25.35000000     2.459681623250000
25.37500000     2.459672258950000
25.40000000     2.459662729640000
25.42500000     2.459653055650000
25.45000000     2.459643258070000
25.47500000     2.459633358690000
25.50000000     2.459623379980000
25.52500000     2.459613344930000
25.55000000     2.459603276410000
25.57500000     2.459593194360000
25.60000000     2.459583126010000
25.62500000     2.459573105930000
25.65000000     2.459563165510000
25.67500000     2.459553334980000
25.70000000     2.459543644410000
25.72500000     2.459534123530000
25.75000000     2.459524801530000
25.77500000     2.459515706860000
25.80000000     2.459506867050000
25.82500000     2.459498308530000
25.85000000     2.459490056460000
25.87500000     2.459482134620000
25.90000000     2.459474565270000
25.92500000     2.459467369030000
25.95000000     2.459460564880000
25.97500000     2.459454170040000
26.00000000     2.459448200040000
26.02500000     2.459442668680000
26.05000000     2.459437588060000
26.07500000     2.459432968620000
26.10000000     2.459428819390000
26.12500000     2.459425148290000
26.15000000     2.459421961820000
26.17500000     2.459419263810000
26.20000000     2.459417054230000
26.22500000     2.459415333310000
26.25000000     2.459414121450000
26.27500000     2.459413472340000
26.30000000     2.459413346710000
26.32500000     2.459413610270000
26.35000000     2.459414231350000
26.37500000     2.459415251590000
26.40000000     2.459416671340000
26.42500000     2.459418487670000
26.45000000     2.459420696370000
26.47500000     2.459423291180000
26.50000000     2.459426264880000
26.52500000     2.459429609080000
26.55000000     2.459433314230000
26.57500000     2.459437369470000
26.60000000     2.459441762640000
26.62500000     2.459446480220000
26.65000000     2.459451507240000
26.67500000     2.459456827280000
26.70000000     2.459462422460000
26.72500000     2.459468273410000
26.75000000     2.459474359300000
26.77500000     2.459480657850000
26.80000000     2.459487145410000
26.82500000     2.459493796980000
26.85000000     2.459500586340000
26.87500000     2.459507486090000
26.90000000     2.459514467850000
26.92500000     2.459521502740000
26.95000000     2.459528565610000
26.97500000     2.459535624420000
27.00000000     2.459542636510000
27.02500000     2.459549560460000
27.05000000     2.459556357970000
27.07500000     2.459562990760000
27.10000000     2.459569420980000
27.12500000     2.459575611470000
27.15000000     2.459581526000000
27.17500000     2.459587129510000
27.20000000     2.459592388340000
27.22500000     2.459597270520000
27.25000000     2.459601745810000
27.27500000     2.459605785630000
27.30000000     2.459609363460000
27.32500000     2.459612456300000
27.35000000     2.459615046640000
27.37500000     2.459617120500000
27.40000000     2.459618650380000
27.42500000     2.459619568840000
27.45000000     2.459619852930000
27.47500000     2.459619653280000
27.50000000     2.459619048710000
27.52500000     2.459617979410000
27.55000000     2.459616440620000
27.57500000     2.459614427840000
27.60000000     2.459611943130000
27.62500000     2.459608990990000
27.65000000     2.459605577200000
27.67500000     2.459601709090000
27.70000000     2.459597395270000
27.72500000     2.459592645510000
27.75000000     2.459587470630000
27.77500000     2.459581882430000
27.80000000     2.459575893540000
27.82500000     2.459569517360000
27.85000000     2.459562768000000
27.87500000     2.459555660160000
27.90000000     2.459548209140000
27.92500000     2.459540430730000
27.95000000     2.459532341250000
27.97500000     2.459523957460000
28.00000000     2.459515296650000
28.02500000     2.459506376540000
28.05000000     2.459497215390000
28.07500000     2.459487831960000
28.10000000     2.459478245570000
28.12500000     2.459468476120000
28.15000000     2.459458544080000
28.17500000     2.459448470540000
28.20000000     2.459438277220000
28.22500000     2.459427986400000
28.25000000     2.459417620990000
28.27500000     2.459407204330000
28.30000000     2.459396758960000
28.32500000     2.459386305560000
28.35000000     2.459375873560000
28.37500000     2.459365498210000
28.40000000     2.459355210410000
28.42500000     2.459345040540000
28.45000000     2.459335018580000
28.47500000     2.459325173900000
28.50000000     2.459315534930000
28.52500000     2.459306128950000
28.55000000     2.459296981810000
28.57500000     2.459288117730000
28.60000000     2.459279559030000
28.62500000     2.459271326020000
28.65000000     2.459263436790000
28.67500000     2.459255907170000
28.70000000     2.459248750650000
28.72500000     2.459241978380000
28.75000000     2.459235599160000
28.77500000     2.459229619600000
28.80000000     2.459224044160000
28.82500000     2.459218875340000
28.85000000     2.459214113840000
28.87500000     2.459209758770000
28.90000000     2.459205807840000
28.92500000     2.459202257550000
28.95000000     2.459199103500000
28.97500000     2.459196340740000
29.00000000     2.459193963750000
29.02500000     2.459191965770000
29.05000000     2.459190338000000
29.07500000     2.459189071650000
29.10000000     2.459188169700000
29.12500000     2.459187659010000
29.15000000     2.459187520310000
29.17500000     2.459187654200000
29.20000000     2.459188022910000
29.22500000     2.459188653460000
29.25000000     2.459189541130000
29.27500000     2.459190680330000
29.30000000     2.459192064000000
29.32500000     2.459193683820000
29.35000000     2.459195531070000
29.37500000     2.459197596410000
29.40000000     2.459199869920000
29.42500000     2.459202341030000
29.45000000     2.459204998570000
29.47500000     2.459207830730000
29.50000000     2.459210825100000
29.52500000     2.459213968710000
29.55000000     2.459217248050000
29.57500000     2.459220649200000
29.60000000     2.459224157840000
29.62500000     2.459227759380000
29.65000000     2.459231439050000
29.67500000     2.459235182010000
29.70000000     2.459238973470000
29.72500000     2.459242798880000
29.75000000     2.459246645350000
29.77500000     2.459250499550000
29.80000000     2.459254343770000
29.82500000     2.459258159730000
29.85000000     2.459261932640000
29.87500000     2.459265648610000
29.90000000     2.459269294850000
29.92500000     2.459272859730000
29.95000000     2.459276332810000
29.97500000     2.459279704870000
30.00000000     2.459282967970000
30.02500000     2.459286115390000
30.05000000     2.459289141690000
30.07500000     2.459292042650000
30.10000000     2.459294815300000
30.12500000     2.459297457880000
30.15000000     2.459299969850000
30.17500000     2.459302351830000
30.20000000     2.459304605630000
30.22500000     2.459306734190000
30.25000000     2.459308741580000
30.27500000     2.459310632950000
30.30000000     2.459312414460000
30.32500000     2.459314093280000
30.35000000     2.459315677480000
30.37500000     2.459317175960000
30.40000000     2.459318598360000
30.42500000     2.459319954930000
30.45000000     2.459321256320000
30.47500000     2.459322513520000
30.50000000     2.459323737990000
30.52500000     2.459324942310000
30.55000000     2.459326138990000
30.57500000     2.459327337260000
30.60000000     2.459328544370000
30.62500000     2.459329768430000
30.65000000     2.459331017190000
30.67500000     2.459332298020000
30.70000000     2.459333617740000
30.72500000     2.459334982590000
30.75000000     2.459336398110000
30.77500000     2.459337869180000
30.80000000     2.459339399990000
30.82500000     2.459340993990000
30.85000000     2.459342653930000
30.87500000     2.459344381870000
30.90000000     2.459346179180000
30.92500000     2.459348046560000
30.95000000     2.459349984100000
30.97500000     2.459351991290000
31.00000000     2.459354067050000
31.02500000     2.459356209780000
31.05000000     2.459358417380000
31.07500000     2.459360687270000
31.10000000     2.459363016450000
31.12500000     2.459365401490000
31.15000000     2.459367838530000
31.17500000     2.459370323340000
31.20000000     2.459372851270000
31.22500000     2.459375417290000
31.25000000     2.459378015950000
31.27500000     2.459380641380000
31.30000000     2.459383287300000
31.32500000     2.459385946990000
31.35000000     2.459388613840000
31.37500000     2.459391281290000
31.40000000     2.459393939590000
31.42500000     2.459396576990000
31.45000000     2.459399182480000
31.47500000     2.459401744470000
31.50000000     2.459404250860000
31.52500000     2.459406689020000
31.55000000     2.459409045910000
31.57500000     2.459411308120000
31.60000000     2.459413462050000
31.62500000     2.459415493990000
31.65000000     2.459417390270000
31.67500000     2.459419137350000
31.70000000     2.459420721880000
31.72500000     2.459422130960000
31.75000000     2.459423352920000
31.77500000     2.459424378210000
31.80000000     2.459425198120000
31.82500000     2.459425796540000
31.85000000     2.459426140500000
31.87500000     2.459426226320000
31.90000000     2.459426115310000
31.92500000     2.459425831980000
31.95000000     2.459425349050000
31.97500000     2.459424662980000
32.00000000     2.459423770490000
32.02500000     2.459422670430000
32.05000000     2.459421362860000
32.07500000     2.459419848490000
32.10000000     2.459418128720000
32.12500000     2.459416205640000
32.15000000     2.459414081880000
32.17500000     2.459411760670000
32.20000000     2.459409245750000
32.22500000     2.459406541370000
32.25000000     2.459403652250000
32.27500000     2.459400583600000
32.30000000     2.459397341060000
32.32500000     2.459393930750000
32.35000000     2.459390359250000
32.37500000     2.459386633610000
32.40000000     2.459382761360000
32.42500000     2.459378750550000
32.45000000     2.459374609730000
32.47500000     2.459370347960000
32.50000000     2.459365974840000
32.52500000     2.459361500500000
32.55000000     2.459356935570000
32.57500000     2.459352291180000
32.60000000     2.459347578930000
32.62500000     2.459342810830000
32.65000000     2.459337999280000
32.67500000     2.459333156930000
32.70000000     2.459328296030000
32.72500000     2.459323427620000
32.75000000     2.459318567210000
32.77500000     2.459313733630000
32.80000000     2.459308943150000
32.82500000     2.459304211270000
32.85000000     2.459299552970000
32.87500000     2.459294982530000
32.90000000     2.459290513410000
32.92500000     2.459286158110000
32.95000000     2.459281928140000
32.97500000     2.459277833840000
33.00000000     2.459273884420000
33.02500000     2.459270087850000
33.05000000     2.459266450880000
33.07500000     2.459262978990000
33.10000000     2.459259676420000
33.12500000     2.459256546190000
33.15000000     2.459253590110000
33.17500000     2.459250808790000
33.20000000     2.459248201730000
33.22500000     2.459245767310000
33.25000000     2.459243502850000
33.27500000     2.459241404670000
33.30000000     2.459239468160000
33.32500000     2.459237687770000
33.35000000     2.459236057170000
33.37500000     2.459234569240000
33.40000000     2.459233216190000
33.42500000     2.459231989610000
33.45000000     2.459230880590000
33.47500000     2.459229879750000
33.50000000     2.459228977370000
