20.00000000     2.460024570450000
20.02500000     2.460022178240000
20.05000000     2.460019693570000
20.07500000     2.460017116590000
20.10000000     2.460014447580000
20.12500000     2.460011686990000
20.15000000     2.460008835410000
20.17500000     2.460005893610000
20.20000000     2.460002862500000
20.22500000     2.459999743160000
20.25000000     2.459996536840000
20.27500000     2.459993244930000
20.30000000     2.459989869010000
20.32500000     2.459986410780000
20.35000000     2.459982872130000
20.37500000     2.459979255060000
20.40000000     2.459975561750000
20.42500000     2.459971794500000
20.45000000     2.459967955760000
20.47500000     2.459964048110000
20.50000000     2.459960074230000
20.52500000     2.459956036940000
20.55000000     2.459951939160000
20.57500000     2.459947783920000
20.60000000     2.459943574320000
20.62500000     2.459939313590000
20.65000000     2.459935004990000
20.67500000     2.459930651900000
20.70000000     2.459926257720000
20.72500000     2.459921825950000
20.75000000     2.459917360100000
20.77500000     2.459912863760000
20.80000000     2.459908340540000
20.82500000     2.459903794070000
20.85000000     2.459899228030000
20.87500000     2.459894646120000
20.90000000     2.459890052040000
20.92500000     2.459885449490000
20.95000000     2.459880842050000
20.97500000     2.459876232880000
21.00000000     2.459871626370000
21.02500000     2.459867027740000
21.05000000     2.459862441550000
21.07500000     2.459857872250000
21.10000000     2.459853324300000
21.12500000     2.459848802130000
21.15000000     2.459844310130000
21.17500000     2.459839852660000
21.20000000     2.459835434040000
21.22500000     2.459831058550000
21.25000000     2.459826730390000
21.27500000     2.459822453730000
21.30000000     2.459818232660000
21.32500000     2.459814071160000
21.35000000     2.459809973160000
21.37500000     2.459805942450000
21.40000000     2.459801982730000
21.42500000     2.459798097570000
21.45000000     2.459794290380000
21.47500000     2.459790564430000
21.50000000     2.459786922830000
21.52500000     2.459783368490000
21.55000000     2.459779904160000
21.57500000     2.459776532340000
21.60000000     2.459773255360000
21.62500000     2.459770075270000
21.65000000     2.459766993930000
21.67500000     2.459764012920000
21.70000000     2.459761133580000
21.72500000     2.459758356970000
21.75000000     2.459755683900000
21.77500000     2.459753114900000
21.80000000     2.459750650220000
21.82500000     2.459748289850000
21.85000000     2.459746033490000
21.87500000     2.459743880590000
21.90000000     2.459741830290000
21.92500000     2.459739881500000
21.95000000     2.459738032860000
21.97500000     2.459736282750000
22.00000000     2.459734629290000
22.02500000     2.459733070370000
22.05000000     2.459731603630000
22.07500000     2.459730226500000
22.10000000     2.459728936150000
22.12500000     2.459727729540000
22.15000000     2.459726603430000
22.17500000     2.459725554350000
22.20000000     2.459724578620000
22.22500000     2.459723672340000
22.25000000     2.459722831430000
22.27500000     2.459722051600000
22.30000000     2.459721328330000
22.32500000     2.459720656930000
22.35000000     2.459720032500000
22.37500000     2.459719449920000
22.40000000     2.459718903890000
22.42500000     2.459718388910000
22.45000000     2.459717899370000
22.47500000     2.459717429480000
22.50000000     2.459716972920000
22.52500000     2.459716522470000
22.55000000     2.459716071740000
22.57500000     2.459715615820000
22.60000000     2.459715149700000
22.62500000     2.459714667890000
22.65000000     2.459714164750000
22.67500000     2.459713634570000
22.70000000     2.459713071590000
22.72500000     2.459712470030000
22.75000000     2.459711824100000
22.77500000     2.459711128040000
22.80000000     2.459710376120000
22.82500000     2.459709562670000
22.85000000     2.459708682120000
22.87500000     2.459707729020000
22.90000000     2.459706698020000
22.92500000     2.459705583970000
22.95000000     2.459704381890000
22.97500000     2.459703087010000
23.00000000     2.459701694780000
23.02500000     2.459700200910000
23.05000000     2.459698601400000
23.07500000     2.459696892510000
23.10000000     2.459695070840000
23.12500000     2.459693133280000
23.15000000     2.459691077090000
23.17500000     2.459688899860000
23.20000000     2.459686599560000
23.22500000     2.459684174530000
23.25000000     2.459681623480000
23.27500000     2.459678945520000
23.30000000     2.459676140140000
23.32500000     2.459673207240000
23.35000000     2.459670147100000
23.37500000     2.459666960440000
23.40000000     2.459663648350000
23.42500000     2.459660212330000
23.45000000     2.459656654310000
23.47500000     2.459652976590000
23.50000000     2.459649181890000
23.52500000     2.459645273340000
23.55000000     2.459641254460000
23.57500000     2.459637129160000
23.60000000     2.459632901780000
23.62500000     2.459628577000000
23.65000000     2.459624159930000
23.67500000     2.459619656030000
23.70000000     2.459615071170000
23.72500000     2.459610411550000
23.75000000     2.459605683760000
23.77500000     2.459600894730000
23.80000000     2.459596051720000
23.82500000     2.459591162310000
23.85000000     2.459586234420000
23.87500000     2.459581276230000
23.90000000     2.459576296210000
23.92500000     2.459571302880000
23.95000000     2.459566303670000
23.97500000     2.459561308480000
24.00000000     2.459556330240000
24.02500000     2.459551381100000
24.05000000     2.459546472710000
24.07500000     2.459541616890000
24.10000000     2.459536825480000
24.12500000     2.459532110370000
24.15000000     2.459527483420000
24.17500000     2.459522956430000
24.20000000     2.459518541080000
24.22500000     2.459514248950000
24.25000000     2.459510091410000
24.27500000     2.459506079650000
24.30000000     2.459502224580000
24.32500000     2.459498536890000
24.35000000     2.459495026950000
24.37500000     2.459491704820000
24.40000000     2.459488580220000
24.42500000     2.459485662520000
24.45000000     2.459482960690000
24.47500000     2.459480483310000
24.50000000     2.459478238590000
24.52500000     2.459476234530000
24.55000000     2.459474478710000
24.57500000     2.459472977570000
24.60000000     2.459471735490000
24.62500000     2.459470756570000
24.65000000     2.459470055530000
24.67500000     2.459469667950000
24.70000000     2.459469585660000
24.72500000     2.459469733720000
24.75000000     2.459470090150000
24.77500000     2.459470684810000
24.80000000     2.459471521580000
24.82500000     2.459472603400000
24.85000000     2.459473932090000
24.87500000     2.459475508380000
24.90000000     2.459477332630000
24.92500000     2.459479404660000
24.95000000     2.459481723800000
24.97500000     2.459484288820000
25.00000000     2.459487098010000
25.02500000     2.459490149050000
25.05000000     2.459493439090000
25.07500000     2.459496964680000
25.10000000     2.459500721800000
25.12500000     2.459504705800000
25.15000000     2.459508911420000
25.17500000     2.459513332770000
25.20000000     2.459517963330000
25.22500000     2.459522795950000
25.25000000     2.459527822830000
25.27500000     2.459533035510000
25.30000000     2.459538424930000
25.32500000     2.459543981350000
25.35000000     2.459549694450000
25.37500000     2.459555553250000
25.40000000     2.459561546210000
25.42500000     2.459567661180000
25.45000000     2.459573885490000
25.47500000     2.459580205890000
25.50000000     2.459586608690000
25.52500000     2.459593079680000
25.55000000     2.459599604280000
25.57500000     2.459606167530000
25.60000000     2.459612754800000
25.62500000     2.459619353050000
25.65000000     2.459625944110000
25.67500000     2.459632505560000
25.70000000     2.459639017490000
25.72500000     2.459645460500000
25.75000000     2.459651815310000
25.77500000     2.459658062940000
25.80000000     2.459664184750000
25.82500000     2.459670162640000
25.85000000     2.459675979090000
25.87500000     2.459681617350000
25.90000000     2.459687061510000
25.92500000     2.459692296640000
25.95000000     2.459697308890000
25.97500000     2.459702085570000
26.00000000     2.459706615270000
26.02500000     2.459710887950000
26.05000000     2.459714894970000
26.07500000     2.459718629180000
26.10000000     2.459722084920000
26.12500000     2.459725258130000
26.15000000     2.459728146260000
26.17500000     2.459730748360000
26.20000000     2.459733065010000
26.22500000     2.459735098150000
26.25000000     2.459736851110000
26.27500000     2.459738328920000
26.30000000     2.459739538820000
26.32500000     2.459740489770000
26.35000000     2.459741187600000
26.37500000     2.459741625060000
26.40000000     2.459741801220000
26.42500000     2.459741783960000
26.45000000     2.459741619780000
26.47500000     2.459741297690000
26.50000000     2.459740824700000
26.52500000     2.459740208510000
26.55000000     2.459739459630000
26.57500000     2.459738588840000
26.60000000     2.459737606980000
26.62500000     2.459736524960000
26.65000000     2.459735353680000
26.67500000     2.459734103950000
26.70000000     2.459732786510000
26.72500000     2.459731411970000
26.75000000     2.459729990800000
26.77500000     2.459728533330000
26.80000000     2.459727049750000
26.82500000     2.459725549760000
26.85000000     2.459724041770000
26.87500000     2.459722536780000
26.90000000     2.459721048190000
26.92500000     2.459719587700000
26.95000000     2.459718166600000
26.97500000     2.459716796070000
27.00000000     2.459715487220000
27.02500000     2.459714251060000
27.05000000     2.459713098560000
27.07500000     2.459712040730000
27.10000000     2.459711088540000
27.12500000     2.459710252530000
27.15000000     2.459709542050000
27.17500000     2.459708965790000
27.20000000     2.459708537430000
27.22500000     2.459708284610000
27.25000000     2.459708220820000
27.27500000     2.459708305530000
27.30000000     2.459708520830000
27.32500000     2.459708890110000
27.35000000     2.459709420160000
27.37500000     2.459710117560000
27.40000000     2.459710987010000
27.42500000     2.459712032160000
27.45000000     2.459713255930000
27.47500000     2.459714660330000
27.50000000     2.459716246460000
27.52500000     2.459718014410000
27.55000000     2.459719963290000
27.57500000     2.459722091100000
27.60000000     2.459724394770000
27.62500000     2.459726870100000
27.65000000     2.459729511770000
27.67500000     2.459732313300000
27.70000000     2.459735267070000
27.72500000     2.459738364350000
27.75000000     2.459741595280000
27.77500000     2.459744948940000
27.80000000     2.459748413360000
27.82500000     2.459751975570000
27.85000000     2.459755621670000
27.87500000     2.459759336860000
27.90000000     2.459763105550000
27.92500000     2.459766911450000
27.95000000     2.459770738830000
27.97500000     2.459774572420000
28.00000000     2.459778390130000
28.02500000     2.459782165950000
28.05000000     2.459785876840000
28.07500000     2.459789499580000
28.10000000     2.459793010890000
28.12500000     2.459796387440000
28.15000000     2.459799606070000
28.17500000     2.459802643890000
28.20000000     2.459805478390000
28.22500000     2.459808087410000
28.25000000     2.459810449110000
28.27500000     2.459812542410000
28.30000000     2.459814348280000
28.32500000     2.459815850870000
28.35000000     2.459817033580000
28.37500000     2.459817861540000
28.40000000     2.459818274920000
28.42500000     2.459818302370000
28.45000000     2.459818032320000
28.47500000     2.459817467940000
28.50000000     2.459816571310000
28.52500000     2.459815331150000
28.55000000     2.459813740230000
28.57500000     2.459811792190000
28.60000000     2.459809482540000
28.62500000     2.459806808000000
28.65000000     2.459803766500000
28.67500000     2.459800357200000
28.70000000     2.459796580510000
28.72500000     2.459792438080000
28.75000000     2.459787932790000
28.77500000     2.459783068730000
28.80000000     2.459777851200000
28.82500000     2.459772286690000
28.85000000     2.459766382820000
28.87500000     2.459760148320000
28.90000000     2.459753593010000
28.92500000     2.459746727730000
28.95000000     2.459739564310000
28.97500000     2.459732115500000
29.00000000     2.459724394940000
29.02500000     2.459716417110000
29.05000000     2.459708197240000
29.07500000     2.459699751300000
29.10000000     2.459691095920000
29.12500000     2.459682248320000
29.15000000     2.459673226330000
29.17500000     2.459664048240000
29.20000000     2.459654732830000
29.22500000     2.459645299300000
29.25000000     2.459635767210000
29.27500000     2.459626156440000
29.30000000     2.459616487160000
29.32500000     2.459606779600000
29.35000000     2.459597052050000
29.37500000     2.459587324240000
29.40000000     2.459577623330000
29.42500000     2.459567977840000
29.45000000     2.459558413010000
29.47500000     2.459548954220000
29.50000000     2.459539626750000
29.52500000     2.459530455740000
29.55000000     2.459521466130000
29.57500000     2.459512682530000
29.60000000     2.459504129220000
29.62500000     2.459495830020000
29.65000000     2.459487808250000
29.67500000     2.459480086580000
29.70000000     2.459472687010000
29.72500000     2.459465630730000
29.75000000     2.459458938050000
29.77500000     2.459452628300000
29.80000000     2.459446719750000
29.82500000     2.459441229490000
29.85000000     2.459436173330000
29.87500000     2.459431565700000
29.90000000     2.459427419790000
29.92500000     2.459423747630000
29.95000000     2.459420559480000
29.97500000     2.459417862260000
30.00000000     2.459415658600000
30.02500000     2.459413952450000
30.05000000     2.459412770700000
30.07500000     2.459412169290000
30.10000000     2.459412085670000
30.12500000     2.459412387970000
30.15000000     2.459413058510000
30.17500000     2.459414132480000
30.20000000     2.459415609340000
30.22500000     2.459417483200000
30.25000000     2.459419747350000
30.27500000     2.459422392900000
30.30000000     2.459425409810000
30.32500000     2.459428786920000
30.35000000     2.459432511950000
30.37500000     2.459436571520000
30.40000000     2.459440951200000
30.42500000     2.459445635510000
30.45000000     2.459450608010000
30.47500000     2.459455851230000
30.50000000     2.459461346790000
30.52500000     2.459467075380000
30.55000000     2.459473016770000
30.57500000     2.459479149900000
30.60000000     2.459485452880000
30.62500000     2.459491903010000
30.65000000     2.459498476820000
30.67500000     2.459505150140000
30.70000000     2.459511898110000
30.72500000     2.459518695480000
30.75000000     2.459525519680000
30.77500000     2.459532344660000
30.80000000     2.459539134620000
30.82500000     2.459545852710000
30.85000000     2.459552465380000
30.87500000     2.459558938570000
30.90000000     2.459565238090000
30.92500000     2.459571329710000
30.95000000     2.459577179390000
30.97500000     2.459582753350000
31.00000000     2.459588018380000
31.02500000     2.459592942000000
31.05000000     2.459597492640000
31.07500000     2.459601639580000
31.10000000     2.459605353130000
31.12500000     2.459608605780000
31.15000000     2.459611374380000
31.17500000     2.459613640640000
31.20000000     2.459615380960000
31.22500000     2.459616537600000
31.25000000     2.459617034040000
31.27500000     2.459616981540000
31.30000000     2.459616501370000
31.32500000     2.459615562680000
31.35000000     2.459614138550000
31.37500000     2.459612218810000
31.40000000     2.459609803930000
31.42500000     2.459606895650000
31.45000000     2.459603498370000
31.47500000     2.459599618810000
31.50000000     2.459595265650000
31.52500000     2.459590449550000
31.55000000     2.459585183010000
31.57500000     2.459579480230000
31.60000000     2.459573356980000
31.62500000     2.459566830430000
31.65000000     2.459559918990000
31.67500000     2.459552642140000
31.70000000     2.459545020290000
31.72500000     2.459537074540000
31.75000000     2.459528826620000
31.77500000     2.459520298640000
31.80000000     2.459511512980000
31.82500000     2.459502492170000
31.85000000     2.459493258740000
31.87500000     2.459483835120000
31.90000000     2.459474243540000
31.92500000     2.459464506010000
31.95000000     2.459454644170000
31.97500000     2.459444679330000
32.00000000     2.459434632400000
32.02500000     2.459424523880000
32.05000000     2.459414373770000
32.07500000     2.459404200230000
32.10000000     2.459394020800000
32.12500000     2.459383859260000
32.15000000     2.459373741210000
32.17500000     2.459363688530000
32.20000000     2.459353722850000
32.22500000     2.459343865510000
32.25000000     2.459334137610000
32.27500000     2.459324559990000
32.30000000     2.459315153240000
32.32500000     2.459305937690000
32.35000000     2.459296933310000
32.37500000     2.459288159750000
32.40000000     2.459279636210000
32.42500000     2.459271381350000
32.45000000     2.459263413280000
32.47500000     2.459255749380000
32.50000000     2.459248406250000
32.52500000     2.459241399580000
32.55000000     2.459234744080000
32.57500000     2.459228453330000
32.60000000     2.459222539720000
32.62500000     2.459217014340000
32.65000000     2.459211886900000
32.67500000     2.459207165640000
32.70000000     2.459202857250000
32.72500000     2.459198966790000
32.75000000     2.459195497850000
32.77500000     2.459192452550000
32.80000000     2.459189831150000
32.82500000     2.459187631060000
32.85000000     2.459185846160000
32.87500000     2.459184470730000
32.90000000     2.459183514350000
32.92500000     2.459183007710000
32.95000000     2.459182901120000
32.97500000     2.459183085450000
33.00000000     2.459183534140000
33.02500000     2.459184269470000
33.05000000     2.459185283340000
33.07500000     2.459186564600000
33.10000000     2.459188101510000
33.12500000     2.459189881010000
33.15000000     2.459191889720000
33.17500000     2.459194113980000
33.20000000     2.459196539940000
33.22500000     2.459199153690000
33.25000000     2.459201941310000
33.27500000     2.459204888960000
33.30000000     2.459207983000000
33.32500000     2.459211210020000
33.35000000     2.459214556880000
33.37500000     2.459218010820000
33.40000000     2.459221559410000
33.42500000     2.459225190660000
33.45000000     2.459228892970000
33.47500000     2.459232655140000
33.50000000     2.459236466390000
