20.00000000     2.459500795930000
20.02500000     2.459495490240000
20.05000000     2.459490111000000
20.07500000     2.459484668970000
20.10000000     2.459479181200000
20.12500000     2.459473663270000
20.15000000     2.459468132030000
20.17500000     2.459462602740000
20.20000000     2.459457093580000
20.22500000     2.459451621630000
20.25000000     2.459446202000000
20.27500000     2.459440848360000
20.30000000     2.459435581240000
20.32500000     2.459430414720000
20.35000000     2.459425360890000
20.37500000     2.459420436730000
20.40000000     2.459415657160000
20.42500000     2.459411035220000
20.45000000     2.459406583350000
20.47500000     2.459402316620000
20.50000000     2.459398239950000
20.52500000     2.459394368030000
20.55000000     2.459390707670000
20.57500000     2.459387262340000
20.60000000     2.459384042810000
20.62500000     2.459381055130000
20.65000000     2.459378306730000
20.67500000     2.459375793220000
20.70000000     2.459373521190000
20.72500000     2.459371496040000
20.75000000     2.459369714760000
20.77500000     2.459368175600000
20.80000000     2.459366900000000
20.82500000     2.459365848760000
20.85000000     2.459365037470000
20.87500000     2.459364457940000
20.90000000     2.459364112120000
20.92500000     2.459363989640000
20.95000000     2.459364084270000
20.97500000     2.459364390630000
21.00000000     2.459364899270000
21.02500000     2.459365602170000
21.05000000     2.459366493020000
21.07500000     2.459367554820000
21.10000000     2.459368778270000
21.12500000     2.459370152210000
21.15000000     2.459371663850000
21.17500000     2.459373304330000
21.20000000     2.459375057930000
21.22500000     2.459376915370000
21.25000000     2.459378860900000
21.27500000     2.459380882420000
21.30000000     2.459382964160000
21.32500000     2.459385094240000
21.35000000     2.459387258950000
21.37500000     2.459389444340000
21.40000000     2.459391636610000
21.42500000     2.459393822410000
21.45000000     2.459395985790000
21.47500000     2.459398112990000
21.50000000     2.459400191740000
21.52500000     2.459402211200000
21.55000000     2.459404156860000
21.57500000     2.459406014040000
21.60000000     2.459407776910000
21.62500000     2.459409438020000
21.65000000     2.459410981230000
21.67500000     2.459412399010000
21.70000000     2.459413683250000
21.72500000     2.459414830450000
21.75000000     2.459415832800000
21.77500000     2.459416683220000
21.80000000     2.459417381850000
21.82500000     2.459417921440000
21.85000000     2.459418293660000
21.87500000     2.459418500320000
21.90000000     2.459418536370000
21.92500000     2.459418404550000
21.95000000     2.459418103670000
21.97500000     2.459417632420000
22.00000000     2.459416980630000
22.02500000     2.459416176660000
22.05000000     2.459415206160000
22.07500000     2.459414075660000
22.10000000     2.459412790280000
22.12500000     2.459411355170000
22.15000000     2.459409773230000
22.17500000     2.459408055310000
22.20000000     2.459406204490000
22.22500000     2.459404229010000
22.25000000     2.459402136890000
22.27500000     2.459399935180000
22.30000000     2.459397633860000
22.32500000     2.459395247720000
22.35000000     2.459392779160000
22.37500000     2.459390236870000
22.40000000     2.459387631600000
22.42500000     2.459384975450000
22.45000000     2.459382273440000
22.47500000     2.459379539090000
22.50000000     2.459376783900000
22.52500000     2.459374021290000
22.55000000     2.459371260650000
22.57500000     2.459368509420000
22.60000000     2.459365781200000
22.62500000     2.459363089870000
22.65000000     2.459360439590000
22.67500000     2.459357842800000
22.70000000     2.459355309900000
22.72500000     2.459352852490000
22.75000000     2.459350478630000
22.77500000     2.459348194490000
22.80000000     2.459346008750000
22.82500000     2.459343927510000
22.85000000     2.459341957180000
22.87500000     2.459340105680000
22.90000000     2.459338377360000
22.92500000     2.459336778660000
22.95000000     2.459335313090000
22.97500000     2.459333983360000
23.00000000     2.459332796250000
23.02500000     2.459331753570000
23.05000000     2.459330854870000
23.07500000     2.459330118050000
23.10000000     2.459329522480000
23.12500000     2.459329073480000
23.15000000     2.459328774820000
23.17500000     2.459328630800000
23.20000000     2.459328633270000
23.22500000     2.459328776240000
23.25000000     2.459329067680000
23.27500000     2.459329503690000
23.30000000     2.459330073630000
23.32500000     2.459330781590000
23.35000000     2.459331621900000
23.37500000     2.459332587230000
23.40000000     2.459333679610000
23.42500000     2.459334891610000
23.45000000     2.459336214540000
23.47500000     2.459337640110000
23.50000000     2.459339168040000
23.52500000     2.459340784360000
23.55000000     2.459342491760000
23.57500000     2.459344275200000
23.60000000     2.459346130740000
23.62500000     2.459348051330000
23.65000000     2.459350027190000
23.67500000     2.459352051460000
23.70000000     2.459354118490000
23.72500000     2.459356221420000
23.75000000     2.459358349150000
23.77500000     2.459360493900000
23.80000000     2.459362654300000
23.82500000     2.459364816420000
23.85000000     2.459366976640000
23.87500000     2.459369134240000
23.90000000     2.459371280640000
23.92500000     2.459373410420000
23.95000000     2.459375520540000
23.97500000     2.459377606740000
24.00000000     2.459379667390000
24.02500000     2.459381693650000
24.05000000     2.459383687260000
24.07500000     2.459385641560000
24.10000000     2.459387553350000
24.12500000     2.459389423620000
24.15000000     2.459391252950000
24.17500000     2.459393035810000
24.20000000     2.459394774030000
24.22500000     2.459396468760000
24.25000000     2.459398122830000
24.27500000     2.459399738060000
24.30000000     2.459401311400000
24.32500000     2.459402850330000
24.35000000     2.459404356150000
24.37500000     2.459405837960000
24.40000000     2.459407302340000
24.42500000     2.459408750070000
24.45000000     2.459410195140000
24.47500000     2.459411641030000
24.50000000     2.459413096720000
24.52500000     2.459414572630000
24.55000000     2.459416076820000
24.57500000     2.459417625070000
24.60000000     2.459419228670000
24.62500000     2.459420895670000
24.65000000     2.459422640890000
24.67500000     2.459424479320000
24.70000000     2.459426428990000
24.72500000     2.459428501950000
24.75000000     2.459430719710000
24.77500000     2.459433101350000
24.80000000     2.459435670070000
24.82500000     2.459438444420000
24.85000000     2.459441441440000
24.87500000     2.459444691200000
24.90000000     2.459448212920000
24.92500000     2.459452035840000
24.95000000     2.459456185500000
24.97500000     2.459460691040000
25.00000000     2.459465583420000
25.02500000     2.459470893520000
25.05000000     2.459476658600000
25.07500000     2.459482908810000
25.10000000     2.459489683130000
25.12500000     2.459497022140000
25.15000000     2.459504968200000
25.17500000     2.459513563310000
25.20000000     2.459522858330000
25.22500000     2.459532896230000
25.25000000     2.459543732820000
25.27500000     2.459555432820000
25.30000000     2.459568050010000
25.32500000     2.459581645540000
25.35000000     2.459596289500000
25.37500000     2.459612058880000
25.40000000     2.459629031300000
25.42500000     2.459647281710000
25.45000000     2.459666906910000
25.47500000     2.459688000050000
25.50000000     2.459710653500000
25.52500000     2.459734982750000
25.55000000     2.459761105480000
25.57500000     2.459789134340000
25.60000000     2.459819198230000
25.62500000     2.459851437310000
25.65000000     2.459886002840000
25.67500000     2.459923054840000
25.70000000     2.459962750790000
25.72500000     2.460005274360000
25.75000000     2.460050822920000
25.77500000     2.460099600240000
25.80000000     2.460151818910000
25.82500000     2.460207716750000
25.85000000     2.460267544060000
25.87500000     2.460331561400000
25.90000000     2.460400061850000
25.92500000     2.460473351920000
25.95000000     2.460551760050000
25.97500000     2.460635622940000
26.00000000     2.460725320280000
26.02500000     2.460821250320000
26.05000000     2.460923831350000
26.07500000     2.461033508280000
26.10000000     2.461150755660000
26.12500000     2.461276089920000
26.15000000     2.461410065070000
26.17500000     2.461553252980000
26.20000000     2.461706281840000
26.22500000     2.461869790750000
26.25000000     2.462044478410000
26.27500000     2.462231075580000
26.30000000     2.462430373460000
26.32500000     2.462643229960000
26.35000000     2.462870530500000
26.37500000     2.463113291000000
26.40000000     2.463372537060000
26.42500000     2.463649388190000
26.45000000     2.463944994430000
26.47500000     2.464260561510000
26.50000000     2.464597431870000
26.52500000     2.464957008180000
26.55000000     2.465340753580000
26.57500000     2.465750294890000
26.60000000     2.466187382220000
26.62500000     2.466653846070000
26.65000000     2.467151566290000
26.67500000     2.467682602510000
26.70000000     2.468249161290000
26.72500000     2.468853551170000
26.75000000     2.469498135290000
26.77500000     2.470185443130000
26.80000000     2.470918210790000
26.82500000     2.471699518680000
26.85000000     2.472532676300000
26.87500000     2.473421082750000
26.90000000     2.474368377560000
26.92500000     2.475378490440000
26.95000000     2.476455347190000
26.97500000     2.477603108080000
27.00000000     2.478826260400000
27.02500000     2.480129586370000
27.05000000     2.481518121170000
27.07500000     2.482997216160000
27.10000000     2.484572638080000
27.12500000     2.486250517910000
27.15000000     2.488037233460000
27.17500000     2.489939523500000
27.20000000     2.491964505690000
27.22500000     2.494119434710000
27.25000000     2.496411944650000
27.27500000     2.498850546720000
27.30000000     2.501444001710000
27.32500000     2.504201188180000
27.35000000     2.507131631400000
27.37500000     2.510245607980000
27.40000000     2.513553528340000
27.42500000     2.517066392930000
27.45000000     2.520796166660000
27.47500000     2.524755158670000
27.50000000     2.528956100450000
27.52500000     2.533412481260000
27.55000000     2.538138216540000
27.57500000     2.543147768040000
27.60000000     2.548456640880000
27.62500000     2.554080909000000
27.65000000     2.560036632470000
27.67500000     2.566340333570000
27.70000000     2.573009359000000
27.72500000     2.580062032110000
27.75000000     2.587517123750000
27.77500000     2.595393568280000
27.80000000     2.603710452090000
27.82500000     2.612487359180000
27.85000000     2.621744117170000
27.87500000     2.631501255390000
27.90000000     2.641779090760000
27.92500000     2.652597728160000
27.95000000     2.663976865410000
27.97500000     2.675936001380000
28.00000000     2.688494186510000
28.02500000     2.701669945190000
28.05000000     2.715480834730000
28.07500000     2.729943292960000
28.10000000     2.745072302880000
28.12500000     2.760881406290000
28.15000000     2.777382142160000
28.17500000     2.794584042100000
28.20000000     2.812493799280000
28.22500000     2.831115431510000
28.25000000     2.850449484600000
28.27500000     2.870492904260000
28.30000000     2.891238508840000
28.32500000     2.912674702770000
28.35000000     2.934785071560000
28.37500000     2.957547806700000
28.40000000     2.980935569560000
28.42500000     3.004914978420000
28.45000000     3.029446248200000
28.47500000     3.054482949720000
28.50000000     3.079971689040000
28.52500000     3.105851975030000
28.55000000     3.132056117620000
28.57500000     3.158509163960000
28.60000000     3.185128922100000
28.62500000     3.211826160590000
28.65000000     3.238506002810000
28.67500000     3.265064865230000
28.70000000     3.291394141850000
28.72500000     3.317380063870000
28.75000000     3.342904215640000
28.77500000     3.367844147570000
28.80000000     3.392074976310000
28.82500000     3.415470559610000
28.85000000     3.437903630360000
28.87500000     3.459246780220000
28.90000000     3.479374925370000
28.92500000     3.498167566260000
28.95000000     3.515509196430000
28.97500000     3.531289571080000
29.00000000     3.545405417550000
29.02500000     3.557763047270000
29.05000000     3.568280573270000
29.07500000     3.576888961010000
29.10000000     3.583532164280000
29.12500000     3.588167448110000
29.15000000     3.590765301320000
29.17500000     3.591309628310000
29.20000000     3.589734953270000
29.22500000     3.586134946460000
29.25000000     3.580491906170000
29.27500000     3.572839284620000
29.30000000     3.563224815660000
29.32500000     3.551709092920000
29.35000000     3.538377480230000
29.37500000     3.523295924890000
29.40000000     3.506555649340000
29.42500000     3.488261482930000
29.45000000     3.468522233540000
29.47500000     3.447453713790000
29.50000000     3.425177277040000
29.52500000     3.401817939430000
29.55000000     3.377502504950000
29.57500000     3.352357713020000
29.60000000     3.326508533600000
29.62500000     3.300076781630000
29.65000000     3.273180126320000
29.67500000     3.245931416140000
29.70000000     3.218438202590000
29.72500000     3.190802295250000
29.75000000     3.163119434110000
29.77500000     3.135479007420000
29.80000000     3.107963747310000
29.82500000     3.080649551790000
29.85000000     3.053605416160000
29.87500000     3.026893402610000
29.90000000     3.000568731360000
29.92500000     2.974679986320000
29.95000000     2.949269325100000
29.97500000     2.924373674950000
30.00000000     2.900023523270000
30.02500000     2.876243467430000
30.05000000     2.853053733390000
30.07500000     2.830470205640000
30.10000000     2.808504813720000
30.12500000     2.787165933880000
30.15000000     2.766458807900000
30.17500000     2.746385909760000
30.20000000     2.726947370020000
30.22500000     2.708141290950000
30.25000000     2.689964014490000
30.27500000     2.672410419190000
30.30000000     2.655474233190000
30.32500000     2.639148249920000
30.35000000     2.623424568770000
30.37500000     2.608294768610000
30.40000000     2.593750050340000
30.42500000     2.579781382290000
30.45000000     2.566379615750000
30.47500000     2.553535569460000
30.50000000     2.541240116930000
30.52500000     2.529484229710000
30.55000000     2.518259007240000
30.57500000     2.507555802340000
30.60000000     2.497365971630000
30.62500000     2.487681153630000
30.65000000     2.478493151460000
30.67500000     2.469793919820000
30.70000000     2.461575558000000
30.72500000     2.453830267190000
30.75000000     2.446550348050000
30.77500000     2.439728145600000
30.80000000     2.433356043280000
30.82500000     2.427426445260000
30.85000000     2.421931726780000
30.87500000     2.416864218240000
30.90000000     2.412216182100000
30.92500000     2.407979802470000
30.95000000     2.404147171010000
30.97500000     2.400710269440000
31.00000000     2.397660990730000
31.02500000     2.394991124990000
31.05000000     2.392692352080000
31.07500000     2.390756263360000
31.10000000     2.389174350770000
31.12500000     2.387938012420000
31.15000000     2.387038517530000
31.17500000     2.386467128290000
31.20000000     2.386215069890000
31.22500000     2.386273529640000
31.25000000     2.386633785010000
31.27500000     2.387287070110000
31.30000000     2.388228693040000
31.32500000     2.389443511870000
31.35000000     2.390923356500000
31.37500000     2.392661064350000
31.40000000     2.394648007180000
31.42500000     2.396875619170000
31.45000000     2.399335373120000
31.47500000     2.402018779320000
31.50000000     2.404917377750000
31.52500000     2.408022710150000
31.55000000     2.411326318310000
31.57500000     2.414819699000000
31.60000000     2.418494279960000
31.62500000     2.422341415350000
31.65000000     2.426352347310000
31.67500000     2.430518181590000
31.70000000     2.434829832410000
31.72500000     2.439278019290000
31.75000000     2.443853257480000
31.77500000     2.448545796590000
31.80000000     2.453345614130000
31.82500000     2.458242388610000
31.85000000     2.463225494770000
31.87500000     2.468283976390000
31.90000000     2.473406552170000
31.92500000     2.478581607180000
31.95000000     2.483797192220000
31.97500000     2.489041051190000
32.00000000     2.494300615980000
32.02500000     2.499563033390000
32.05000000     2.504815186980000
32.07500000     2.510043751950000
32.10000000     2.515235222580000
32.12500000     2.520375987060000
32.15000000     2.525452544070000
32.17500000     2.530451423170000
32.20000000     2.535358364480000
32.22500000     2.540159670090000
32.25000000     2.544841871410000
32.27500000     2.549391722340000
32.30000000     2.553796298120000
32.32500000     2.558043086140000
32.35000000     2.562120033810000
32.37500000     2.566015621450000
32.40000000     2.569718993710000
32.42500000     2.573219937690000
32.45000000     2.576509022720000
32.47500000     2.579577655030000
32.50000000     2.582418136060000
32.52500000     2.585023709860000
32.55000000     2.587388580370000
32.57500000     2.589508135940000
32.60000000     2.591378956330000
32.62500000     2.592998501570000
32.65000000     2.594365391320000
32.67500000     2.595479509530000
32.70000000     2.596331853290000
32.72500000     2.596945275110000
32.75000000     2.597313772360000
32.77500000     2.597440697790000
32.80000000     2.597331520100000
32.82500000     2.596992921770000
32.85000000     2.596432717550000
32.87500000     2.595659637150000
32.90000000     2.594683313410000
32.92500000     2.593514281820000
32.95000000     2.592163890400000
32.97500000     2.590644287980000
33.00000000     2.588968306330000
33.02500000     2.587149426040000
33.05000000     2.585201705950000
33.07500000     2.583139684870000
33.10000000     2.580978325280000
33.12500000     2.578732962090000
33.15000000     2.576419131810000
33.17500000     2.574052691240000
33.20000000     2.571649571970000
33.22500000     2.569225775420000
33.25000000     2.566797297300000
33.27500000     2.564380064520000
33.30000000     2.561989895840000
33.32500000     2.559642393330000
33.35000000     2.557352892530000
33.37500000     2.555136091210000
33.40000000     2.553006843060000
33.42500000     2.550979986130000
33.45000000     2.549069522950000
33.47500000     2.547288768050000
33.50000000     2.545650566970000
