20.00000000     2.459531586890000
20.02500000     2.459530276540000
20.05000000     2.459528807200000
20.07500000     2.459527185170000
20.10000000     2.459525417410000
20.12500000     2.459523511470000
20.15000000     2.459521475530000
20.17500000     2.459519318300000
20.20000000     2.459517048980000
20.22500000     2.459514677240000
20.25000000     2.459512213150000
20.27500000     2.459509667120000
20.30000000     2.459507049890000
20.32500000     2.459504372420000
20.35000000     2.459501645860000
20.37500000     2.459498881510000
20.40000000     2.459496090730000
20.42500000     2.459493284850000
20.45000000     2.459490474540000
20.47500000     2.459487671620000
20.50000000     2.459484887300000
20.52500000     2.459482132470000
20.55000000     2.459479417720000
20.57500000     2.459476753320000
20.60000000     2.459474149140000
20.62500000     2.459471614650000
20.65000000     2.459469158790000
20.67500000     2.459466789970000
20.70000000     2.459464516060000
20.72500000     2.459462344290000
20.75000000     2.459460281200000
20.77500000     2.459458332690000
20.80000000     2.459456503880000
20.82500000     2.459454799190000
20.85000000     2.459453222230000
20.87500000     2.459451775810000
20.90000000     2.459450461970000
20.92500000     2.459449281820000
20.95000000     2.459448235290000
20.97500000     2.459447328330000
21.00000000     2.459446555220000
21.02500000     2.459445905130000
21.05000000     2.459445381770000
21.07500000     2.459444981550000
21.10000000     2.459444699880000
21.12500000     2.459444531450000
21.15000000     2.459444470210000
21.17500000     2.459444509430000
21.20000000     2.459444641700000
21.22500000     2.459444859020000
21.25000000     2.459445152760000
21.27500000     2.459445513760000
21.30000000     2.459445932390000
21.32500000     2.459446398550000
21.35000000     2.459446901770000
21.37500000     2.459447431230000
21.40000000     2.459447975860000
21.42500000     2.459448524340000
21.45000000     2.459449065210000
21.47500000     2.459449587470000
21.50000000     2.459450079320000
21.52500000     2.459450528850000
21.55000000     2.459450924550000
21.57500000     2.459451255090000
21.60000000     2.459451509370000
21.62500000     2.459451676540000
21.65000000     2.459451746110000
21.67500000     2.459451707970000
21.70000000     2.459451552500000
21.72500000     2.459451270560000
21.75000000     2.459450853600000
21.77500000     2.459450293650000
21.80000000     2.459449583310000
21.82500000     2.459448717600000
21.85000000     2.459447676320000
21.87500000     2.459446477830000
21.90000000     2.459445108420000
21.92500000     2.459443564010000
21.95000000     2.459441842070000
21.97500000     2.459439940990000
22.00000000     2.459437860040000
22.02500000     2.459435599440000
22.05000000     2.459433160300000
22.07500000     2.459430544670000
22.10000000     2.459427755520000
22.12500000     2.459424796760000
22.15000000     2.459421673160000
22.17500000     2.459418390420000
22.20000000     2.459414955090000
22.22500000     2.459411374580000
22.25000000     2.459407657090000
22.27500000     2.459403811620000
22.30000000     2.459399847920000
22.32500000     2.459395776430000
22.35000000     2.459391608230000
22.37500000     2.459387355040000
22.40000000     2.459383029110000
22.42500000     2.459378643220000
22.45000000     2.459374210560000
22.47500000     2.459369744740000
22.50000000     2.459365259660000
22.52500000     2.459360769510000
22.55000000     2.459356288440000
22.57500000     2.459351830350000
22.60000000     2.459347410590000
22.62500000     2.459343043730000
22.65000000     2.459338744260000
22.67500000     2.459334526510000
22.70000000     2.459330404620000
22.72500000     2.459326392440000
22.75000000     2.459322503470000
22.77500000     2.459318750790000
22.80000000     2.459315147020000
22.82500000     2.459311704220000
22.85000000     2.459308433870000
22.87500000     2.459305346810000
22.90000000     2.459302453150000
22.92500000     2.459299762270000
22.95000000     2.459297282740000
22.97500000     2.459295022280000
23.00000000     2.459292987750000
23.02500000     2.459291185080000
23.05000000     2.459289619260000
23.07500000     2.459288294310000
23.10000000     2.459287213150000
23.12500000     2.459286377910000
23.15000000     2.459285797410000
23.17500000     2.459285464680000
23.20000000     2.459285368980000
23.22500000     2.459285516380000
23.25000000     2.459285903980000
23.27500000     2.459286527650000
23.30000000     2.459287382260000
23.32500000     2.459288461770000
23.35000000     2.459289759190000
23.37500000     2.459291266600000
23.40000000     2.459292975230000
23.42500000     2.459294875480000
23.45000000     2.459296956930000
23.47500000     2.459299208440000
23.50000000     2.459301618180000
23.52500000     2.459304173660000
23.55000000     2.459306861830000
23.57500000     2.459309669110000
23.60000000     2.459312581460000
23.62500000     2.459315584430000
23.65000000     2.459318663250000
23.67500000     2.459321802880000
23.70000000     2.459324988110000
23.72500000     2.459328203570000
23.75000000     2.459331434180000
23.77500000     2.459334664950000
23.80000000     2.459337879820000
23.82500000     2.459341063590000
23.85000000     2.459344201300000
23.87500000     2.459347278290000
23.90000000     2.459350280250000
23.92500000     2.459353193280000
23.95000000     2.459356004010000
23.97500000     2.459358699560000
24.00000000     2.459361267720000
24.02500000     2.459363696870000
24.05000000     2.459365976160000
24.07500000     2.459368095460000
24.10000000     2.459370045470000
24.12500000     2.459371817730000
24.15000000     2.459373404670000
24.17500000     2.459374799610000
24.20000000     2.459375996830000
24.22500000     2.459376991590000
24.25000000     2.459377780120000
24.27500000     2.459378359660000
24.30000000     2.459378728530000
24.32500000     2.459378886220000
24.35000000     2.459378823670000
24.37500000     2.459378553620000
24.40000000     2.459378082870000
24.42500000     2.459377408400000
24.45000000     2.459376534330000
24.47500000     2.459375465840000
24.50000000     2.459374209030000
24.52500000     2.459372770940000
24.55000000     2.459371159440000
24.57500000     2.459369383220000
24.60000000     2.459367451740000
24.62500000     2.459365375190000
24.65000000     2.459363164460000
24.67500000     2.459360831050000
24.70000000     2.459358387050000
24.72500000     2.459355845050000
24.75000000     2.459353218150000
24.77500000     2.459350519800000
24.80000000     2.459347763840000
24.82500000     2.459344964350000
24.85000000     2.459342135640000
24.87500000     2.459339292160000
24.90000000     2.459336447700000
24.92500000     2.459333617420000
24.95000000     2.459330816110000
24.97500000     2.459328058250000
25.00000000     2.459325358160000
25.02500000     2.459322729940000
25.05000000     2.459320187400000
25.07500000     2.459317744020000
25.10000000     2.459315412910000
25.12500000     2.459313206740000
25.15000000     2.459311137680000
25.17500000     2.459309217390000
25.20000000     2.459307456940000
25.22500000     2.459305866810000
25.25000000     2.459304456840000
25.27500000     2.459303236200000
25.30000000     2.459302213340000
25.32500000     2.459301396040000
25.35000000     2.459300791260000
25.37500000     2.459300404250000
25.40000000     2.459300255390000
25.42500000     2.459300325110000
25.45000000     2.459300625730000
25.47500000     2.459301162520000
25.50000000     2.459301937950000
25.52500000     2.459302953890000
25.55000000     2.459304211510000
25.57500000     2.459305711300000
25.60000000     2.459307453150000
25.62500000     2.459309436370000
25.65000000     2.459311659730000
25.67500000     2.459314121510000
25.70000000     2.459316819510000
25.72500000     2.459319751200000
25.75000000     2.459322913690000
25.77500000     2.459326303850000
25.80000000     2.459329918350000
25.82500000     2.459333753760000
25.85000000     2.459337806620000
25.87500000     2.459342073490000
25.90000000     2.459346551120000
25.92500000     2.459351236440000
25.95000000     2.459356126740000
25.97500000     2.459361219660000
26.00000000     2.459366513440000
26.02500000     2.459372006900000
26.05000000     2.459377699580000
26.07500000     2.459383591870000
26.10000000     2.459389685100000
26.12500000     2.459395981700000
26.15000000     2.459402485280000
26.17500000     2.459409200750000
26.20000000     2.459416134470000
26.22500000     2.459423294330000
26.25000000     2.459430689940000
26.27500000     2.459438332740000
26.30000000     2.459446236130000
26.32500000     2.459454415680000
26.35000000     2.459462889180000
26.37500000     2.459471676960000
26.40000000     2.459480801840000
26.42500000     2.459490289420000
26.45000000     2.459500168160000
26.47500000     2.459510469550000
26.50000000     2.459521228460000
26.52500000     2.459532483160000
26.55000000     2.459544275530000
26.57500000     2.459556651400000
26.60000000     2.459569660730000
26.62500000     2.459583357720000
26.65000000     2.459597800970000
26.67500000     2.459613053990000
26.70000000     2.459629185340000
26.72500000     2.459646268860000
26.75000000     2.459664383830000
26.77500000     2.459683615450000
26.80000000     2.459704055270000
26.82500000     2.459725801730000
26.85000000     2.459748960320000
26.87500000     2.459773643700000
26.90000000     2.459799972410000
26.92500000     2.459828075360000
26.95000000     2.459858089740000
26.97500000     2.459890161990000
27.00000000     2.459924448450000
27.02500000     2.459961115860000
27.05000000     2.460000341900000
27.07500000     2.460042315900000
27.10000000     2.460087239750000
27.12500000     2.460135328510000
27.15000000     2.460186810990000
27.17500000     2.460241930790000
27.20000000     2.460300947240000
27.22500000     2.460364135890000
27.25000000     2.460431789980000
27.27500000     2.460504222490000
27.30000000     2.460581766100000
27.32500000     2.460664774190000
27.35000000     2.460753623200000
27.37500000     2.460848714260000
27.40000000     2.460950473520000
27.42500000     2.461059354650000
27.45000000     2.461175841350000
27.47500000     2.461300448020000
27.50000000     2.461433721920000
27.52500000     2.461576245940000
27.55000000     2.461728640330000
27.57500000     2.461891565300000
27.60000000     2.462065724680000
27.62500000     2.462251867820000
27.65000000     2.462450791390000
27.67500000     2.462663343580000
27.70000000     2.462890428210000
27.72500000     2.463133008770000
27.75000000     2.463392111260000
27.77500000     2.463668827810000
27.80000000     2.463964321170000
27.82500000     2.464279830190000
27.85000000     2.464616674470000
27.87500000     2.464976260820000
27.90000000     2.465360087170000
27.92500000     2.465769748860000
27.95000000     2.466206944900000
27.97500000     2.466673485590000
28.00000000     2.467171299610000
28.02500000     2.467702442050000
28.05000000     2.468269102060000
28.07500000     2.468873611880000
28.10000000     2.469518455950000
28.12500000     2.470206281550000
28.15000000     2.470939908730000
28.17500000     2.471722342390000
28.20000000     2.472556782940000
28.22500000     2.473446640430000
28.25000000     2.474395546890000
28.27500000     2.475407371420000
28.30000000     2.476486235070000
28.32500000     2.477636527280000
28.35000000     2.478862923100000
28.37500000     2.480170400690000
28.40000000     2.481564261400000
28.42500000     2.483050149490000
28.45000000     2.484634073540000
28.47500000     2.486322429180000
28.50000000     2.488122022620000
28.52500000     2.490040095750000
28.55000000     2.492084352470000
28.57500000     2.494262985960000
28.60000000     2.496584707130000
28.62500000     2.499058774510000
28.65000000     2.501695024840000
28.67500000     2.504503905250000
28.70000000     2.507496505770000
28.72500000     2.510684592780000
28.75000000     2.514080643150000
28.77500000     2.517697878160000
28.80000000     2.521550298080000
28.82500000     2.525652715590000
28.85000000     2.530020788740000
28.87500000     2.534671052960000
28.90000000     2.539620950090000
28.92500000     2.544888855090000
28.95000000     2.550494098740000
28.97500000     2.556456985270000
29.00000000     2.562798804150000
29.02500000     2.569541834110000
29.05000000     2.576709338000000
29.07500000     2.584325547310000
29.10000000     2.592415632380000
29.12500000     2.601005657870000
29.15000000     2.610122520070000
29.17500000     2.619793863450000
29.20000000     2.630047973480000
29.22500000     2.640913642450000
29.25000000     2.652420003970000
29.27500000     2.664596333890000
29.30000000     2.677471812390000
29.32500000     2.691075244850000
29.35000000     2.705434737250000
29.37500000     2.720577322880000
29.40000000     2.736528536870000
29.42500000     2.753311936720000
29.45000000     2.770948567840000
29.47500000     2.789456372980000
29.50000000     2.808849547960000
29.52500000     2.829137843970000
29.55000000     2.850325824590000
29.57500000     2.872412082420000
29.60000000     2.895388427460000
29.62500000     2.919239059660000
29.65000000     2.943939742010000
29.67500000     2.969456994760000
29.70000000     2.995747333680000
29.72500000     3.022756577280000
29.75000000     3.050419254070000
29.77500000     3.078658139660000
29.80000000     3.107383954410000
29.82500000     3.136495634650000
29.85000000     3.165881156940000
29.87500000     3.195413554200000
29.90000000     3.224956544130000
29.92500000     3.254363736860000
29.95000000     3.283479853310000
29.97500000     3.312142248630000
30.00000000     3.340182696930000
30.02500000     3.367429412040000
30.05000000     3.393709379280000
30.07500000     3.418850827830000
30.10000000     3.442685810350000
30.12500000     3.465052833200000
30.15000000     3.485799466720000
30.17500000     3.504784860280000
30.20000000     3.521882088110000
30.22500000     3.536980256040000
30.25000000     3.549986305390000
30.27500000     3.560826460980000
30.30000000     3.569447282720000
30.32500000     3.575816314880000
30.35000000     3.579922403640000
30.37500000     3.581750219880000
30.40000000     3.581349407450000
30.42500000     3.578808773240000
30.45000000     3.574162354940000
30.47500000     3.567493048850000
30.50000000     3.558898173110000
30.52500000     3.548487336320000
30.55000000     3.536390467380000
30.57500000     3.522713900730000
30.60000000     3.507602124230000
30.62500000     3.491192280000000
30.65000000     3.473623078890000
30.67500000     3.455032975420000
30.70000000     3.435558464470000
30.72500000     3.415332568220000
30.75000000     3.394483527070000
30.77500000     3.373133703310000
30.80000000     3.351398706510000
30.82500000     3.329386697840000
30.85000000     3.307197891360000
30.87500000     3.284924244120000
30.90000000     3.262649309670000
30.92500000     3.240448236930000
30.95000000     3.218387699190000
30.97500000     3.196526517030000
31.00000000     3.174916056730000
31.02500000     3.153600076850000
31.05000000     3.132615447420000
31.07500000     3.111992631620000
31.10000000     3.091756192460000
31.12500000     3.071925312060000
31.15000000     3.052514312210000
31.17500000     3.033533167090000
31.20000000     3.014988000800000
31.22500000     2.996881564080000
31.25000000     2.979213685610000
31.27500000     2.961981694590000
31.30000000     2.945180812640000
31.32500000     2.928804513370000
31.35000000     2.912844849550000
31.37500000     2.897292747650000
31.40000000     2.882138270760000
31.42500000     2.867370851050000
31.45000000     2.852979493120000
31.47500000     2.838952950190000
31.50000000     2.825279874950000
31.52500000     2.811948947010000
31.55000000     2.798948979300000
31.57500000     2.786269005140000
31.60000000     2.773898348210000
31.62500000     2.761826677430000
31.65000000     2.750044048430000
31.67500000     2.738540933440000
31.70000000     2.727308241200000
31.72500000     2.716337328540000
31.75000000     2.705620004780000
31.77500000     2.695148530290000
31.80000000     2.684915610310000
31.82500000     2.674914385010000
31.85000000     2.665138416660000
31.87500000     2.655581674580000
31.90000000     2.646238518660000
31.92500000     2.637103681820000
31.95000000     2.628172251980000
31.97500000     2.619439644350000
32.00000000     2.610901580690000
32.02500000     2.602554188150000
32.05000000     2.594393746170000
32.07500000     2.586416852230000
32.10000000     2.578620356620000
32.12500000     2.571001348020000
32.15000000     2.563557140050000
32.17500000     2.556285258780000
32.20000000     2.549183431200000
32.22500000     2.542249574670000
32.25000000     2.535481787260000
32.27500000     2.528878338950000
32.30000000     2.522437663660000
32.32500000     2.516158352160000
32.35000000     2.510039145540000
32.37500000     2.504078929370000
32.40000000     2.498276728640000
32.42500000     2.492631702890000
32.45000000     2.487143142190000
32.47500000     2.481810463350000
32.50000000     2.476633206540000
32.52500000     2.471611032260000
32.55000000     2.466743718520000
32.57500000     2.462031158630000
32.60000000     2.457473358840000
32.62500000     2.453070435600000
32.65000000     2.448822613920000
32.67500000     2.444730225390000
32.70000000     2.440793706220000
32.72500000     2.437013595160000
32.75000000     2.433390531690000
32.77500000     2.429925253880000
32.80000000     2.426618596140000
32.82500000     2.423471486980000
32.85000000     2.420484946530000
32.87500000     2.417660083810000
32.90000000     2.414998093680000
32.92500000     2.412500253710000
32.95000000     2.410167920440000
32.97500000     2.408002525520000
33.00000000     2.406005571190000
33.02500000     2.404178625530000
33.05000000     2.402523317030000
33.07500000     2.401041328620000
33.10000000     2.399734391140000
33.12500000     2.398604276230000
33.15000000     2.397652788150000
33.17500000     2.396881755540000
33.20000000     2.396293021480000
33.22500000     2.395888435440000
33.25000000     2.395669875570000
33.27500000     2.395638630460000
33.30000000     2.395805557790000
33.32500000     2.396156089110000
33.35000000     2.396699199440000
33.37500000     2.397436790470000
33.40000000     2.398370330950000
33.42500000     2.399501198850000
33.45000000     2.400830637700000
33.47500000     2.402359732000000
33.50000000     2.404089384730000
