20.00000000     2.459637335160000
20.02500000     2.459636659530000
20.05000000     2.459635642080000
20.07500000     2.459634282890000
20.10000000     2.459632583240000
20.12500000     2.459630545660000
20.15000000     2.459628173770000
20.17500000     2.459625472360000
20.20000000     2.459622447330000
20.22500000     2.459619105660000
20.25000000     2.459615455390000
20.27500000     2.459611505560000
20.30000000     2.459607266220000
20.32500000     2.459602748310000
20.35000000     2.459597963680000
20.37500000     2.459592925010000
20.40000000     2.459587645760000
20.42500000     2.459582140100000
20.45000000     2.459576422870000
20.47500000     2.459570509540000
20.50000000     2.459564416060000
20.52500000     2.459558158920000
20.55000000     2.459551754970000
20.57500000     2.459545221420000
20.60000000     2.459538575750000
20.62500000     2.459531835650000
20.65000000     2.459525018920000
20.67500000     2.459518142440000
20.70000000     2.459511224290000
20.72500000     2.459504283250000
20.75000000     2.459497337040000
20.77500000     2.459490403250000
20.80000000     2.459483499180000
20.82500000     2.459476641830000
20.85000000     2.459469847770000
20.87500000     2.459463133130000
20.90000000     2.459456513530000
20.92500000     2.459450004010000
20.95000000     2.459443619020000
20.97500000     2.459437372320000
21.00000000     2.459431276990000
21.02500000     2.459425345340000
21.05000000     2.459419588910000
21.07500000     2.459414018410000
21.10000000     2.459408643720000
21.12500000     2.459403473830000
21.15000000     2.459398516840000
21.17500000     2.459393779940000
21.20000000     2.459389269400000
21.22500000     2.459384990550000
21.25000000     2.459380947790000
21.27500000     2.459377144570000
21.30000000     2.459373583400000
21.32500000     2.459370265880000
21.35000000     2.459367192670000
21.37500000     2.459364363530000
21.40000000     2.459361777350000
21.42500000     2.459359432150000
21.45000000     2.459357325110000
21.47500000     2.459355452600000
21.50000000     2.459353810220000
21.52500000     2.459352392830000
21.55000000     2.459351194650000
21.57500000     2.459350208330000
21.60000000     2.459349436240000
21.62500000     2.459348864140000
21.65000000     2.459348470150000
21.67500000     2.459348255770000
21.70000000     2.459348212210000
21.72500000     2.459348330040000
21.75000000     2.459348599530000
21.77500000     2.459349010670000
21.80000000     2.459349553270000
21.82500000     2.459350216980000
21.85000000     2.459350991340000
21.87500000     2.459351865830000
21.90000000     2.459352829940000
21.92500000     2.459353873220000
21.95000000     2.459354985300000
21.97500000     2.459356155970000
22.00000000     2.459357375220000
22.02500000     2.459358633290000
22.05000000     2.459359921310000
22.07500000     2.459361229840000
22.10000000     2.459362549660000
22.12500000     2.459363872330000
22.15000000     2.459365189880000
22.17500000     2.459366494780000
22.20000000     2.459367780040000
22.22500000     2.459369039180000
22.25000000     2.459370266280000
22.27500000     2.459371456000000
22.30000000     2.459372603590000
22.32500000     2.459373704900000
22.35000000     2.459374756380000
22.37500000     2.459375755110000
22.40000000     2.459376698780000
22.42500000     2.459377585710000
22.45000000     2.459378414830000
22.47500000     2.459379185640000
22.50000000     2.459379898270000
22.52500000     2.459380553420000
22.55000000     2.459381152320000
22.57500000     2.459381696760000
22.60000000     2.459382189040000
22.62500000     2.459382631950000
22.65000000     2.459383028700000
22.67500000     2.459383382970000
22.70000000     2.459383698800000
22.72500000     2.459383980590000
22.75000000     2.459384233070000
22.77500000     2.459384461210000
22.80000000     2.459384670290000
22.82500000     2.459384865760000
22.85000000     2.459385053180000
22.87500000     2.459385238200000
22.90000000     2.459385426540000
22.92500000     2.459385624510000
22.95000000     2.459385837450000
22.97500000     2.459386070870000
23.00000000     2.459386330240000
23.02500000     2.459386620910000
23.05000000     2.459386948050000
23.07500000     2.459387316610000
23.10000000     2.459387731290000
23.12500000     2.459388196470000
23.15000000     2.459388716210000
23.17500000     2.459389294190000
23.20000000     2.459389933700000
23.22500000     2.459390637600000
23.25000000     2.459391408310000
23.27500000     2.459392247770000
23.30000000     2.459393157430000
23.32500000     2.459394138220000
23.35000000     2.459395190570000
23.37500000     2.459396314360000
23.40000000     2.459397508930000
23.42500000     2.459398773090000
23.45000000     2.459400105080000
23.47500000     2.459401502630000
23.50000000     2.459402962890000
23.52500000     2.459404482520000
23.55000000     2.459406057640000
23.57500000     2.459407683870000
23.60000000     2.459409356330000
23.62500000     2.459411069700000
23.65000000     2.459412818210000
23.67500000     2.459414595660000
23.70000000     2.459416395480000
23.72500000     2.459418210790000
23.75000000     2.459420034880000
23.77500000     2.459421859750000
23.80000000     2.459423677410000
23.82500000     2.459425479820000
23.85000000     2.459427258770000
23.87500000     2.459429005870000
23.90000000     2.459430712680000
23.92500000     2.459432370670000
23.95000000     2.459433971360000
23.97500000     2.459435506270000
24.00000000     2.459436967050000
24.02500000     2.459438345440000
24.05000000     2.459439633390000
24.07500000     2.459440823060000
24.10000000     2.459441906870000
24.12500000     2.459442877550000
24.15000000     2.459443728170000
24.17500000     2.459444452180000
24.20000000     2.459445043450000
24.22500000     2.459445496300000
24.25000000     2.459445805550000
24.27500000     2.459445966520000
24.30000000     2.459445975080000
24.32500000     2.459445827630000
24.35000000     2.459445521570000
24.37500000     2.459445054440000
24.40000000     2.459444426650000
24.42500000     2.459443621880000
24.45000000     2.459442658720000
24.47500000     2.459441538410000
24.50000000     2.459440255790000
24.52500000     2.459438812130000
24.55000000     2.459437209530000
24.57500000     2.459435450730000
24.60000000     2.459433539110000
24.62500000     2.459431478640000
24.65000000     2.459429273910000
24.67500000     2.459426930080000
24.70000000     2.459424452860000
24.72500000     2.459421848480000
24.75000000     2.459419123680000
24.77500000     2.459416285670000
24.80000000     2.459413342070000
24.82500000     2.459410300940000
24.85000000     2.459407170660000
24.87500000     2.459403959940000
24.90000000     2.459400677790000
24.92500000     2.459397333420000
24.95000000     2.459393936240000
24.97500000     2.459390495830000
25.00000000     2.459387021820000
25.02500000     2.459383523460000
25.05000000     2.459380010340000
25.07500000     2.459376492780000
25.10000000     2.459372980370000
25.12500000     2.459369482590000
25.15000000     2.459366008760000
25.17500000     2.459362567940000
25.20000000     2.459359168920000
25.22500000     2.459355820150000
25.25000000     2.459352529750000
25.27500000     2.459349305380000
25.30000000     2.459346154310000
25.32500000     2.459343083300000
25.35000000     2.459340098590000
25.37500000     2.459337205910000
25.40000000     2.459334410380000
25.42500000     2.459331716550000
25.45000000     2.459329128340000
25.47500000     2.459326649050000
25.50000000     2.459324281300000
25.52500000     2.459322027070000
25.55000000     2.459319887670000
25.57500000     2.459317863720000
25.60000000     2.459315955180000
25.62500000     2.459314161330000
25.65000000     2.459312480780000
25.67500000     2.459310911480000
25.70000000     2.459309450750000
25.72500000     2.459308095270000
25.75000000     2.459306841110000
25.77500000     2.459305683770000
25.80000000     2.459304618150000
25.82500000     2.459303638930000
25.85000000     2.459302738510000
25.87500000     2.459301917590000
25.90000000     2.459301161780000
25.92500000     2.459300460890000
25.95000000     2.459299810900000
25.97500000     2.459299204260000
26.00000000     2.459298632790000
26.02500000     2.459298088120000
26.05000000     2.459297561720000
26.07500000     2.459297044970000
26.10000000     2.459296529680000
26.12500000     2.459296007150000
26.15000000     2.459295468230000
26.17500000     2.459294904410000
26.20000000     2.459294307320000
26.22500000     2.459293668720000
26.25000000     2.459292981380000
26.27500000     2.459292232610000
26.30000000     2.459291419790000
26.32500000     2.459290539110000
26.35000000     2.459289581350000
26.37500000     2.459288540430000
26.40000000     2.459287410920000
26.42500000     2.459286187950000
26.45000000     2.459284867200000
26.47500000     2.459283445010000
26.50000000     2.459281918310000
26.52500000     2.459280284740000
26.55000000     2.459278542580000
26.57500000     2.459276690850000
26.60000000     2.459274729240000
26.62500000     2.459272658210000
26.65000000     2.459270478910000
26.67500000     2.459268193250000
26.70000000     2.459265803840000
26.72500000     2.459263314050000
26.75000000     2.459260727930000
26.77500000     2.459258050240000
26.80000000     2.459255286440000
26.82500000     2.459252442620000
26.85000000     2.459249525540000
26.87500000     2.459246542550000
26.90000000     2.459243501570000
26.92500000     2.459240411080000
26.95000000     2.459237280060000
26.97500000     2.459234117940000
27.00000000     2.459230934570000
27.02500000     2.459227739890000
27.05000000     2.459224543960000
27.07500000     2.459221358410000
27.10000000     2.459218194360000
27.12500000     2.459215063080000
27.15000000     2.459211976000000
27.17500000     2.459208944560000
27.20000000     2.459205980230000
27.22500000     2.459203094410000
27.25000000     2.459200298360000
27.27500000     2.459197603210000
27.30000000     2.459195019810000
27.32500000     2.459192558760000
27.35000000     2.459190230270000
27.37500000     2.459188044190000
27.40000000     2.459186009910000
27.42500000     2.459184136280000
27.45000000     2.459182431660000
27.47500000     2.459180903770000
27.50000000     2.459179559670000
27.52500000     2.459178406060000
27.55000000     2.459177446490000
27.57500000     2.459176700170000
27.60000000     2.459176159800000
27.62500000     2.459175816080000
27.65000000     2.459175681720000
27.67500000     2.459175759120000
27.70000000     2.459176048780000
27.72500000     2.459176550410000
27.75000000     2.459177263070000
27.77500000     2.459178184970000
27.80000000     2.459179313450000
27.82500000     2.459180644990000
27.85000000     2.459182175210000
27.87500000     2.459183898890000
27.90000000     2.459185810010000
27.92500000     2.459187901730000
27.95000000     2.459190166470000
27.97500000     2.459192595890000
28.00000000     2.459195180970000
28.02500000     2.459197912030000
28.05000000     2.459200778770000
28.07500000     2.459203770320000
28.10000000     2.459206875280000
28.12500000     2.459210081830000
28.15000000     2.459213377690000
28.17500000     2.459216750260000
28.20000000     2.459220186640000
28.22500000     2.459223673710000
28.25000000     2.459227198350000
28.27500000     2.459230748140000
28.30000000     2.459234308680000
28.32500000     2.459237866350000
28.35000000     2.459241407780000
28.37500000     2.459244919820000
28.40000000     2.459248389550000
28.42500000     2.459251804370000
28.45000000     2.459255152080000
28.47500000     2.459258420930000
28.50000000     2.459261599710000
28.52500000     2.459264677780000
28.55000000     2.459267645170000
28.57500000     2.459270492610000
28.60000000     2.459273211620000
28.62500000     2.459275794540000
28.65000000     2.459278234600000
28.67500000     2.459280525960000
28.70000000     2.459282663770000
28.72500000     2.459284644190000
28.75000000     2.459286464470000
28.77500000     2.459288122960000
28.80000000     2.459289619130000
28.82500000     2.459290953660000
28.85000000     2.459292128380000
28.87500000     2.459293146370000
28.90000000     2.459294011930000
28.92500000     2.459294730670000
28.95000000     2.459295309190000
28.97500000     2.459295756830000
29.00000000     2.459296076320000
29.02500000     2.459296279180000
29.05000000     2.459296393130000
29.07500000     2.459296422320000
29.10000000     2.459296380240000
29.12500000     2.459296282420000
29.15000000     2.459296145760000
29.17500000     2.459295988350000
29.20000000     2.459295829520000
29.22500000     2.459295689730000
29.25000000     2.459295589390000
29.27500000     2.459295552120000
29.30000000     2.459295602670000
29.32500000     2.459295766340000
29.35000000     2.459296069790000
29.37500000     2.459296542650000
29.40000000     2.459297219490000
29.42500000     2.459298114090000
29.45000000     2.459299264870000
29.47500000     2.459300703730000
29.50000000     2.459302463680000
29.52500000     2.459304578980000
29.55000000     2.459307085080000
29.57500000     2.459310018620000
29.60000000     2.459313417480000
29.62500000     2.459317320860000
29.65000000     2.459321769300000
29.67500000     2.459326804740000
29.70000000     2.459332470650000
29.72500000     2.459338812080000
29.75000000     2.459345875790000
29.77500000     2.459353710360000
29.80000000     2.459362366330000
29.82500000     2.459371896360000
29.85000000     2.459382355430000
29.87500000     2.459393800970000
29.90000000     2.459406293160000
29.92500000     2.459419895120000
29.95000000     2.459434673190000
29.97500000     2.459450697220000
30.00000000     2.459468040920000
30.02500000     2.459486782170000
30.05000000     2.459507003460000
30.07500000     2.459528792320000
30.10000000     2.459552241720000
30.12500000     2.459577450690000
30.15000000     2.459604524800000
30.17500000     2.459633576810000
30.20000000     2.459664727330000
30.22500000     2.459698105590000
30.25000000     2.459733850180000
30.27500000     2.459772109980000
30.30000000     2.459813045130000
30.32500000     2.459856828020000
30.35000000     2.459903644510000
30.37500000     2.459953695170000
30.40000000     2.460007196650000
30.42500000     2.460064383260000
30.45000000     2.460125508600000
30.47500000     2.460190847440000
30.50000000     2.460260697790000
30.52500000     2.460335383120000
30.55000000     2.460415254920000
30.57500000     2.460500695450000
30.60000000     2.460592120890000
30.62500000     2.460689984760000
30.65000000     2.460794781790000
30.67500000     2.460907052260000
30.70000000     2.461027386860000
30.72500000     2.461156432120000
30.75000000     2.461294896580000
30.77500000     2.461443557730000
30.80000000     2.461603269910000
30.82500000     2.461774973200000
30.85000000     2.461959703590000
30.87500000     2.462158604660000
30.90000000     2.462372940740000
30.92500000     2.462604112230000
30.95000000     2.462853673060000
30.97500000     2.463123350910000
31.00000000     2.463415070530000
31.02500000     2.463730980800000
31.05000000     2.464073486220000
31.07500000     2.464445283510000
31.10000000     2.464849404540000
31.12500000     2.465289266470000
31.15000000     2.465768730830000
31.17500000     2.466292173010000
31.20000000     2.466864564440000
31.22500000     2.467491569890000
31.25000000     2.468179663130000
31.27500000     2.468936264530000
31.30000000     2.469769905490000
31.32500000     2.470690425090000
31.35000000     2.471709206140000
31.37500000     2.472839458860000
31.40000000     2.474096562810000
31.42500000     2.475498479590000
31.45000000     2.477066251980000
31.47500000     2.478824608370000
31.50000000     2.480802695660000
31.52500000     2.483034968550000
31.55000000     2.485562268800000
31.57500000     2.488433134750000
31.60000000     2.491705388430000
31.62500000     2.495448055270000
31.65000000     2.499743678710000
31.67500000     2.504691097870000
31.70000000     2.510408758510000
31.72500000     2.517038623070000
31.75000000     2.524750728170000
31.77500000     2.533748401270000
31.80000000     2.544274078270000
31.82500000     2.556615546810000
31.85000000     2.571112251760000
31.87500000     2.588161015990000
31.90000000     2.608220121510000
31.92500000     2.631810144430000
31.95000000     2.659509246010000
31.97500000     2.691939849330000
32.00000000     2.729742933630000
32.02500000     2.773535860410000
32.05000000     2.823850195860000
32.07500000     2.881048052100000
32.10000000     2.945219650650000
32.12500000     3.016071324140000
32.15000000     3.092821273820000
32.17500000     3.174163195370000
32.20000000     3.258169228860000
32.22500000     3.342389407230000
32.25000000     3.424062904050000
32.27500000     3.500326179810000
32.30000000     3.568493175220000
32.32500000     3.626336366800000
32.35000000     3.672295410120000
32.37500000     3.705584412070000
32.40000000     3.726180661830000
32.42500000     3.734474748380000
32.45000000     3.732376152830000
32.47500000     3.721160114510000
32.50000000     3.702258152680000
32.52500000     3.677531484710000
32.55000000     3.648630532760000
32.57500000     3.617030407570000
32.60000000     3.584001429420000
32.62500000     3.550595230060000
32.65000000     3.517627632840000
32.67500000     3.485707881090000
32.70000000     3.455263486630000
32.72500000     3.426568356270000
32.75000000     3.399771145530000
32.77500000     3.374921922650000
32.80000000     3.351996049080000
32.82500000     3.330914770370000
32.85000000     3.311562422610000
32.87500000     3.293800403430000
32.90000000     3.277478204670000
32.92500000     3.262441865610000
32.95000000     3.248538478180000
32.97500000     3.235628456660000
33.00000000     3.223575429800000
33.02500000     3.212257707880000
33.05000000     3.201566479380000
33.07500000     3.191405893570000
33.10000000     3.181692517370000
33.12500000     3.172355311850000
33.15000000     3.163334306070000
33.17500000     3.154579152730000
33.20000000     3.146048312420000
33.22500000     3.137707920570000
33.25000000     3.129530695610000
33.27500000     3.121494919570000
33.30000000     3.113583508680000
33.32500000     3.105783182270000
33.35000000     3.098083734780000
33.37500000     3.090477408510000
33.40000000     3.082958361220000
33.42500000     3.075522222680000
33.45000000     3.068165733790000
33.47500000     3.060886455100000
33.50000000     3.053682585540000
