20.00000000     2.459709901570000
20.02500000     2.459711780590000
20.05000000     2.459713858570000
20.07500000     2.459716133180000
20.10000000     2.459718600900000
20.12500000     2.459721257000000
20.15000000     2.459724095580000
20.17500000     2.459727109520000
20.20000000     2.459730290530000
20.22500000     2.459733629160000
20.25000000     2.459737114840000
20.27500000     2.459740735960000
20.30000000     2.459744479880000
20.32500000     2.459748333060000
20.35000000     2.459752281050000
20.37500000     2.459756308690000
20.40000000     2.459760400150000
20.42500000     2.459764539830000
20.45000000     2.459768713570000
20.47500000     2.459772902000000
20.50000000     2.459777081410000
20.52500000     2.459781230220000
20.55000000     2.459785327130000
20.57500000     2.459789350960000
20.60000000     2.459793280700000
20.62500000     2.459797095600000
20.65000000     2.459800775190000
20.67500000     2.459804299350000
20.70000000     2.459807648340000
20.72500000     2.459810802770000
20.75000000     2.459813743680000
20.77500000     2.459816452560000
20.80000000     2.459818911140000
20.82500000     2.459821101280000
20.85000000     2.459823005470000
20.87500000     2.459824608800000
20.90000000     2.459825899390000
20.92500000     2.459826853320000
20.95000000     2.459827410780000
20.97500000     2.459827561510000
21.00000000     2.459827394990000
21.02500000     2.459826930500000
21.05000000     2.459826122930000
21.07500000     2.459824958250000
21.10000000     2.459823425040000
21.12500000     2.459821513210000
21.15000000     2.459819214600000
21.17500000     2.459816522320000
21.20000000     2.459813430950000
21.22500000     2.459809936610000
21.25000000     2.459806037070000
21.27500000     2.459801731780000
21.30000000     2.459797021980000
21.32500000     2.459791910670000
21.35000000     2.459786402630000
21.37500000     2.459780504400000
21.40000000     2.459774224270000
21.42500000     2.459767572200000
21.45000000     2.459760559740000
21.47500000     2.459753200000000
21.50000000     2.459745507500000
21.52500000     2.459737498140000
21.55000000     2.459729189020000
21.57500000     2.459720598400000
21.60000000     2.459711745570000
21.62500000     2.459702650750000
21.65000000     2.459693334980000
21.67500000     2.459683820050000
21.70000000     2.459674128390000
21.72500000     2.459664282960000
21.75000000     2.459654307210000
21.77500000     2.459644224680000
21.80000000     2.459634056490000
21.82500000     2.459623825690000
21.85000000     2.459613561510000
21.87500000     2.459603295680000
21.90000000     2.459593056610000
21.92500000     2.459582873040000
21.95000000     2.459572773260000
21.97500000     2.459562785010000
22.00000000     2.459552935370000
22.02500000     2.459543250760000
22.05000000     2.459533756860000
22.07500000     2.459524478610000
22.10000000     2.459515440170000
22.12500000     2.459506664940000
22.15000000     2.459498175500000
22.17500000     2.459489993630000
22.20000000     2.459482140250000
22.22500000     2.459474635440000
22.25000000     2.459467498350000
22.27500000     2.459460747180000
22.30000000     2.459454399150000
22.32500000     2.459448470430000
22.35000000     2.459442976070000
22.37500000     2.459437929930000
22.40000000     2.459433344650000
22.42500000     2.459429231780000
22.45000000     2.459425601920000
22.47500000     2.459422464130000
22.50000000     2.459419823810000
22.52500000     2.459417681280000
22.55000000     2.459416045360000
22.57500000     2.459414967020000
22.60000000     2.459414481530000
22.62500000     2.459414457540000
22.65000000     2.459414813430000
22.67500000     2.459415596670000
22.70000000     2.459416809940000
22.72500000     2.459418455560000
22.75000000     2.459420529770000
22.77500000     2.459423026490000
22.80000000     2.459425938060000
22.82500000     2.459429254870000
22.85000000     2.459432965400000
22.87500000     2.459437056150000
22.90000000     2.459441511710000
22.92500000     2.459446314680000
22.95000000     2.459451445750000
22.97500000     2.459456883800000
23.00000000     2.459462605930000
23.02500000     2.459468587670000
23.05000000     2.459474803070000
23.07500000     2.459481224870000
23.10000000     2.459487824750000
23.12500000     2.459494573470000
23.15000000     2.459501441220000
23.17500000     2.459508399190000
23.20000000     2.459515421600000
23.22500000     2.459522473880000
23.25000000     2.459529514430000
23.27500000     2.459536506690000
23.30000000     2.459543415680000
23.32500000     2.459550207540000
23.35000000     2.459556849630000
23.37500000     2.459563310640000
23.40000000     2.459569560630000
23.42500000     2.459575571020000
23.45000000     2.459581314590000
23.47500000     2.459586765480000
23.50000000     2.459591899090000
23.52500000     2.459596692060000
23.55000000     2.459601122300000
23.57500000     2.459605168890000
23.60000000     2.459608811860000
23.62500000     2.459612032000000
23.65000000     2.459614811560000
23.67500000     2.459617137070000
23.70000000     2.459618999210000
23.72500000     2.459620371630000
23.75000000     2.459621181110000
23.77500000     2.459621426440000
23.80000000     2.459621238480000
23.82500000     2.459620651290000
23.85000000     2.459619610400000
23.87500000     2.459618105180000
23.90000000     2.459616128540000
23.92500000     2.459613675450000
23.95000000     2.459610743680000
23.97500000     2.459607332720000
24.00000000     2.459603444010000
24.02500000     2.459599081010000
24.05000000     2.459594249230000
24.07500000     2.459588956250000
24.10000000     2.459583211720000
24.12500000     2.459577027310000
24.15000000     2.459570416650000
24.17500000     2.459563395250000
24.20000000     2.459555980380000
24.22500000     2.459548190940000
24.25000000     2.459540047320000
24.27500000     2.459531571240000
24.30000000     2.459522785580000
24.32500000     2.459513714240000
24.35000000     2.459504381930000
24.37500000     2.459494814040000
24.40000000     2.459485036470000
24.42500000     2.459475075450000
24.45000000     2.459464957440000
24.47500000     2.459454708880000
24.50000000     2.459444355140000
24.52500000     2.459433918380000
24.55000000     2.459423426800000
24.57500000     2.459412913710000
24.60000000     2.459402409360000
24.62500000     2.459391942510000
24.65000000     2.459381541190000
24.67500000     2.459371232320000
24.70000000     2.459361041710000
24.72500000     2.459350994010000
24.75000000     2.459341112710000
24.77500000     2.459331420140000
24.80000000     2.459321937480000
24.82500000     2.459312684800000
24.85000000     2.459303681030000
24.87500000     2.459294944020000
24.90000000     2.459286490560000
24.92500000     2.459278336320000
24.95000000     2.459270495920000
24.97500000     2.459262982860000
25.00000000     2.459255809550000
25.02500000     2.459248987240000
25.05000000     2.459242526020000
25.07500000     2.459236434800000
25.10000000     2.459230721250000
25.12500000     2.459225391770000
25.15000000     2.459220451510000
25.17500000     2.459215904330000
25.20000000     2.459211752760000
25.22500000     2.459207998020000
25.25000000     2.459204640110000
25.27500000     2.459201678010000
25.30000000     2.459199109490000
25.32500000     2.459196930390000
25.35000000     2.459195133160000
25.37500000     2.459193709540000
25.40000000     2.459192667860000
25.42500000     2.459192041580000
25.45000000     2.459191785750000
25.47500000     2.459191806730000
25.50000000     2.459192086040000
25.52500000     2.459192641000000
25.55000000     2.459193466220000
25.57500000     2.459194552950000
25.60000000     2.459195892170000
25.62500000     2.459197473450000
25.65000000     2.459199285660000
25.67500000     2.459201316930000
25.70000000     2.459203554660000
25.72500000     2.459205985550000
25.75000000     2.459208595620000
25.77500000     2.459211370330000
25.80000000     2.459214294570000
25.82500000     2.459217352840000
25.85000000     2.459220529290000
25.87500000     2.459223807890000
25.90000000     2.459227172540000
25.92500000     2.459230607230000
25.95000000     2.459234096350000
25.97500000     2.459237626700000
26.00000000     2.459241183100000
26.02500000     2.459244746750000
26.05000000     2.459248299430000
26.07500000     2.459251826180000
26.10000000     2.459255313280000
26.12500000     2.459258748390000
26.15000000     2.459262120600000
26.17500000     2.459265420470000
26.20000000     2.459268639950000
26.22500000     2.459271772320000
26.25000000     2.459274812140000
26.27500000     2.459277755140000
26.30000000     2.459280598140000
26.32500000     2.459283338920000
26.35000000     2.459285976210000
26.37500000     2.459288509520000
26.40000000     2.459290939170000
26.42500000     2.459293266170000
26.45000000     2.459295492210000
26.47500000     2.459297619630000
26.50000000     2.459299651410000
26.52500000     2.459301591140000
26.55000000     2.459303442980000
26.57500000     2.459305211710000
26.60000000     2.459306902650000
26.62500000     2.459308521670000
26.65000000     2.459310075130000
26.67500000     2.459311569870000
26.70000000     2.459313013140000
26.72500000     2.459314412560000
26.75000000     2.459315776040000
26.77500000     2.459317111740000
26.80000000     2.459318427940000
26.82500000     2.459319733170000
26.85000000     2.459321036870000
26.87500000     2.459322347360000
26.90000000     2.459323670750000
26.92500000     2.459325013440000
26.95000000     2.459326382080000
26.97500000     2.459327783200000
27.00000000     2.459329223050000
27.02500000     2.459330707580000
27.05000000     2.459332242350000
27.07500000     2.459333832510000
27.10000000     2.459335482720000
27.12500000     2.459337197150000
27.15000000     2.459338979420000
27.17500000     2.459340832540000
27.20000000     2.459342758940000
27.22500000     2.459344760370000
27.25000000     2.459346837930000
27.27500000     2.459348992010000
27.30000000     2.459351222300000
27.32500000     2.459353527760000
27.35000000     2.459355906640000
27.37500000     2.459358356420000
27.40000000     2.459360873870000
27.42500000     2.459363455050000
27.45000000     2.459366095290000
27.47500000     2.459368789230000
27.50000000     2.459371530880000
27.52500000     2.459374313580000
27.55000000     2.459377130120000
27.57500000     2.459379973150000
27.60000000     2.459382835830000
27.62500000     2.459385708590000
27.65000000     2.459388579360000
27.67500000     2.459391436540000
27.70000000     2.459394268490000
27.72500000     2.459397063410000
27.75000000     2.459399809420000
27.77500000     2.459402494630000
27.80000000     2.459405107190000
27.82500000     2.459407635370000
27.85000000     2.459410067580000
27.87500000     2.459412392400000
27.90000000     2.459414598650000
27.92500000     2.459416675360000
27.95000000     2.459418611850000
27.97500000     2.459420397780000
28.00000000     2.459422023050000
28.02500000     2.459423477780000
28.05000000     2.459424752360000
28.07500000     2.459425838280000
28.10000000     2.459426729270000
28.12500000     2.459427417980000
28.15000000     2.459427881520000
28.17500000     2.459428086050000
28.20000000     2.459428073240000
28.22500000     2.459427886050000
28.25000000     2.459427504650000
28.27500000     2.459426918970000
28.30000000     2.459426121930000
28.32500000     2.459425110220000
28.35000000     2.459423881230000
28.37500000     2.459422433270000
28.40000000     2.459420765620000
28.42500000     2.459418878550000
28.45000000     2.459416773340000
28.47500000     2.459414452310000
28.50000000     2.459411918890000
28.52500000     2.459409177520000
28.55000000     2.459406233720000
28.57500000     2.459403094040000
28.60000000     2.459399766010000
28.62500000     2.459396258070000
28.65000000     2.459392579560000
28.67500000     2.459388740600000
28.70000000     2.459384752000000
28.72500000     2.459380625240000
28.75000000     2.459376372290000
28.77500000     2.459372005610000
28.80000000     2.459367537970000
28.82500000     2.459362982440000
28.85000000     2.459358352230000
28.87500000     2.459353660590000
28.90000000     2.459348919840000
28.92500000     2.459344141560000
28.95000000     2.459339340720000
28.97500000     2.459334534400000
29.00000000     2.459329737440000
29.02500000     2.459324964280000
29.05000000     2.459320228770000
29.07500000     2.459315544140000
29.10000000     2.459310922880000
29.12500000     2.459306376800000
29.15000000     2.459301916960000
29.17500000     2.459297553650000
29.20000000     2.459293296460000
29.22500000     2.459289154200000
29.25000000     2.459285134940000
29.27500000     2.459281246010000
29.30000000     2.459277493970000
29.32500000     2.459273884650000
29.35000000     2.459270423090000
29.37500000     2.459267113560000
29.40000000     2.459263959540000
29.42500000     2.459260963690000
29.45000000     2.459258127860000
29.47500000     2.459255453050000
29.50000000     2.459252939410000
29.52500000     2.459250586230000
29.55000000     2.459248391940000
29.57500000     2.459246354090000
29.60000000     2.459244469370000
29.62500000     2.459242733630000
29.65000000     2.459241141890000
29.67500000     2.459239688380000
29.70000000     2.459238366520000
29.72500000     2.459237169040000
29.75000000     2.459236087960000
29.77500000     2.459235114670000
29.80000000     2.459234239960000
29.82500000     2.459233454100000
29.85000000     2.459232746880000
29.87500000     2.459232107690000
29.90000000     2.459231525550000
29.92500000     2.459230989250000
29.95000000     2.459230487400000
29.97500000     2.459230008220000
30.00000000     2.459229538730000
30.02500000     2.459229066740000
30.05000000     2.459228583080000
30.07500000     2.459228078910000
30.10000000     2.459227544580000
30.12500000     2.459226970410000
30.15000000     2.459226346920000
30.17500000     2.459225664890000
30.20000000     2.459224915400000
30.22500000     2.459224089930000
30.25000000     2.459223180380000
30.27500000     2.459222179180000
30.30000000     2.459221079310000
30.32500000     2.459219874400000
30.35000000     2.459218558750000
30.37500000     2.459217127390000
30.40000000     2.459215576150000
30.42500000     2.459213901710000
30.45000000     2.459212101590000
30.47500000     2.459210174260000
30.50000000     2.459208119100000
30.52500000     2.459205936450000
30.55000000     2.459203627650000
30.57500000     2.459201194990000
30.60000000     2.459198641730000
30.62500000     2.459195972100000
30.65000000     2.459193191300000
30.67500000     2.459190305420000
30.70000000     2.459187321450000
30.72500000     2.459184247240000
30.75000000     2.459181091420000
30.77500000     2.459177863410000
30.80000000     2.459174573310000
30.82500000     2.459171231870000
30.85000000     2.459167850140000
30.87500000     2.459164437870000
30.90000000     2.459161007710000
30.92500000     2.459157575740000
30.95000000     2.459154158140000
30.97500000     2.459150770440000
31.00000000     2.459147428410000
31.02500000     2.459144147760000
31.05000000     2.459140944120000
31.07500000     2.459137832970000
31.10000000     2.459134829530000
31.12500000     2.459131948790000
31.15000000     2.459129205380000
31.17500000     2.459126613610000
31.20000000     2.459124187390000
31.22500000     2.459121940180000
31.25000000     2.459119885030000
31.27500000     2.459118034710000
31.30000000     2.459116401570000
31.32500000     2.459114996620000
31.35000000     2.459113828110000
31.37500000     2.459112905150000
31.40000000     2.459112255250000
31.42500000     2.459111922590000
31.45000000     2.459111861420000
31.47500000     2.459112017420000
31.50000000     2.459112409630000
31.52500000     2.459113052500000
31.55000000     2.459113955080000
31.57500000     2.459115121580000
31.60000000     2.459116555570000
31.62500000     2.459118259420000
31.65000000     2.459120234170000
31.67500000     2.459122479660000
31.70000000     2.459124994390000
31.72500000     2.459127775530000
31.75000000     2.459130818830000
31.77500000     2.459134118700000
31.80000000     2.459137668130000
31.82500000     2.459141458820000
31.85000000     2.459145481150000
31.87500000     2.459149724300000
31.90000000     2.459154176310000
31.92500000     2.459158824190000
31.95000000     2.459163653990000
31.97500000     2.459168650960000
32.00000000     2.459173799650000
32.02500000     2.459179084010000
32.05000000     2.459184487570000
32.07500000     2.459189993510000
32.10000000     2.459195584840000
32.12500000     2.459201244740000
32.15000000     2.459206958750000
32.17500000     2.459212709960000
32.20000000     2.459218477540000
32.22500000     2.459224240260000
32.25000000     2.459229979760000
32.27500000     2.459235678330000
32.30000000     2.459241319320000
32.32500000     2.459246887190000
32.35000000     2.459252367630000
32.37500000     2.459257747620000
32.40000000     2.459263015450000
32.42500000     2.459268160820000
32.45000000     2.459273174870000
32.47500000     2.459278050180000
32.50000000     2.459282780890000
32.52500000     2.459287362680000
32.55000000     2.459291792850000
32.57500000     2.459296070400000
32.60000000     2.459300196050000
32.62500000     2.459304172370000
32.65000000     2.459308003810000
32.67500000     2.459311696830000
32.70000000     2.459315259980000
32.72500000     2.459318703980000
32.75000000     2.459322041910000
32.77500000     2.459325289250000
32.80000000     2.459328463940000
32.82500000     2.459331586300000
32.85000000     2.459334679970000
32.87500000     2.459337775200000
32.90000000     2.459340903940000
32.92500000     2.459344092570000
32.95000000     2.459347370090000
32.97500000     2.459350770800000
33.00000000     2.459354332940000
33.02500000     2.459358098810000
33.05000000     2.459362115670000
33.07500000     2.459366437480000
33.10000000     2.459371128960000
33.12500000     2.459376275720000
33.15000000     2.459382011840000
33.17500000     2.459388601860000
33.20000000     2.459396706240000
33.22500000     2.459408322090000
33.25000000     2.459430444440000
33.27500000     2.459490769490000
33.30000000     2.459712092180000
33.32500000     2.460701316950000
33.35000000     2.465772570680000
33.37500000     2.494414064360000
33.40000000     2.667526553300000
33.42500000     3.442617762060000
33.45000000     4.028191041090000
33.47500000     4.108035671590000
33.50000000     3.977887451860000
