0.00000398     0.000011132512604
0.00040477     0.001132514680597
0.00080557     0.002253897131963
0.00120636     0.003375280135514
0.00160715     0.004496663965796
0.00200795     0.005618048897566
0.00240874     0.006739435205599
0.00280953     0.007860823164646
0.00321033     0.008982213049546
0.00361112     0.010103605135183
0.00401192     0.011224999696488
0.00441271     0.012346397008445
0.00481350     0.013467797346142
0.00521430     0.014589200984716
0.00561509     0.015710608199400
0.00601588     0.016832019265534
0.00641668     0.017953434458541
0.00681747     0.019074854053955
0.00721826     0.020196278327427
0.00761906     0.021317707554736
0.00801985     0.022439142011778
0.00842065     0.023560581974607
0.00882144     0.024682027719384
0.00922223     0.025803479522457
0.00962303     0.026924937660315
0.01002382     0.028046402409615
0.01042461     0.029167874047191
0.01082541     0.030289352850045
0.01122620     0.031410839095382
0.01162699     0.032532333060591
0.01202779     0.033653835023261
0.01242858     0.034775345261200
0.01282938     0.035896864052423
0.01323017     0.037018391675170
0.01363096     0.038139928407917
0.01403176     0.039261474529375
0.01443255     0.040383030318490
0.01483334     0.041504596054482
0.01523414     0.042626172016810
0.01563493     0.043747758485215
0.01603572     0.044869355739705
0.01643652     0.045990964060570
0.01683731     0.047112583728394
0.01723810     0.048234215024054
0.01763890     0.049355858228728
0.01803969     0.050477513623915
0.01844049     0.051599181491422
0.01884128     0.052720862113388
0.01924207     0.053842555772288
0.01964287     0.054964262750930
0.02004366     0.056085983332479
0.02044445     0.057207717800451
0.02084525     0.058329466438724
0.02124604     0.059451229531552
0.02164683     0.060573007363564
0.02204763     0.061694800219774
0.02244842     0.062816608385593
0.02284922     0.063938432146832
0.02325001     0.065060271789703
0.02365080     0.066182127600847
0.02405160     0.067303999867316
0.02445239     0.068425888876602
0.02485318     0.069547794916632
0.02525398     0.070669718275777
0.02565477     0.071791659242865
0.02605556     0.072913618107188
0.02645636     0.074035595158500
0.02685715     0.075157590687039
0.02725795     0.076279604983523
0.02765874     0.077401638339165
0.02805953     0.078523691045674
0.02846033     0.079645763395273
0.02886112     0.080767855680694
0.02926191     0.081889968195195
0.02966271     0.083012101232566
0.03006350     0.084134255087133
0.03046429     0.085256430053771
0.03086509     0.086378626427909
0.03126588     0.087500844505538
0.03166668     0.088623084583217
0.03206747     0.089745346958087
0.03246826     0.090867631927872
0.03286906     0.091989939790889
0.03326985     0.093112270846061
0.03367064     0.094234625392916
0.03407144     0.095357003731605
0.03447223     0.096479406162898
0.03487302     0.097601832988203
0.03527382     0.098724284509572
0.03567461     0.099846761029701
0.03607541     0.100969262851948
0.03647620     0.102091790280336
0.03687699     0.103214343619563
0.03727779     0.104336923175008
0.03767858     0.105459529252739
0.03807937     0.106582162159529
0.03848017     0.107704822202852
0.03888096     0.108827509690898
0.03928175     0.109950224932582
0.03968255     0.111072968237550
0.04008334     0.112195739916190
0.04048414     0.113318540279633
0.04088493     0.114441369639774
0.04128572     0.115564228309267
0.04168652     0.116687116601544
0.04208731     0.117810034830815
0.04248810     0.118932983312083
0.04288890     0.120055962361150
0.04328969     0.121178972294624
0.04369048     0.122302013429931
0.04409128     0.123425086085320
0.04449207     0.124548190579871
0.04489287     0.125671327233511
0.04529366     0.126794496367013
0.04569445     0.127917698302012
0.04609525     0.129040933361006
0.04649604     0.130164201867378
0.04689683     0.131287504145385
0.04729763     0.132410840520189
0.04769842     0.133534211317847
0.04809921     0.134657616865331
0.04850001     0.135781057490533
0.04890080     0.136904533522274
0.04930160     0.138028045290317
0.04970239     0.139151593125364
0.05010318     0.140275177359081
0.05050398     0.141398798324096
0.05090477     0.142522456354013
0.05130556     0.143646151783417
0.05170636     0.144769884947889
0.05210715     0.145893656184007
0.05250794     0.147017465829365
0.05290874     0.148141314222572
0.05330953     0.149265201703271
0.05371033     0.150389128612140
0.05411112     0.151513095290908
0.05451191     0.152637102082358
0.05491271     0.153761149330341
0.05531350     0.154885237379785
0.05571429     0.156009366576701
0.05611509     0.157133537268198
0.05651588     0.158257749802486
0.05691667     0.159382004528893
0.05731747     0.160506301797865
0.05771826     0.161630641960986
0.05811906     0.162755025370980
0.05851985     0.163879452381725
0.05892064     0.165003923348261
0.05932144     0.166128438626799
0.05972223     0.167252998574732
0.06012302     0.168377603550644
0.06052382     0.169502253914320
0.06092461     0.170626950026759
0.06132540     0.171751692250179
0.06172620     0.172876480948029
0.06212699     0.174001316485000
0.06252779     0.175126199227034
0.06292858     0.176251129541334
0.06332937     0.177376107796374
0.06373017     0.178501134361912
0.06413096     0.179626209608995
0.06453175     0.180751333909973
0.06493255     0.181876507638509
0.06533334     0.183001731169588
0.06573413     0.184127004879529
0.06613493     0.185252329145994
0.06653572     0.186377704347997
0.06693652     0.187503130865919
0.06733731     0.188628609081515
0.06773810     0.189754139377926
0.06813890     0.190879722139688
0.06853969     0.192005357752745
0.06894048     0.193131046604456
0.06934128     0.194256789083614
0.06974207     0.195382585580443
0.07014286     0.196508436486623
0.07054366     0.197634342195294
0.07094445     0.198760303101063
0.07134524     0.199886319600026
0.07174604     0.201012392089769
0.07214683     0.202138520969382
0.07254763     0.203264706639473
0.07294842     0.204390949502177
0.07334921     0.205517249961164
0.07375001     0.206643608421657
0.07415080     0.207770025290437
0.07455159     0.208896500975860
0.07495239     0.210023035887862
0.07535318     0.211149630437976
0.07575397     0.212276285039339
0.07615477     0.213403000106708
0.07655556     0.214529776056468
0.07695636     0.215656613306647
0.07735715     0.216783512276923
0.07775794     0.217910473388641
0.07815874     0.219037497064818
0.07855953     0.220164583730163
0.07896032     0.221291733811084
0.07936112     0.222418947735698
0.07976191     0.223546225933849
0.08016270     0.224673568837116
0.08056350     0.225800976878823
0.08096429     0.226928450494058
0.08136509     0.228055990119677
0.08176588     0.229183596194323
0.08216667     0.230311269158436
0.08256747     0.231439009454261
0.08296826     0.232566817525869
0.08336905     0.233694693819162
0.08376985     0.234822638781889
0.08417064     0.235950652863656
0.08457143     0.237078736515943
0.08497223     0.238206890192112
0.08537302     0.239335114347424
0.08577382     0.240463409439044
0.08617461     0.241591775926066
0.08657540     0.242720214269515
0.08697620     0.243848724932365
0.08737699     0.244977308379551
0.08777778     0.246105965077982
0.08817858     0.247234695496555
0.08857937     0.248363500106165
0.08898016     0.249492379379723
0.08938096     0.250621333792164
0.08978175     0.251750363820468
0.09018255     0.252879469943662
0.09058334     0.254008652642846
0.09098413     0.255137912401195
0.09138493     0.256267249703982
0.09178572     0.257396665038586
0.09218651     0.258526158894507
0.09258731     0.259655731763381
0.09298810     0.260785384138991
0.09338889     0.261915116517285
0.09378969     0.263044929396387
0.09419048     0.264174823276609
0.09459128     0.265304798660472
0.09499207     0.266434856052711
0.09539286     0.267564995960299
0.09579366     0.268695218892450
0.09619445     0.269825525360645
0.09659524     0.270955915878639
0.09699604     0.272086390962475
0.09739683     0.273216951130503
0.09779762     0.274347596903393
0.09819842     0.275478328804145
0.09859921     0.276609147358112
0.09900001     0.277740053093007
0.09940080     0.278871046538923
0.09980159     0.280002128228344
0.10020239     0.281133298696165
0.10060318     0.282264558479700
0.10100397     0.283395908118704
0.10140477     0.284527348155384
0.10180556     0.285658879134414
0.10220635     0.286790501602955
0.10260715     0.287922216110662
0.10300794     0.289054023209709
0.10340874     0.290185923454798
0.10380953     0.291317917403174
0.10421032     0.292450005614647
0.10461112     0.293582188651602
0.10501191     0.294714467079014
0.10541270     0.295846841464471
0.10581350     0.296979312378180
0.10621429     0.298111880392992
0.10661508     0.299244546084412
0.10701588     0.300377310030617
0.10741667     0.301510172812476
0.10781747     0.302643135013557
0.10821826     0.303776197220153
0.10861905     0.304909360021293
0.10901985     0.306042624008760
0.10942064     0.307175989777107
0.10982143     0.308309457923676
0.11022223     0.309443029048609
0.11062302     0.310576703754871
0.11102381     0.311710482648265
0.11142461     0.312844366337446
0.11182540     0.313978355433941
0.11222620     0.315112450552165
0.11262699     0.316246652309440
0.11302778     0.317380961326008
0.11342858     0.318515378225053
0.11382937     0.319649903632714
0.11423016     0.320784538178109
0.11463096     0.321919282493343
0.11503175     0.323054137213533
0.11543254     0.324189102976824
0.11583334     0.325324180424407
0.11623413     0.326459370200533
0.11663493     0.327594672952538
0.11703572     0.328730089330853
0.11743651     0.329865619989028
0.11783731     0.331001265583749
0.11823810     0.332137026774854
0.11863889     0.333272904225353
0.11903969     0.334408898601448
0.11944048     0.335545010572545
0.11984127     0.336681240811283
0.12024207     0.337817589993541
0.12064286     0.338954058798468
0.12104365     0.340090647908492
0.12144445     0.341227358009346
0.12184524     0.342364189790082
0.12224604     0.343501143943094
0.12264683     0.344638221164133
0.12304762     0.345775422152333
0.12344842     0.346912747610220
0.12384921     0.348050198243741
0.12425000     0.349187774762280
0.12465080     0.350325477878675
0.12505159     0.351463308309241
0.12545238     0.352601266773789
0.12585318     0.353739353995646
0.12625397     0.354877570701671
0.12665477     0.356015917622283
0.12705556     0.357154395491474
0.12745635     0.358293005046830
0.12785715     0.359431747029555
0.12825794     0.360570622184490
0.12865873     0.361709631260130
0.12905953     0.362848775008648
0.12946032     0.363988054185916
0.12986111     0.365127469551522
0.13026191     0.366267021868795
0.13066270     0.367406711904825
0.13106350     0.368546540430479
0.13146429     0.369686508220430
0.13186508     0.370826616053172
0.13226588     0.371966864711044
0.13266667     0.373107254980251
0.13306746     0.374247787650886
0.13346826     0.375388463516947
0.13386905     0.376529283376367
0.13426984     0.377670248031028
0.13467064     0.378811358286787
0.13507143     0.379952614953495
0.13547223     0.381094018845023
0.13587302     0.382235570779280
0.13627381     0.383377271578237
0.13667461     0.384519122067949
0.13707540     0.385661123078578
0.13747619     0.386803275444415
0.13787699     0.387945580003902
0.13827778     0.389088037599653
0.13867857     0.390230649078484
0.13907937     0.391373415291425
0.13948016     0.392516337093752
0.13988096     0.393659415345004
0.14028175     0.394802650909012
0.14068254     0.395946044653917
0.14108334     0.397089597452194
0.14148413     0.398233310180679
0.14188492     0.399377183720588
0.14228572     0.400521218957545
0.14268651     0.401665416781602
0.14308730     0.402809778087263
0.14348810     0.403954303773513
0.14388889     0.405098994743835
0.14428969     0.406243851906237
0.14469048     0.407388876173278
0.14509127     0.408534068462092
0.14549207     0.409679429694409
0.14589286     0.410824960796581
0.14629365     0.411970662699610
0.14669445     0.413116536339169
0.14709524     0.414262582655627
0.14749603     0.415408802594076
0.14789683     0.416555197104355
0.14829762     0.417701767141072
0.14869842     0.418848513663636
0.14909921     0.419995437636277
0.14950000     0.421142540028072
0.14990080     0.422289821812973
0.15030159     0.423437283969831
0.15070238     0.424584927482420
0.15110318     0.425732753339467
0.15150397     0.426880762534674
0.15190476     0.428028956066747
0.15230556     0.429177334939421
0.15270635     0.430325900161484
0.15310715     0.431474652746809
0.15350794     0.432623593714374
0.15390873     0.433772724088293
0.15430953     0.434922044897842
0.15471032     0.436071557177484
0.15511111     0.437221261966898
0.15551191     0.438371160311003
0.15591270     0.439521253259991
0.15631349     0.440671541869347
0.15671429     0.441822027199882
0.15711508     0.442972710317758
0.15751588     0.444123592294512
0.15791667     0.445274674207096
0.15831746     0.446425957137887
0.15871826     0.447577442174731
0.15911905     0.448729130410960
0.15951984     0.449881022945427
0.15992064     0.451033120882530
0.16032143     0.452185425332243
0.16072222     0.453337937410142
0.16112302     0.454490658237437
0.16152381     0.455643588940995
0.16192461     0.456796730653376
0.16232540     0.457950084512857
0.16272619     0.459103651663461
0.16312699     0.460257433254990
0.16352778     0.461411430443049
0.16392857     0.462565644389078
0.16432937     0.463720076260383
0.16473016     0.464874727230164
0.16513095     0.466029598477543
0.16553175     0.467184691187596
0.16593254     0.468340006551383
0.16633334     0.469495545765977
0.16673413     0.470651310034494
0.16713492     0.471807300566123
0.16753572     0.472963518576160
0.16793651     0.474119965286032
0.16833730     0.475276641923335
0.16873810     0.476433549721855
0.16913889     0.477590689921611
0.16953968     0.478748063768876
0.16994048     0.479905672516213
0.17034127     0.481063517422504
0.17074207     0.482221599752981
0.17114286     0.483379920779262
0.17154365     0.484538481779375
0.17194445     0.485697284037797
0.17234524     0.486856328845478
0.17274603     0.488015617499883
0.17314683     0.489175151305013
0.17354762     0.490334931571446
0.17394841     0.491494959616363
0.17434921     0.492655236763583
0.17475000     0.493815764343598
0.17515079     0.494976543693598
0.17555159     0.496137576157513
0.17595238     0.497298863086038
0.17635318     0.498460405836672
0.17675397     0.499622205773746
0.17715476     0.500784264268460
0.17755556     0.501946582698912
0.17795635     0.503109162450138
0.17835714     0.504272004914137
0.17875794     0.505435111489913
0.17915873     0.506598483583501
0.17955952     0.507762122608009
0.17996032     0.508926029983644
0.18036111     0.510090207137751
0.18076191     0.511254655504846
0.18116270     0.512419376526651
0.18156349     0.513584371652126
0.18196429     0.514749642337506
0.18236508     0.515915190046335
0.18276587     0.517081016249501
0.18316667     0.518247122425270
0.18356746     0.519413510059322
0.18396825     0.520580180644784
0.18436905     0.521747135682270
0.18476984     0.522914376679912
0.18517064     0.524081905153397
0.18557143     0.525249722626001
0.18597222     0.526417830628629
0.18637302     0.527586230699844
0.18677381     0.528754924385914
0.18717460     0.529923913240833
0.18757540     0.531093198826371
0.18797619     0.532262782712103
0.18837698     0.533432666475445
0.18877778     0.534602851701697
0.18917857     0.535773339984072
0.18957937     0.536944132923735
0.18998016     0.538115232129847
0.19038095     0.539286639219589
0.19078175     0.540458355818210
0.19118254     0.541630383559060
0.19158333     0.542802724083628
0.19198413     0.543975379041577
0.19238492     0.545148350090787
0.19278571     0.546321638897390
0.19318651     0.547495247135802
0.19358730     0.548669176488774
0.19398810     0.549843428647417
0.19438889     0.551018005311247
0.19478968     0.552192908188223
0.19519048     0.553368138994783
0.19559127     0.554543699455887
0.19599206     0.555719591305048
0.19639286     0.556895816284379
0.19679365     0.558072376144626
0.19719444     0.559249272645208
0.19759524     0.560426507554264
0.19799603     0.561604082648676
0.19839683     0.562781999714125
0.19879762     0.563960260545121
0.19919841     0.565138866945043
0.19959921     0.566317820726183
0.20000000     0.567497123709782
