0.00000398     0.000000000004971
0.00040477     0.000000002445509
0.00080557     0.000000019275928
0.00120636     0.000000064735111
0.00160715     0.000000153066159
0.00200795     0.000000298511357
0.00240874     0.000000515312230
0.00280953     0.000000817709176
0.00321033     0.000001219941190
0.00361112     0.000001736245737
0.00401192     0.000002380858450
0.00441271     0.000003168012953
0.00481350     0.000004111940595
0.00521430     0.000005226870295
0.00561509     0.000006527028222
0.00601588     0.000008026637653
0.00641668     0.000009739918699
0.00681747     0.000011681088098
0.00721826     0.000013864359001
0.00761906     0.000016303940719
0.00801985     0.000019014038542
0.00842065     0.000022008853447
0.00882144     0.000025302581963
0.00922223     0.000028909415872
0.00962303     0.000032843542020
0.01002382     0.000037119142090
0.01042461     0.000041750392378
0.01082541     0.000046751463546
0.01122620     0.000052136520458
0.01162699     0.000057919721875
0.01202779     0.000064115220311
0.01242858     0.000070737161754
0.01282938     0.000077799685470
0.01323017     0.000085316923782
0.01363096     0.000093303001825
0.01403176     0.000101772037348
0.01443255     0.000110738140480
0.01483334     0.000120215413516
0.01523414     0.000130217950689
0.01563493     0.000140759837939
0.01603572     0.000151855152717
0.01643652     0.000163517963738
0.01683731     0.000175762330779
0.01723810     0.000188602304450
0.01763890     0.000202051925967
0.01803969     0.000216125226945
0.01844049     0.000230836229177
0.01884128     0.000246198944396
0.01924207     0.000262227374074
0.01964287     0.000278935509200
0.02004366     0.000296337330060
0.02044445     0.000314446806009
0.02084525     0.000333277895260
0.02124604     0.000352844544675
0.02164683     0.000373160689520
0.02204763     0.000394240253277
0.02244842     0.000416097147410
0.02284922     0.000438745271155
0.02325001     0.000462198511291
0.02365080     0.000486470741935
0.02405160     0.000511575824324
0.02445239     0.000537527606597
0.02485318     0.000564339923577
0.02525398     0.000592026596554
0.02565477     0.000620601433079
0.02605556     0.000650078226743
0.02645636     0.000680470756959
0.02685715     0.000711792788753
0.02725795     0.000744058072545
0.02765874     0.000777280343948
0.02805953     0.000811473323533
0.02846033     0.000846650716638
0.02886112     0.000882826213142
0.02926191     0.000920013487253
0.02966271     0.000958226197306
0.03006350     0.000997477985541
0.03046429     0.001037782477894
0.03086509     0.001079153283791
0.03126588     0.001121603995935
0.03166668     0.001165148190094
0.03206747     0.001209799424888
0.03246826     0.001255571241591
0.03286906     0.001302477163910
0.03326985     0.001350530697786
0.03367064     0.001399745331176
0.03407144     0.001450134533856
0.03447223     0.001501711757202
0.03487302     0.001554490433995
0.03527382     0.001608483978207
0.03567461     0.001663705784792
0.03607541     0.001720169229488
0.03647620     0.001777887668611
0.03687699     0.001836874438843
0.03727779     0.001897142857032
0.03767858     0.001958706219991
0.03807937     0.002021577804290
0.03848017     0.002085770866052
0.03888096     0.002151298640753
0.03928175     0.002218174343021
0.03968255     0.002286411166433
0.04008334     0.002356022283306
0.04048414     0.002427020844512
0.04088493     0.002499419979263
0.04128572     0.002573232794916
0.04168652     0.002648472376778
0.04208731     0.002725151787899
0.04248810     0.002803284068879
0.04288890     0.002882882237668
0.04328969     0.002963959289369
0.04369048     0.003046528196038
0.04409128     0.003130601906495
0.04449207     0.003216193346116
0.04489287     0.003303315416650
0.04529366     0.003391980996014
0.04569445     0.003482202938103
0.04609525     0.003573994072595
0.04649604     0.003667367204757
0.04689683     0.003762335115255
0.04729763     0.003858910559955
0.04769842     0.003957106269735
0.04809921     0.004056934950295
0.04850001     0.004158409281961
0.04890080     0.004261541919498
0.04930160     0.004366345491920
0.04970239     0.004472832602298
0.05010318     0.004581015827576
0.05050398     0.004690907718376
0.05090477     0.004802520798814
0.05130556     0.004915867566313
0.05170636     0.005030960491412
0.05210715     0.005147812017589
0.05250794     0.005266434561063
0.05290874     0.005386840510618
0.05330953     0.005509042227414
0.05371033     0.005633052044805
0.05411112     0.005758882268154
0.05451191     0.005886545174654
0.05491271     0.006016053013136
0.05531350     0.006147418003899
0.05571429     0.006280652338521
0.05611509     0.006415768179682
0.05651588     0.006552777660977
0.05691667     0.006691692886751
0.05731747     0.006832525931902
0.05771826     0.006975288841717
0.05811906     0.007119993631686
0.05851985     0.007266652287327
0.05892064     0.007415276764009
0.05932144     0.007565878986780
0.05972223     0.007718470850182
0.06012302     0.007873064218087
0.06052382     0.008029670923515
0.06092461     0.008188302768464
0.06132540     0.008348971523733
0.06172620     0.008511688928753
0.06212699     0.008676466691416
0.06252779     0.008843316487898
0.06292858     0.009012249962495
0.06332937     0.009183278727445
0.06373017     0.009356414362766
0.06413096     0.009531668416083
0.06453175     0.009709052402460
0.06493255     0.009888577804230
0.06533334     0.010070256070834
0.06573413     0.010254098618646
0.06613493     0.010440116830817
0.06653572     0.010628322057095
0.06693652     0.010818725613680
0.06733731     0.011011338783036
0.06773810     0.011206172813753
0.06813890     0.011403238920360
0.06853969     0.011602548283180
0.06894048     0.011804112048158
0.06934128     0.012007941326708
0.06974207     0.012214047195540
0.07014286     0.012422440696517
0.07054366     0.012633132836476
0.07094445     0.012846134587090
0.07134524     0.013061456884689
0.07174604     0.013279110630122
0.07214683     0.013499106688580
0.07254763     0.013721455889461
0.07294842     0.013946169026196
0.07334921     0.014173256856103
0.07375001     0.014402730100231
0.07415080     0.014634599443205
0.07455159     0.014868875533074
0.07495239     0.015105568981153
0.07535318     0.015344690361882
0.07575397     0.015586250212662
0.07615477     0.015830259033712
0.07655556     0.016076727287915
0.07695636     0.016325665400670
0.07735715     0.016577083759742
0.07775794     0.016830992715113
0.07815874     0.017087402578835
0.07855953     0.017346323624883
0.07896032     0.017607766089005
0.07936112     0.017871740168580
0.07976191     0.018138256022471
0.08016270     0.018407323770878
0.08056350     0.018678953495195
0.08096429     0.018953155237868
0.08136509     0.019229939002247
0.08176588     0.019509314752450
0.08216667     0.019791292413215
0.08256747     0.020075881869761
0.08296826     0.020363092967646
0.08336905     0.020652935512629
0.08376985     0.020945419270529
0.08417064     0.021240553967082
0.08457143     0.021538349287811
0.08497223     0.021838814877879
0.08537302     0.022141960341958
0.08577382     0.022447795244086
0.08617461     0.022756329107538
0.08657540     0.023067571414684
0.08697620     0.023381531606858
0.08737699     0.023698219084221
0.08777778     0.024017643205625
0.08817858     0.024339813288484
0.08857937     0.024664738608641
0.08898016     0.024992428400231
0.08938096     0.025322891855549
0.08978175     0.025656138124928
0.09018255     0.025992176316597
0.09058334     0.026331015496554
0.09098413     0.026672664688441
0.09138493     0.027017132873409
0.09178572     0.027364428989995
0.09218651     0.027714561933984
0.09258731     0.028067540558294
0.09298810     0.028423373672840
0.09338889     0.028782070044410
0.09378969     0.029143638396542
0.09419048     0.029508087409390
0.09459128     0.029875425719610
0.09499207     0.030245661920228
0.09539286     0.030618804560517
0.09579366     0.030994862145874
0.09619445     0.031373843137699
0.09659524     0.031755755953271
0.09699604     0.032140608965623
0.09739683     0.032528410503425
0.09779762     0.032919168850859
0.09819842     0.033312892247503
0.09859921     0.033709588888207
0.09900001     0.034109266922970
0.09940080     0.034511934456831
0.09980159     0.034917599549741
0.10020239     0.035326270216447
0.10060318     0.035737954426376
0.10100397     0.036152660103517
0.10140477     0.036570395126299
0.10180556     0.036991167327485
0.10220635     0.037414984494042
0.10260715     0.037841854367038
0.10300794     0.038271784641519
0.10340874     0.038704782966396
0.10380953     0.039140856944329
0.10421032     0.039580014131618
0.10461112     0.040022262038082
0.10501191     0.040467608126950
0.10541270     0.040916059814749
0.10581350     0.041367624471186
0.10621429     0.041822309419043
0.10661508     0.042280121934057
0.10701588     0.042741069244817
0.10741667     0.043205158532644
0.10781747     0.043672396931489
0.10821826     0.044142791527815
0.10861905     0.044616349360492
0.10901985     0.045093077420683
0.10942064     0.045572982651738
0.10982143     0.046056071949082
0.11022223     0.046542352160111
0.11062302     0.047031830084074
0.11102381     0.047524512471975
0.11142461     0.048020406026458
0.11182540     0.048519517401704
0.11222620     0.049021853203319
0.11262699     0.049527419988230
0.11302778     0.050036224264576
0.11342858     0.050548272491605
0.11382937     0.051063571079561
0.11423016     0.051582126389587
0.11463096     0.052103944733607
0.11503175     0.052629032374233
0.11543254     0.053157395524648
0.11583334     0.053689040348513
0.11623413     0.054223972959848
0.11663493     0.054762199422938
0.11703572     0.055303725752222
0.11743651     0.055848557912192
0.11783731     0.056396701817287
0.11823810     0.056948163331789
0.11863889     0.057502948269719
0.11903969     0.058061062394731
0.11944048     0.058622511420012
0.11984127     0.059187301008176
0.12024207     0.059755436771160
0.12064286     0.060326924270122
0.12104365     0.060901769015335
0.12144445     0.061479976466088
0.12184524     0.062061552030578
0.12224604     0.062646501065812
0.12264683     0.063234828877497
0.12304762     0.063826540719945
0.12344842     0.064421641795962
0.12384921     0.065020137256754
0.12425000     0.065622032201814
0.12465080     0.066227331678827
0.12505159     0.066836040683563
0.12545238     0.067448164159777
0.12585318     0.068063706999102
0.12625397     0.068682674040950
0.12665477     0.069305070072407
0.12705556     0.069930899828130
0.12745635     0.070560167990245
0.12785715     0.071192879188241
0.12825794     0.071829037998872
0.12865873     0.072468648946047
0.12905953     0.073111716500732
0.12946032     0.073758245080844
0.12986111     0.074408239051148
0.13026191     0.075061702723152
0.13066270     0.075718640355004
0.13106350     0.076379056151389
0.13146429     0.077042954263422
0.13186508     0.077710338788546
0.13226588     0.078381213770426
0.13266667     0.079055583198847
0.13306746     0.079733451009602
0.13346826     0.080414821084393
0.13386905     0.081099697250727
0.13426984     0.081788083281802
0.13467064     0.082479982896408
0.13507143     0.083175399758820
0.13547223     0.083874337478687
0.13587302     0.084576799610931
0.13627381     0.085282789655634
0.13667461     0.085992311057936
0.13707540     0.086705367207922
0.13747619     0.087421961440518
0.13787699     0.088142097035380
0.13827778     0.088865777216785
0.13867857     0.089593005153523
0.13907937     0.090323783958786
0.13948016     0.091058116690060
0.13988096     0.091796006349011
0.14028175     0.092537455881375
0.14068254     0.093282468176850
0.14108334     0.094031046068978
0.14148413     0.094783192335039
0.14188492     0.095538909695932
0.14228572     0.096298200816065
0.14268651     0.097061068303241
0.14308730     0.097827514708542
0.14348810     0.098597542526217
0.14388889     0.099371154193558
0.14428969     0.100148352090797
0.14469048     0.100929138540977
0.14509127     0.101713515809841
0.14549207     0.102501486105712
0.14589286     0.103293051579373
0.14629365     0.104088214323951
0.14669445     0.104886976374795
0.14709524     0.105689339709353
0.14749603     0.106495306247054
0.14789683     0.107304877849185
0.14829762     0.108118056318764
0.14869842     0.108934843400425
0.14909921     0.109755240780284
0.14950000     0.110579250085818
0.14990080     0.111406872885741
0.15030159     0.112238110689872
0.15070238     0.113072964949013
0.15110318     0.113911437054816
0.15150397     0.114753528339652
0.15190476     0.115599240076489
0.15230556     0.116448573478752
0.15270635     0.117301529700195
0.15310715     0.118158109834764
0.15350794     0.119018314916471
0.15390873     0.119882145919249
0.15430953     0.120749603756823
0.15471032     0.121620689282571
0.15511111     0.122495403289383
0.15551191     0.123373746509527
0.15591270     0.124255719614504
0.15631349     0.125141323214908
0.15671429     0.126030557860288
0.15711508     0.126923424038998
0.15751588     0.127819922178055
0.15791667     0.128720052642994
0.15831746     0.129623815737720
0.15871826     0.130531211704360
0.15911905     0.131442240723114
0.15951984     0.132356902912105
0.15992064     0.133275198327224
0.16032143     0.134197126961981
0.16072222     0.135122688747348
0.16112302     0.136051883551602
0.16152381     0.136984711180172
0.16192461     0.137921171375478
0.16232540     0.138861263816771
0.16272619     0.139804988119971
0.16312699     0.140752343837509
0.16352778     0.141703330458156
0.16392857     0.142657947406864
0.16432937     0.143616194044595
0.16473016     0.144578069668153
0.16513095     0.145543573510017
0.16553175     0.146512704738164
0.16593254     0.147485462455904
0.16633334     0.148461845701697
0.16673413     0.149441853448983
0.16713492     0.150425484605998
0.16753572     0.151412738015604
0.16793651     0.152403612455097
0.16833730     0.153398106636031
0.16873810     0.154396219204034
0.16913889     0.155397948738617
0.16953968     0.156403293752989
0.16994048     0.157412252693870
0.17034127     0.158424823941292
0.17074207     0.159441005808414
0.17114286     0.160460796541321
0.17154365     0.161484194318829
0.17194445     0.162511197252288
0.17234524     0.163541803385376
0.17274603     0.164576010693904
0.17314683     0.165613817085604
0.17354762     0.166655220399925
0.17394841     0.167700218407827
0.17434921     0.168748808811566
0.17475000     0.169800989244486
0.17515079     0.170856757270799
0.17555159     0.171916110385372
0.17595238     0.172979046013509
0.17635318     0.174045561510724
0.17675397     0.175115654162525
0.17715476     0.176189321184184
0.17755556     0.177266559720512
0.17795635     0.178347366845627
0.17835714     0.179431739562723
0.17875794     0.180519674803837
0.17915873     0.181611169429608
0.17955952     0.182706220229044
0.17996032     0.183804823919279
0.18036111     0.184906977145323
0.18076191     0.186012676479827
0.18116270     0.187121918422824
0.18156349     0.188234699401485
0.18196429     0.189351015769864
0.18236508     0.190470863808640
0.18276587     0.191594239724862
0.18316667     0.192721139651682
0.18356746     0.193851559648102
0.18396825     0.194985495698697
0.18436905     0.196122943713353
0.18476984     0.197263899526992
0.18517064     0.198408358899302
0.18557143     0.199556317514456
0.18597222     0.200707770980836
0.18637302     0.201862714830748
0.18677381     0.203021144520139
0.18717460     0.204183055428310
0.18757540     0.205348442857623
0.18797619     0.206517302033211
0.18837698     0.207689628102676
0.18877778     0.208865416135797
0.18917857     0.210044661124224
0.18957937     0.211227357981174
0.18998016     0.212413501541120
0.19038095     0.213603086559488
0.19078175     0.214796107712332
0.19118254     0.215992559596029
0.19158333     0.217192436726947
0.19198413     0.218395733541134
0.19238492     0.219602444393980
0.19278571     0.220812563559896
0.19318651     0.222026085231979
0.19358730     0.223243003521674
0.19398810     0.224463312458438
0.19438889     0.225687005989398
0.19478968     0.226914077979001
0.19519048     0.228144522208672
0.19559127     0.229378332376455
0.19599206     0.230615502096663
0.19639286     0.231856024899518
0.19679365     0.233099894230784
0.19719444     0.234347103451410
0.19759524     0.235597645837154
0.19799603     0.236851514578212
0.19839683     0.238108702778843
0.19879762     0.239369203456993
0.19919841     0.240633009543902
0.19959921     0.241900113883728
0.20000000     0.243170509233151
