0.00000398     0.000000017897413
0.00040477     0.000000259946563
0.00080557     0.000001029713517
0.00120636     0.000002309662114
0.00160715     0.000004100366139
0.00200795     0.000006402624023
0.00240874     0.000009217459120
0.00280953     0.000012546121326
0.00321033     0.000016390085839
0.00361112     0.000020751051912
0.00401192     0.000025630942108
0.00441271     0.000031031901113
0.00481350     0.000036956294539
0.00521430     0.000043406707369
0.00561509     0.000050385942894
0.00601588     0.000057897020623
0.00641668     0.000065943174931
0.00681747     0.000074527853074
0.00721826     0.000083654713258
0.00761906     0.000093327622729
0.00801985     0.000103550655532
0.00842065     0.000114328090327
0.00882144     0.000125664408153
0.00922223     0.000137564289879
0.00962303     0.000150032613880
0.01002382     0.000163074453416
0.01042461     0.000176695073983
0.01082541     0.000190899930689
0.01122620     0.000205694665424
0.01162699     0.000221085104086
0.01202779     0.000237077253693
0.01242858     0.000253677299470
0.01282938     0.000270891601861
0.01323017     0.000288726693550
0.01363096     0.000307189276383
0.01403176     0.000326286218310
0.01443255     0.000346024550271
0.01483334     0.000366411463059
0.01523414     0.000387454304180
0.01563493     0.000409160574670
0.01603572     0.000431537925933
0.01643652     0.000454594156542
0.01683731     0.000478337209052
0.01723810     0.000502775166803
0.01763890     0.000527916250734
0.01803969     0.000553768816196
0.01844049     0.000580341349785
0.01884128     0.000607642466163
0.01924207     0.000635680904928
0.01964287     0.000664465527472
0.02004366     0.000694005313884
0.02044445     0.000724309359847
0.02084525     0.000755386873595
0.02124604     0.000787247172871
0.02164683     0.000819899681921
0.02204763     0.000853353928537
0.02244842     0.000887619541102
0.02284922     0.000922706245700
0.02325001     0.000958623863244
0.02365080     0.000995382306648
0.02405160     0.001032991578046
0.02445239     0.001071461766033
0.02485318     0.001110803042967
0.02525398     0.001151025662302
0.02565477     0.001192139955972
0.02605556     0.001234156331808
0.02645636     0.001277085271013
0.02685715     0.001320937325666
0.02725795     0.001365723116291
0.02765874     0.001411453329460
0.02805953     0.001458138715434
0.02846033     0.001505790085874
0.02886112     0.001554418311577
0.02926191     0.001604034320259
0.02966271     0.001654649094404
0.03006350     0.001706273669135
0.03046429     0.001758919130144
0.03086509     0.001812596611667
0.03126588     0.001867317294502
0.03166668     0.001923092404068
0.03206747     0.001979933208511
0.03246826     0.002037851016861
0.03286906     0.002096857177225
0.03326985     0.002156963075022
0.03367064     0.002218180131259
0.03407144     0.002280519800864
0.03447223     0.002343993571035
0.03487302     0.002408612959654
0.03527382     0.002474389513724
0.03567461     0.002541334807851
0.03607541     0.002609460442765
0.03647620     0.002678778043884
0.03687699     0.002749299259897
0.03727779     0.002821035761405
0.03767858     0.002893999239589
0.03807937     0.002968201404900
0.03848017     0.003043653985810
0.03888096     0.003120368727566
0.03928175     0.003198357391005
0.03968255     0.003277631751381
0.04008334     0.003358203597221
0.04048414     0.003440084729241
0.04088493     0.003523286959247
0.04128572     0.003607822109103
0.04168652     0.003693702009707
0.04208731     0.003780938499996
0.04248810     0.003869543425991
0.04288890     0.003959528639848
0.04328969     0.004050905998949
0.04369048     0.004143687365011
0.04409128     0.004237884603227
0.04449207     0.004333509581414
0.04489287     0.004430574169201
0.04529366     0.004529090237230
0.04569445     0.004629069656380
0.04609525     0.004730524297010
0.04649604     0.004833466028228
0.04689683     0.004937906717172
0.04729763     0.005043858228313
0.04769842     0.005151332422779
0.04809921     0.005260341157697
0.04850001     0.005370896285541
0.04890080     0.005483009653517
0.04930160     0.005596693102943
0.04970239     0.005711958468663
0.05010318     0.005828817578465
0.05050398     0.005947282252515
0.05090477     0.006067364302809
0.05130556     0.006189075532638
0.05170636     0.006312427736063
0.05210715     0.006437432697412
0.05250794     0.006564102190773
0.05290874     0.006692447979521
0.05330953     0.006822481815834
0.05371033     0.006954215440244
0.05411112     0.007087660581176
0.05451191     0.007222828954519
0.05491271     0.007359732263184
0.05531350     0.007498382196698
0.05571429     0.007638790430789
0.05611509     0.007780968626985
0.05651588     0.007924928432225
0.05691667     0.008070681478482
0.05731747     0.008218239382377
0.05771826     0.008367613744830
0.05811906     0.008518816150689
0.05851985     0.008671858168388
0.05892064     0.008826751349603
0.05932144     0.008983507228920
0.05972223     0.009142137323500
0.06012302     0.009302653132767
0.06052382     0.009465066138090
0.06092461     0.009629387802468
0.06132540     0.009795629570238
0.06172620     0.009963802866774
0.06212699     0.010133919098198
0.06252779     0.010305989651091
0.06292858     0.010480025892219
0.06332937     0.010656039168253
0.06373017     0.010834040805506
0.06413096     0.011014042109661
0.06453175     0.011196054365515
0.06493255     0.011380088836724
0.06533334     0.011566156765553
0.06573413     0.011754269372620
0.06613493     0.011944437856669
0.06653572     0.012136673394313
0.06693652     0.012330987139817
0.06733731     0.012527390224852
0.06773810     0.012725893758276
0.06813890     0.012926508825905
0.06853969     0.013129246490297
0.06894048     0.013334117790531
0.06934128     0.013541133741993
0.06974207     0.013750305336163
0.07014286     0.013961643540413
0.07054366     0.014175159297793
0.07094445     0.014390863526837
0.07134524     0.014608767121354
0.07174604     0.014828880950241
0.07214683     0.015051215857275
0.07254763     0.015275782660937
0.07294842     0.015502592154207
0.07334921     0.015731655104386
0.07375001     0.015962982252906
0.07415080     0.016196584315150
0.07455159     0.016432471980268
0.07495239     0.016670655911001
0.07535318     0.016911146743502
0.07575397     0.017153955087162
0.07615477     0.017399091524437
0.07655556     0.017646566610678
0.07695636     0.017896390873957
0.07735715     0.018148574814907
0.07775794     0.018403128906548
0.07815874     0.018660063594130
0.07855953     0.018919389294965
0.07896032     0.019181116398270
0.07936112     0.019445255265002
0.07976191     0.019711816227708
0.08016270     0.019980809590363
0.08056350     0.020252245628214
0.08096429     0.020526134587633
0.08136509     0.020802486685953
0.08176588     0.021081312111333
0.08216667     0.021362621022594
0.08256747     0.021646423549076
0.08296826     0.021932729790494
0.08336905     0.022221549816788
0.08376985     0.022512893667981
0.08417064     0.022806771354030
0.08457143     0.023103192854691
0.08497223     0.023402168119375
0.08537302     0.023703707067005
0.08577382     0.024007819585879
0.08617461     0.024314515533535
0.08657540     0.024623804736609
0.08697620     0.024935696990702
0.08737699     0.025250202060244
0.08777778     0.025567329678361
0.08817858     0.025887089546741
0.08857937     0.026209491335503
0.08898016     0.026534544683066
0.08938096     0.026862259196015
0.08978175     0.027192644448981
0.09018255     0.027525709984503
0.09058334     0.027861465312904
0.09098413     0.028199919912167
0.09138493     0.028541083227806
0.09178572     0.028884964672745
0.09218651     0.029231573627188
0.09258731     0.029580919438500
0.09298810     0.029933011421087
0.09338889     0.030287858856269
0.09378969     0.030645470992164
0.09419048     0.031005857043563
0.09459128     0.031369026191818
0.09499207     0.031734987584716
0.09539286     0.032103750336369
0.09579366     0.032475323527090
0.09619445     0.032849716203281
0.09659524     0.033226937377321
0.09699604     0.033606996027443
0.09739683     0.033989901097627
0.09779762     0.034375661497486
0.09819842     0.034764286102150
0.09859921     0.035155783752159
0.09900001     0.035550163253350
0.09940080     0.035947433376747
0.09980159     0.036347602858452
0.10020239     0.036750680399535
0.10060318     0.037156674665929
0.10100397     0.037565594288318
0.10140477     0.037977447862034
0.10180556     0.038392243946951
0.10220635     0.038809991067378
0.10260715     0.039230697711954
0.10300794     0.039654372333549
0.10340874     0.040081023349153
0.10380953     0.040510659139778
0.10421032     0.040943288050359
0.10461112     0.041378918389648
0.10501191     0.041817558430111
0.10541270     0.042259216407836
0.10581350     0.042703900522428
0.10621429     0.043151618936915
0.10661508     0.043602379777641
0.10701588     0.044056191134181
0.10741667     0.044513061059234
0.10781747     0.044972997568533
0.10821826     0.045436008640747
0.10861905     0.045902102217387
0.10901985     0.046371286202712
0.10942064     0.046843568463636
0.10982143     0.047318956829632
0.11022223     0.047797459092646
0.11062302     0.048279083006998
0.11102381     0.048763836289296
0.11142461     0.049251726618346
0.11182540     0.049742761635059
0.11222620     0.050236948942363
0.11262699     0.050734296105116
0.11302778     0.051234810650016
0.11342858     0.051738500065515
0.11382937     0.052245371801734
0.11423016     0.052755433270373
0.11463096     0.053268691844627
0.11503175     0.053785154859104
0.11543254     0.054304829609735
0.11583334     0.054827723353698
0.11623413     0.055353843309328
0.11663493     0.055883196656038
0.11703572     0.056415790534234
0.11743651     0.056951632045239
0.11783731     0.057490728251209
0.11823810     0.058033086175050
0.11863889     0.058578712800345
0.11903969     0.059127615071270
0.11944048     0.059679799892517
0.11984127     0.060235274129216
0.12024207     0.060794044606860
0.12064286     0.061356118111223
0.12104365     0.061921501388289
0.12144445     0.062490201144175
0.12184524     0.063062224045054
0.12224604     0.063637576717084
0.12264683     0.064216265746331
0.12304762     0.064798297678696
0.12344842     0.065383679019844
0.12384921     0.065972416235131
0.12425000     0.066564515749530
0.12465080     0.067159983947564
0.12505159     0.067758827173231
0.12545238     0.068361051729938
0.12585318     0.068966663880427
0.12625397     0.069575669846710
0.12665477     0.070188075809998
0.12705556     0.070803887910631
0.12745635     0.071423112248019
0.12785715     0.072045754880562
0.12825794     0.072671821825594
0.12865873     0.073301319059314
0.12905953     0.073934252516718
0.12946032     0.074570628091535
0.12986111     0.075210451636166
0.13026191     0.075853728961615
0.13066270     0.076500465837427
0.13106350     0.077150667991626
0.13146429     0.077804341110652
0.13186508     0.078461490839297
0.13226588     0.079122122780646
0.13266667     0.079786242496014
0.13306746     0.080453855504885
0.13346826     0.081124967284852
0.13386905     0.081799583271558
0.13426984     0.082477708858634
0.13467064     0.083159349397642
0.13507143     0.083844510198016
0.13547223     0.084533196527005
0.13587302     0.085225413609609
0.13627381     0.085921166628529
0.13667461     0.086620460724109
0.13707540     0.087323300994275
0.13747619     0.088029692494481
0.13787699     0.088739640237653
0.13827778     0.089453149194134
0.13867857     0.090170224291629
0.13907937     0.090890870415150
0.13948016     0.091615092406960
0.13988096     0.092342895066521
0.14028175     0.093074283150439
0.14068254     0.093809261372411
0.14108334     0.094547834403172
0.14148413     0.095290006870442
0.14188492     0.096035783358874
0.14228572     0.096785168410001
0.14268651     0.097538166522184
0.14308730     0.098294782150563
0.14348810     0.099055019707002
0.14388889     0.099818883560040
0.14428969     0.100586378034840
0.14469048     0.101357507413140
0.14509127     0.102132275933200
0.14549207     0.102910687789752
0.14589286     0.103692747133955
0.14629365     0.104478458073338
0.14669445     0.105267824671757
0.14709524     0.106060850949344
0.14749603     0.106857540882457
0.14789683     0.107657898403631
0.14829762     0.108461927401530
0.14869842     0.109269631720903
0.14909921     0.110081015162528
0.14950000     0.110896081483169
0.14990080     0.111714834395526
0.15030159     0.112537277568190
0.15070238     0.113363414625591
0.15110318     0.114193249147957
0.15150397     0.115026784671257
0.15190476     0.115864024687163
0.15230556     0.116704972642999
0.15270635     0.117549631941693
0.15310715     0.118398005941728
0.15350794     0.119250097957102
0.15390873     0.120105911257275
0.15430953     0.120965449067121
0.15471032     0.121828714566888
0.15511111     0.122695710892144
0.15551191     0.123566441133732
0.15591270     0.124440908337727
0.15631349     0.125319115505381
0.15671429     0.126201065593085
0.15711508     0.127086761512316
0.15751588     0.127976206129591
0.15791667     0.128869402266420
0.15831746     0.129766352699259
0.15871826     0.130667060159464
0.15911905     0.131571527333241
0.15951984     0.132479756861598
0.15992064     0.133391751340302
0.16032143     0.134307513319823
0.16072222     0.135227045305294
0.16112302     0.136150349756459
0.16152381     0.137077429087623
0.16192461     0.138008285667607
0.16232540     0.138942921819697
0.16272619     0.139881339821593
0.16312699     0.140823541905366
0.16352778     0.141769530257401
0.16392857     0.142719307018353
0.16432937     0.143672874283091
0.16473016     0.144630234100653
0.16513095     0.145591388474195
0.16553175     0.146556339360932
0.16593254     0.147525088672101
0.16633334     0.148497638272893
0.16673413     0.149473989982415
0.16713492     0.150454145573625
0.16753572     0.151438106773290
0.16793651     0.152425875261927
0.16833730     0.153417452673747
0.16873810     0.154412840596608
0.16913889     0.155412040571953
0.16953968     0.156415054094758
0.16994048     0.157421882613479
0.17034127     0.158432527529991
0.17074207     0.159446990199532
0.17114286     0.160465271930649
0.17154365     0.161487373985138
0.17194445     0.162513297577985
0.17234524     0.163543043877306
0.17274603     0.164576614004293
0.17314683     0.165614009033148
0.17354762     0.166655229991022
0.17394841     0.167700277857958
0.17434921     0.168749153566824
0.17475000     0.169801858003253
0.17515079     0.170858392005580
0.17555159     0.171918756364772
0.17595238     0.172982951824372
0.17635318     0.174050979080422
0.17675397     0.175122838781406
0.17715476     0.176198531528178
0.17755556     0.177278057873894
0.17795635     0.178361418323941
0.17835714     0.179448613335871
0.17875794     0.180539643319328
0.17915873     0.181634508635974
0.17955952     0.182733209599418
0.17996032     0.183835746475145
0.18036111     0.184942119480435
0.18076191     0.186052328784295
0.18116270     0.187166374507372
0.18156349     0.188284256721888
0.18196429     0.189405975451548
0.18236508     0.190531530671472
0.18276587     0.191660922308106
0.18316667     0.192794150239142
0.18356746     0.193931214293436
0.18396825     0.195072114250924
0.18436905     0.196216849842533
0.18476984     0.197365420750098
0.18517064     0.198517826606273
0.18557143     0.199674066994441
0.18597222     0.200834141448623
0.18637302     0.201998049453389
0.18677381     0.203165790443762
0.18717460     0.204337363805124
0.18757540     0.205512768873125
0.18797619     0.206692004933577
0.18837698     0.207875071222365
0.18877778     0.209061966925337
0.18917857     0.210252691178214
0.18957937     0.211447243066478
0.18998016     0.212645621625272
0.19038095     0.213847825839294
0.19078175     0.215053854642688
0.19118254     0.216263706918937
0.19158333     0.217477381500749
0.19198413     0.218694877169950
0.19238492     0.219916192657367
0.19278571     0.221141326642712
0.19318651     0.222370277754468
0.19358730     0.223603044569767
0.19398810     0.224839625614272
0.19438889     0.226080019362052
0.19478968     0.227324224235460
0.19519048     0.228572238605008
0.19559127     0.229824060789236
0.19599206     0.231079689054585
0.19639286     0.232339121615266
0.19679365     0.233602356633124
0.19719444     0.234869392217506
0.19759524     0.236140226425120
0.19799603     0.237414857259899
0.19839683     0.238693282672859
0.19879762     0.239975500561954
0.19919841     0.241261508771934
0.19959921     0.242551305094192
0.20000000     0.243844887266622
