0.00000398     0.000000289779644
0.00040477     0.000000569416088
0.00080557     0.000002255252495
0.00120636     0.000005057747240
0.00160715     0.000008977071393
0.00200795     0.000014013473689
0.00240874     0.000020167280069
0.00280953     0.000027438888304
0.00321033     0.000035828773948
0.00361112     0.000045337480291
0.00401192     0.000055965623320
0.00441271     0.000067713893215
0.00481350     0.000080583051277
0.00521430     0.000094573930466
0.00561509     0.000109687436349
0.00601588     0.000125924546335
0.00641668     0.000143286309486
0.00681747     0.000161773846916
0.00721826     0.000181388351266
0.00761906     0.000202131086090
0.00801985     0.000224003387081
0.00842065     0.000247006660551
0.00882144     0.000271142384036
0.00922223     0.000296412106075
0.00962303     0.000322817445844
0.01002382     0.000350360093056
0.01042461     0.000379041807806
0.01082541     0.000408864420476
0.01122620     0.000439829831351
0.01162699     0.000471940010616
0.01202779     0.000505196998018
0.01242858     0.000539602902647
0.01282938     0.000575159902943
0.01323017     0.000611870246173
0.01363096     0.000649736248268
0.01403176     0.000688760293789
0.01443255     0.000728944835429
0.01483334     0.000770292393930
0.01523414     0.000812805557693
0.01563493     0.000856486982713
0.01603572     0.000901339392013
0.01643652     0.000947365575680
0.01683731     0.000994568390397
0.01723810     0.001042950759138
0.01763890     0.001092515671001
0.01803969     0.001143266180823
0.01844049     0.001195205408879
0.01884128     0.001248336540579
0.01924207     0.001302662826208
0.01964287     0.001358187580445
0.02004366     0.001414914182227
0.02044445     0.001472846074320
0.02084525     0.001531986762953
0.02124604     0.001592339817541
0.02164683     0.001653908870273
0.02204763     0.001716697615823
0.02244842     0.001780709810937
0.02284922     0.001845949274113
0.02325001     0.001912419885186
0.02365080     0.001980125584988
0.02405160     0.002049070374973
0.02445239     0.002119258316822
0.02485318     0.002190693532057
0.02525398     0.002263380201665
0.02565477     0.002337322565654
0.02605556     0.002412524922740
0.02645636     0.002488991629883
0.02685715     0.002566727101879
0.02725795     0.002645735810975
0.02765874     0.002726022286463
0.02805953     0.002807591114232
0.02846033     0.002890446936361
0.02886112     0.002974594450690
0.02926191     0.003060038410419
0.02966271     0.003146783623644
0.03006350     0.003234834952925
0.03046429     0.003324197314893
0.03086509     0.003414875679749
0.03126588     0.003506875070866
0.03166668     0.003600200564327
0.03206747     0.003694857288477
0.03246826     0.003790850423475
0.03286906     0.003888185200848
0.03326985     0.003986866903041
0.03367064     0.004086900862922
0.03407144     0.004188292463385
0.03447223     0.004291047136823
0.03487302     0.004395170364729
0.03527382     0.004500667677181
0.03567461     0.004607544652393
0.03607541     0.004715806916246
0.03647620     0.004825460141842
0.03687699     0.004936510048987
0.03727779     0.005048962403742
0.03767858     0.005162823017970
0.03807937     0.005278097748818
0.03848017     0.005394792498276
0.03888096     0.005512913212685
0.03928175     0.005632465882244
0.03968255     0.005753456540563
0.04008334     0.005875891264168
0.04048414     0.005999776172008
0.04088493     0.006125117424983
0.04128572     0.006251921225469
0.04168652     0.006380193816840
0.04208731     0.006509941482952
0.04248810     0.006641170547691
0.04288890     0.006773887374494
0.04328969     0.006908098365836
0.04369048     0.007043809962775
0.04409128     0.007181028644436
0.04449207     0.007319760927572
0.04489287     0.007460013366041
0.04529366     0.007601792550334
0.04569445     0.007745105107103
0.04609525     0.007889957698673
0.04649604     0.008036357022540
0.04689683     0.008184309810918
0.04729763     0.008333822830244
0.04769842     0.008484902880691
0.04809921     0.008637556795699
0.04850001     0.008791791441489
0.04890080     0.008947613716584
0.04930160     0.009105030551334
0.04970239     0.009264048907437
0.05010318     0.009424675777459
0.05050398     0.009586918184366
0.05090477     0.009750783181045
0.05130556     0.009916277849828
0.05170636     0.010083409302030
0.05210715     0.010252184677464
0.05250794     0.010422611143980
0.05290874     0.010594695896997
0.05330953     0.010768446159035
0.05371033     0.010943869179241
0.05411112     0.011120972232944
0.05451191     0.011299762621162
0.05491271     0.011480247670176
0.05531350     0.011662434731036
0.05571429     0.011846331179132
0.05611509     0.012031944413715
0.05651588     0.012219281857458
0.05691667     0.012408350955988
0.05731747     0.012599159177448
0.05771826     0.012791714012039
0.05811906     0.012986022971572
0.05851985     0.013182093589024
0.05892064     0.013379933418095
0.05932144     0.013579550032760
0.05972223     0.013780951026836
0.06012302     0.013984144013533
0.06052382     0.014189136625029
0.06092461     0.014395936512030
0.06132540     0.014604551343328
0.06172620     0.014814988805391
0.06212699     0.015027256601910
0.06252779     0.015241362453395
0.06292858     0.015457314096732
0.06332937     0.015675119284778
0.06373017     0.015894785785922
0.06413096     0.016116321383685
0.06453175     0.016339733876292
0.06493255     0.016565031076261
0.06533334     0.016792220809993
0.06573413     0.017021310917364
0.06613493     0.017252309251324
0.06653572     0.017485223677470
0.06693652     0.017720062073674
0.06733731     0.017956832329654
0.06773810     0.018195542346600
0.06813890     0.018436200036762
0.06853969     0.018678813323071
0.06894048     0.018923390138730
0.06934128     0.019169938426844
0.06974207     0.019418466140020
0.07014286     0.019668981239995
0.07054366     0.019921491697241
0.07094445     0.020176005490598
0.07134524     0.020432530606894
0.07174604     0.020691075040565
0.07214683     0.020951646793287
0.07254763     0.021214253873612
0.07294842     0.021478904296588
0.07334921     0.021745606083408
0.07375001     0.022014367261036
0.07415080     0.022285195861856
0.07455159     0.022558099923306
0.07495239     0.022833087487530
0.07535318     0.023110166601025
0.07575397     0.023389345314280
0.07615477     0.023670631681440
0.07655556     0.023954033759955
0.07695636     0.024239559610238
0.07735715     0.024527217295321
0.07775794     0.024817014880522
0.07815874     0.025108960433102
0.07855953     0.025403062021937
0.07896032     0.025699327717181
0.07936112     0.025997765589941
0.07976191     0.026298383711952
0.08016270     0.026601190155243
0.08056350     0.026906192991829
0.08096429     0.027213400293375
0.08136509     0.027522820130891
0.08176588     0.027834460574416
0.08216667     0.028148329692695
0.08256747     0.028464435552880
0.08296826     0.028782786220214
0.08336905     0.029103389757731
0.08376985     0.029426254225946
0.08417064     0.029751387682559
0.08457143     0.030078798182151
0.08497223     0.030408493775893
0.08537302     0.030740482511245
0.08577382     0.031074772431666
0.08617461     0.031411371576327
0.08657540     0.031750287979818
0.08697620     0.032091529671862
0.08737699     0.032435104677040
0.08777778     0.032781021014494
0.08817858     0.033129286697664
0.08857937     0.033479909734000
0.08898016     0.033832898124692
0.08938096     0.034188259864392
0.08978175     0.034546002940951
0.09018255     0.034906135335143
0.09058334     0.035268665020403
0.09098413     0.035633599962560
0.09138493     0.036000948119576
0.09178572     0.036370717441284
0.09218651     0.036742915869132
0.09258731     0.037117551335924
0.09298810     0.037494631765570
0.09338889     0.037874165072826
0.09378969     0.038256159163053
0.09419048     0.038640621931962
0.09459128     0.039027561265371
0.09499207     0.039416985038958
0.09539286     0.039808901118022
0.09579366     0.040203317357240
0.09619445     0.040600241600426
0.09659524     0.040999681680303
0.09699604     0.041401645418258
0.09739683     0.041806140624116
0.09779762     0.042213175095903
0.09819842     0.042622756619626
0.09859921     0.043034892969034
0.09900001     0.043449591905403
0.09940080     0.043866861177304
0.09980159     0.044286708520386
0.10020239     0.044709141657156
0.10060318     0.045134168296755
0.10100397     0.045561796134750
0.10140477     0.045992032852911
0.10180556     0.046424886119002
0.10220635     0.046860363586570
0.10260715     0.047298472894731
0.10300794     0.047739221667967
0.10340874     0.048182617515918
0.10380953     0.048628668033174
0.10421032     0.049077380799074
0.10461112     0.049528763377510
0.10501191     0.049982823316715
0.10541270     0.050439568149075
0.10581350     0.050899005390930
0.10621429     0.051361142542375
0.10661508     0.051825987087071
0.10701588     0.052293546492049
0.10741667     0.052763828207524
0.10781747     0.053236839666702
0.10821826     0.053712588285595
0.10861905     0.054191081462832
0.10901985     0.054672326579478
0.10942064     0.055156330998850
0.10982143     0.055643102066335
0.11022223     0.056132647109206
0.11062302     0.056624973436452
0.11102381     0.057120088338593
0.11142461     0.057617999087506
0.11182540     0.058118712936252
0.11222620     0.058622237118902
0.11262699     0.059128578850364
0.11302778     0.059637745326215
0.11342858     0.060149743722531
0.11382937     0.060664581195714
0.11423016     0.061182264882337
0.11463096     0.061702801898967
0.11503175     0.062226199342005
0.11543254     0.062752464287528
0.11583334     0.063281603791122
0.11623413     0.063813624887722
0.11663493     0.064348534591456
0.11703572     0.064886339895487
0.11743651     0.065427047771852
0.11783731     0.065970665171313
0.11823810     0.066517199023196
0.11863889     0.067066656235246
0.11903969     0.067619043693468
0.11944048     0.068174368261979
0.11984127     0.068732636782858
0.12024207     0.069293856075999
0.12064286     0.069858032938963
0.12104365     0.070425174146830
0.12144445     0.070995286452053
0.12184524     0.071568376584319
0.12224604     0.072144451250402
0.12264683     0.072723517134019
0.12304762     0.073305580895693
0.12344842     0.073890649172613
0.12384921     0.074478728578489
0.12425000     0.075069825703422
0.12465080     0.075663947113761
0.12505159     0.076261099351971
0.12545238     0.076861288936493
0.12585318     0.077464522361615
0.12625397     0.078070806097335
0.12665477     0.078680146589229
0.12705556     0.079292550258322
0.12745635     0.079908023500956
0.12785715     0.080526572688657
0.12825794     0.081148204168013
0.12865873     0.081772924260539
0.12905953     0.082400739262555
0.12946032     0.083031655445056
0.12986111     0.083665679053591
0.13026191     0.084302816308132
0.13066270     0.084943073402954
0.13106350     0.085586456506514
0.13146429     0.086232971761323
0.13186508     0.086882625283829
0.13226588     0.087535423164295
0.13266667     0.088191371466676
0.13306746     0.088850476228505
0.13346826     0.089512743460768
0.13386905     0.090178179147793
0.13426984     0.090846789247127
0.13467064     0.091518579689419
0.13507143     0.092193556378312
0.13547223     0.092871725190318
0.13587302     0.093553091974707
0.13627381     0.094237662553396
0.13667461     0.094925442720830
0.13707540     0.095616438243876
0.13747619     0.096310654861700
0.13787699     0.097008098285670
0.13827778     0.097708774199231
0.13867857     0.098412688257803
0.13907937     0.099119846088668
0.13948016     0.099830253290861
0.13988096     0.100543915435060
0.14028175     0.101260838063478
0.14068254     0.101981026689758
0.14108334     0.102704486798861
0.14148413     0.103431223846961
0.14188492     0.104161243261337
0.14228572     0.104894550440272
0.14268651     0.105631150752939
0.14308730     0.106371049539303
0.14348810     0.107114252110011
0.14388889     0.107860763746293
0.14428969     0.108610589699852
0.14469048     0.109363735192762
0.14509127     0.110120205417370
0.14549207     0.110880005536184
0.14589286     0.111643140681775
0.14629365     0.112409615956677
0.14669445     0.113179436433280
0.14709524     0.113952607153732
0.14749603     0.114729133129833
0.14789683     0.115509019342940
0.14829762     0.116292270743861
0.14869842     0.117078892252754
0.14909921     0.117868888759033
0.14950000     0.118662265121256
0.14990080     0.119459026167038
0.15030159     0.120259176692941
0.15070238     0.121062721464380
0.15110318     0.121869665215520
0.15150397     0.122680012649177
0.15190476     0.123493768436723
0.15230556     0.124310937217979
0.15270635     0.125131523601123
0.15310715     0.125955532162587
0.15350794     0.126782967446959
0.15390873     0.127613833966883
0.15430953     0.128448136202964
0.15471032     0.129285878603666
0.15511111     0.130127065585210
0.15551191     0.130971701531483
0.15591270     0.131819790793934
0.15631349     0.132671337691476
0.15671429     0.133526346510385
0.15711508     0.134384821504209
0.15751588     0.135246766893656
0.15791667     0.136112186866510
0.15831746     0.136981085577518
0.15871826     0.137853467148301
0.15911905     0.138729335667249
0.15951984     0.139608695189422
0.15992064     0.140491549736452
0.16032143     0.141377903296442
0.16072222     0.142267759823868
0.16112302     0.143161123239475
0.16152381     0.144057997430179
0.16192461     0.144958386248966
0.16232540     0.145862293514789
0.16272619     0.146769723012473
0.16312699     0.147680678492603
0.16352778     0.148595163671434
0.16392857     0.149513182230778
0.16432937     0.150434737817909
0.16473016     0.151359834045456
0.16513095     0.152288474491306
0.16553175     0.153220662698490
0.16593254     0.154156402175087
0.16633334     0.155095696394119
0.16673413     0.156038548793443
0.16713492     0.156984962775646
0.16753572     0.157934941707945
0.16793651     0.158888488922072
0.16833730     0.159845607714173
0.16873810     0.160806301344699
0.16913889     0.161770573038300
0.16953968     0.162738425983712
0.16994048     0.163709863333655
0.17034127     0.164684888204716
0.17074207     0.165663503677245
0.17114286     0.166645712795240
0.17154365     0.167631518566238
0.17194445     0.168620923961201
0.17234524     0.169613931914407
0.17274603     0.170610545323330
0.17314683     0.171610767048533
0.17354762     0.172614599913546
0.17394841     0.173622046704757
0.17434921     0.174633110171292
0.17475000     0.175647793024895
0.17515079     0.176666097939815
0.17555159     0.177688027552684
0.17595238     0.178713584462400
0.17635318     0.179742771230000
0.17675397     0.180775590378546
0.17715476     0.181812044392995
0.17755556     0.182852135720085
0.17795635     0.183895866768198
0.17835714     0.184943239907244
0.17875794     0.185994257468535
0.17915873     0.187048921744647
0.17955952     0.188107234989305
0.17996032     0.189169199417243
0.18036111     0.190234817204075
0.18076191     0.191304090486171
0.18116270     0.192377021360512
0.18156349     0.193453611884564
0.18196429     0.194533864076140
0.18236508     0.195617779913262
0.18276587     0.196705361334027
0.18316667     0.197796610236463
0.18356746     0.198891528478391
0.18396825     0.199990117877283
0.18436905     0.201092380210121
0.18476984     0.202198317213248
0.18517064     0.203307930582225
0.18557143     0.204421221971684
0.18597222     0.205538192995179
0.18637302     0.206658845225033
0.18677381     0.207783180192191
0.18717460     0.208911199386066
0.18757540     0.210042904254380
0.18797619     0.211178296203012
0.18837698     0.212317376595839
0.18877778     0.213460146754576
0.18917857     0.214606607958617
0.18957937     0.215756761444869
0.18998016     0.216910608407590
0.19038095     0.218068149998222
0.19078175     0.219229387325224
0.19118254     0.220394321453902
0.19158333     0.221562953406233
0.19198413     0.222735284160703
0.19238492     0.223911314652117
0.19278571     0.225091045771437
0.19318651     0.226274478365591
0.19358730     0.227461613237298
0.19398810     0.228652451144885
0.19438889     0.229846992802102
0.19478968     0.231045238877932
0.19519048     0.232247189996407
0.19559127     0.233452846736412
0.19599206     0.234662209631497
0.19639286     0.235875279169678
0.19679365     0.237092055793241
0.19719444     0.238312539898543
0.19759524     0.239536731835807
0.19799603     0.240764631908924
0.19839683     0.241996240375238
0.19879762     0.243231557445346
0.19919841     0.244470583282882
0.19959921     0.245713318004303
0.20000000     0.246959761678676
