0.00000398     0.000000069182918
0.00040477     0.000000001708928
0.00080557     0.000000013470052
0.00120636     0.000000045237172
0.00160715     0.000000106963232
0.00200795     0.000000208600857
0.00240874     0.000000360102066
0.00280953     0.000000571418102
0.00321033     0.000000852499140
0.00361112     0.000001213294336
0.00401192     0.000001663751520
0.00441271     0.000002213817118
0.00481350     0.000002873435956
0.00521430     0.000003652551096
0.00561509     0.000004561103694
0.00601588     0.000005609032834
0.00641668     0.000006806275356
0.00681747     0.000008162765754
0.00721826     0.000009688435918
0.00761906     0.000011393215084
0.00801985     0.000013287029584
0.00842065     0.000015379802752
0.00882144     0.000017681454707
0.00922223     0.000020201902276
0.00962303     0.000022951058755
0.01002382     0.000025938833771
0.01042461     0.000029175133172
0.01082541     0.000032669858810
0.01122620     0.000036432908400
0.01162699     0.000040474175380
0.01202779     0.000044803548739
0.01242858     0.000049430912860
0.01282938     0.000054366147362
0.01323017     0.000059619126947
0.01363096     0.000065199721235
0.01403176     0.000071117794611
0.01443255     0.000077383206071
0.01483334     0.000084005809068
0.01523414     0.000090995451343
0.01563493     0.000098361974782
0.01603572     0.000106115215232
0.01643652     0.000114265002388
0.01683731     0.000122821159613
0.01723810     0.000131793503763
0.01763890     0.000141191845072
0.01803969     0.000151025986966
0.01844049     0.000161305725920
0.01884128     0.000172040851290
0.01924207     0.000183241145179
0.01964287     0.000194916382264
0.02004366     0.000207076329647
0.02044445     0.000219730746703
0.02084525     0.000232889384921
0.02124604     0.000246561987747
0.02164683     0.000260758290447
0.02204763     0.000275488019929
0.02244842     0.000290760894606
0.02284922     0.000306586624236
0.02325001     0.000322974909769
0.02365080     0.000339935443199
0.02405160     0.000357477907407
0.02445239     0.000375611976002
0.02485318     0.000394347313183
0.02525398     0.000413693573576
0.02565477     0.000433660402081
0.02605556     0.000454257433737
0.02645636     0.000475494293540
0.02685715     0.000497380596326
0.02725795     0.000519925946595
0.02765874     0.000543139938371
0.02805953     0.000567032155053
0.02846033     0.000591612169255
0.02886112     0.000616889542663
0.02926191     0.000642873825891
0.02966271     0.000669574558325
0.03006350     0.000697001267965
0.03046429     0.000725163471293
0.03086509     0.000754070673117
0.03126588     0.000783732366420
0.03166668     0.000814158032210
0.03206747     0.000845357139387
0.03246826     0.000877339144581
0.03286906     0.000910113492000
0.03326985     0.000943689613301
0.03367064     0.000978076927436
0.03407144     0.001013284840499
0.03447223     0.001049322745586
0.03487302     0.001086200022651
0.03527382     0.001123926038357
0.03567461     0.001162510145933
0.03607541     0.001201961685023
0.03647620     0.001242289981557
0.03687699     0.001283504347584
0.03727779     0.001325614081158
0.03767858     0.001368628466161
0.03807937     0.001412556772184
0.03848017     0.001457408254379
0.03888096     0.001503192153311
0.03928175     0.001549917694820
0.03968255     0.001597594089881
0.04008334     0.001646230534456
0.04048414     0.001695836209362
0.04088493     0.001746420280119
0.04128572     0.001797991896824
0.04168652     0.001850560193998
0.04208731     0.001904134290450
0.04248810     0.001958723289144
0.04288890     0.002014336277056
0.04328969     0.002070982325028
0.04369048     0.002128670487643
0.04409128     0.002187409803081
0.04449207     0.002247209292975
0.04489287     0.002308077962288
0.04529366     0.002370024799164
0.04569445     0.002433058774798
0.04609525     0.002497188843298
0.04649604     0.002562423941553
0.04689683     0.002628772989093
0.04729763     0.002696244887955
0.04769842     0.002764848522550
0.04809921     0.002834592759533
0.04850001     0.002905486447662
0.04890080     0.002977538417668
0.04930160     0.003050757482127
0.04970239     0.003125152435317
0.05010318     0.003200732053100
0.05050398     0.003277505092776
0.05090477     0.003355480292962
0.05130556     0.003434666373461
0.05170636     0.003515072035123
0.05210715     0.003596705959727
0.05250794     0.003679576809844
0.05290874     0.003763693228706
0.05330953     0.003849063840087
0.05371033     0.003935697248166
0.05411112     0.004023602037403
0.05451191     0.004112786772411
0.05491271     0.004203259997829
0.05531350     0.004295030238199
0.05571429     0.004388105997831
0.05611509     0.004482495760692
0.05651588     0.004578207990261
0.05691667     0.004675251129426
0.05731747     0.004773633600346
0.05771826     0.004873363804330
0.05811906     0.004974450121714
0.05851985     0.005076900911740
0.05892064     0.005180724512433
0.05932144     0.005285929240474
0.05972223     0.005392523391090
0.06012302     0.005500515237918
0.06052382     0.005609913032897
0.06092461     0.005720725006143
0.06132540     0.005832959365828
0.06172620     0.005946624298060
0.06212699     0.006061727966772
0.06252779     0.006178278513594
0.06292858     0.006296284057741
0.06332937     0.006415752695891
0.06373017     0.006536692502076
0.06413096     0.006659111527559
0.06453175     0.006783017800717
0.06493255     0.006908419326932
0.06533334     0.007035324088470
0.06573413     0.007163740044371
0.06613493     0.007293675130332
0.06653572     0.007425137258593
0.06693652     0.007558134317827
0.06733731     0.007692674173024
0.06773810     0.007828764665383
0.06813890     0.007966413612195
0.06853969     0.008105628806737
0.06894048     0.008246418018158
0.06934128     0.008388788991371
0.06974207     0.008532749446941
0.07014286     0.008678307080976
0.07054366     0.008825469565023
0.07094445     0.008974244545953
0.07134524     0.009124639645856
0.07174604     0.009276662461937
0.07214683     0.009430320566404
0.07254763     0.009585621506366
0.07294842     0.009742572803721
0.07334921     0.009901181955061
0.07375001     0.010061456431556
0.07415080     0.010223403678860
0.07455159     0.010387031116997
0.07495239     0.010552346140266
0.07535318     0.010719356117134
0.07575397     0.010888068390137
0.07615477     0.011058490275773
0.07655556     0.011230629064404
0.07695636     0.011404492020156
0.07735715     0.011580086380820
0.07775794     0.011757419357743
0.07815874     0.011936498135741
0.07855953     0.012117329872994
0.07896032     0.012299921700946
0.07936112     0.012484280724212
0.07976191     0.012670414020478
0.08016270     0.012858328640402
0.08056350     0.013048031607522
0.08096429     0.013239529918161
0.08136509     0.013432830541322
0.08176588     0.013627940418609
0.08216667     0.013824866464116
0.08256747     0.014023615564347
0.08296826     0.014224194578116
0.08336905     0.014426610336453
0.08376985     0.014630869642513
0.08417064     0.014836979271491
0.08457143     0.015044945970519
0.08497223     0.015254776458584
0.08537302     0.015466477426436
0.08577382     0.015680055536495
0.08617461     0.015895517422764
0.08657540     0.016112869690740
0.08697620     0.016332118917331
0.08737699     0.016553271650757
0.08777778     0.016776334410471
0.08817858     0.017001313687072
0.08857937     0.017228215942218
0.08898016     0.017457047608535
0.08938096     0.017687815089541
0.08978175     0.017920524759553
0.09018255     0.018155182963610
0.09058334     0.018391796017384
0.09098413     0.018630370207098
0.09138493     0.018870911789445
0.09178572     0.019113426991505
0.09218651     0.019357922010661
0.09258731     0.019604403014522
0.09298810     0.019852876140840
0.09338889     0.020103347497430
0.09378969     0.020355823162089
0.09419048     0.020610309182521
0.09459128     0.020866811576252
0.09499207     0.021125336330559
0.09539286     0.021385889402388
0.09579366     0.021648476718274
0.09619445     0.021913104174274
0.09659524     0.022179777635879
0.09699604     0.022448502937949
0.09739683     0.022719285884630
0.09779762     0.022992132249282
0.09819842     0.023267047774407
0.09859921     0.023544038171572
0.09900001     0.023823109121339
0.09940080     0.024104266273189
0.09980159     0.024387515245450
0.10020239     0.024672861625229
0.10060318     0.024960310968339
0.10100397     0.025249868799225
0.10140477     0.025541540610900
0.10180556     0.025835331864866
0.10220635     0.026131247991058
0.10260715     0.026429294387760
0.10300794     0.026729476421553
0.10340874     0.027031799427229
0.10380953     0.027336268707743
0.10421032     0.027642889534128
0.10461112     0.027951667145444
0.10501191     0.028262606748701
0.10541270     0.028575713518801
0.10581350     0.028890992598467
0.10621429     0.029208449098184
0.10661508     0.029528088096135
0.10701588     0.029849914638130
0.10741667     0.030173933737552
0.10781747     0.030500150375291
0.10821826     0.030828569499681
0.10861905     0.031159196026441
0.10901985     0.031492034838611
0.10942064     0.031827090786493
0.10982143     0.032164368687591
0.11022223     0.032503873326552
0.11062302     0.032845609455106
0.11102381     0.033189581792007
0.11142461     0.033535795022974
0.11182540     0.033884253800637
0.11222620     0.034234962744475
0.11262699     0.034587926440762
0.11302778     0.034943149442512
0.11342858     0.035300636269420
0.11382937     0.035660391407805
0.11423016     0.036022419310563
0.11463096     0.036386724397104
0.11503175     0.036753311053303
0.11543254     0.037122183631444
0.11583334     0.037493346450168
0.11623413     0.037866803794422
0.11663493     0.038242559915402
0.11703572     0.038620619030507
0.11743651     0.039000985323283
0.11783731     0.039383662943376
0.11823810     0.039768656006481
0.11863889     0.040155968594287
0.11903969     0.040545604754436
0.11944048     0.040937568500468
0.11984127     0.041331863811773
0.12024207     0.041728494633545
0.12064286     0.042127464876735
0.12104365     0.042528778418000
0.12144445     0.042932439099660
0.12184524     0.043338450729649
0.12224604     0.043746817081471
0.12264683     0.044157541894155
0.12304762     0.044570628872207
0.12344842     0.044986081685570
0.12384921     0.045403903969574
0.12425000     0.045824099324899
0.12465080     0.046246671317527
0.12505159     0.046671623478700
0.12545238     0.047098959304883
0.12585318     0.047528682257711
0.12625397     0.047960795763958
0.12665477     0.048395303215492
0.12705556     0.048832207969232
0.12745635     0.049271513347114
0.12785715     0.049713222636046
0.12825794     0.050157339087869
0.12865873     0.050603865919320
0.12905953     0.051052806311995
0.12946032     0.051504163412307
0.12986111     0.051957940331450
0.13026191     0.052414140145362
0.13066270     0.052872765894692
0.13106350     0.053333820584756
0.13146429     0.053797307185505
0.13186508     0.054263228631494
0.13226588     0.054731587821839
0.13266667     0.055202387620187
0.13306746     0.055675630854681
0.13346826     0.056151320317925
0.13386905     0.056629458766953
0.13426984     0.057110048923195
0.13467064     0.057593093472442
0.13507143     0.058078595064817
0.13547223     0.058566556314743
0.13587302     0.059056979800910
0.13627381     0.059549868066244
0.13667461     0.060045223617881
0.13707540     0.060543048927128
0.13747619     0.061043346429445
0.13787699     0.061546118524403
0.13827778     0.062051367575668
0.13867857     0.062559095910960
0.13907937     0.063069305822037
0.13948016     0.063581999564656
0.13988096     0.064097179358556
0.14028175     0.064614847387423
0.14068254     0.065135005798869
0.14108334     0.065657656704403
0.14148413     0.066182802179407
0.14188492     0.066710444263110
0.14228572     0.067240584958564
0.14268651     0.067773226232617
0.14308730     0.068308370015893
0.14348810     0.068846018202765
0.14388889     0.069386172651335
0.14428969     0.069928835183407
0.14469048     0.070474007584470
0.14509127     0.071021691603668
0.14549207     0.071571888953789
0.14589286     0.072124601311236
0.14629365     0.072679830316006
0.14669445     0.073237577571675
0.14709524     0.073797844645374
0.14749603     0.074360633067770
0.14789683     0.074925944333047
0.14829762     0.075493779898889
0.14869842     0.076064141186456
0.14909921     0.076637029580374
0.14950000     0.077212446428712
0.14990080     0.077790393042964
0.15030159     0.078370870698035
0.15070238     0.078953880632227
0.15110318     0.079539424047215
0.15150397     0.080127502108038
0.15190476     0.080718115943082
0.15230556     0.081311266644064
0.15270635     0.081906955266021
0.15310715     0.082505182827290
0.15350794     0.083105950309499
0.15390873     0.083709258657553
0.15430953     0.084315108779621
0.15471032     0.084923501547121
0.15511111     0.085534437794712
0.15551191     0.086147918320281
0.15591270     0.086763943884928
0.15631349     0.087382515212962
0.15671429     0.088003632991884
0.15711508     0.088627297872381
0.15751588     0.089253510468314
0.15791667     0.089882271356711
0.15831746     0.090513581077757
0.15871826     0.091147440134783
0.15911905     0.091783848994264
0.15951984     0.092422808085804
0.15992064     0.093064317802136
0.16032143     0.093708378499108
0.16072222     0.094354990495683
0.16112302     0.095004154073929
0.16152381     0.095655869479013
0.16192461     0.096310136919201
0.16232540     0.096966956565846
0.16272619     0.097626328553388
0.16312699     0.098288252979349
0.16352778     0.098952729904332
0.16392857     0.099619759352010
0.16432937     0.100289341309134
0.16473016     0.100961475725521
0.16513095     0.101636162514060
0.16553175     0.102313401550704
0.16593254     0.102993192674474
0.16633334     0.103675535687454
0.16673413     0.104360430354794
0.16713492     0.105047876404709
0.16753572     0.105737873528481
0.16793651     0.106430421380456
0.16833730     0.107125519578051
0.16873810     0.107823167701752
0.16913889     0.108523365295117
0.16953968     0.109226111864779
0.16994048     0.109931406880453
0.17034127     0.110639249774932
0.17074207     0.111349639944098
0.17114286     0.112062576746921
0.17154365     0.112778059505470
0.17194445     0.113496087504914
0.17234524     0.114216659993530
0.17274603     0.114939776182707
0.17314683     0.115665435246953
0.17354762     0.116393636323909
0.17394841     0.117124378514344
0.17434921     0.117857660882177
0.17475000     0.118593482454476
0.17515079     0.119331842221468
0.17555159     0.120072739136555
0.17595238     0.120816172116317
0.17635318     0.121562140040525
0.17675397     0.122310641752154
0.17715476     0.123061676057392
0.17755556     0.123815241725651
0.17795635     0.124571337489583
0.17835714     0.125329962045089
0.17875794     0.126091114051337
0.17915873     0.126854792130771
0.17955952     0.127620994869128
0.17996032     0.128389720815453
0.18036111     0.129160968482114
0.18076191     0.129934736344816
0.18116270     0.130711022842621
0.18156349     0.131489826377965
0.18196429     0.132271145316668
0.18236508     0.133054977987962
0.18276587     0.133841322684504
0.18316667     0.134630177662397
0.18356746     0.135421541141205
0.18396825     0.136215411303981
0.18436905     0.137011786297280
0.18476984     0.137810664231185
0.18517064     0.138612043179328
0.18557143     0.139415921178909
0.18597222     0.140222296230723
0.18637302     0.141031166299181
0.18677381     0.141842529312334
0.18717460     0.142656383161900
0.18757540     0.143472725703284
0.18797619     0.144291554755610
0.18837698     0.145112868101742
0.18877778     0.145936663488313
0.18917857     0.146762938625753
0.18957937     0.147591691188315
0.18998016     0.148422918814107
0.19038095     0.149256619105117
0.19078175     0.150092789627245
0.19118254     0.150931427910336
0.19158333     0.151772531448204
0.19198413     0.152616097698672
0.19238492     0.153462124083599
0.19278571     0.154310607988913
0.19318651     0.155161546764648
0.19358730     0.156014937724975
0.19398810     0.156870778148239
0.19438889     0.157729065276992
0.19478968     0.158589796318031
0.19519048     0.159452968442438
0.19559127     0.160318578785609
0.19599206     0.161186624447300
0.19639286     0.162057102491666
0.19679365     0.162930009947293
0.19719444     0.163805343807246
0.19759524     0.164683101029107
0.19799603     0.165563278535017
0.19839683     0.166445873211718
0.19879762     0.167330881910598
0.19919841     0.168218301447730
0.19959921     0.169108128603924
0.20000000     0.170000360124766
0.00000398     0.000000069182918
0.00040477     0.000000001708928
0.00080557     0.000000013470052
0.00120636     0.000000045237172
0.00160715     0.000000106963232
0.00200795     0.000000208600857
0.00240874     0.000000360102066
0.00280953     0.000000571418102
0.00321033     0.000000852499140
0.00361112     0.000001213294336
0.00401192     0.000001663751520
0.00441271     0.000002213817118
0.00481350     0.000002873435956
0.00521430     0.000003652551096
0.00561509     0.000004561103694
0.00601588     0.000005609032834
0.00641668     0.000006806275356
0.00681747     0.000008162765754
0.00721826     0.000009688435918
0.00761906     0.000011393215084
0.00801985     0.000013287029584
0.00842065     0.000015379802752
0.00882144     0.000017681454707
0.00922223     0.000020201902276
0.00962303     0.000022951058755
0.01002382     0.000025938833771
0.01042461     0.000029175133172
0.01082541     0.000032669858810
0.01122620     0.000036432908400
0.01162699     0.000040474175380
0.01202779     0.000044803548739
0.01242858     0.000049430912860
0.01282938     0.000054366147362
0.01323017     0.000059619126947
0.01363096     0.000065199721235
0.01403176     0.000071117794611
0.01443255     0.000077383206071
0.01483334     0.000084005809068
0.01523414     0.000090995451343
0.01563493     0.000098361974782
0.01603572     0.000106115215232
0.01643652     0.000114265002388
0.01683731     0.000122821159613
0.01723810     0.000131793503763
0.01763890     0.000141191845072
0.01803969     0.000151025986966
0.01844049     0.000161305725920
0.01884128     0.000172040851290
0.01924207     0.000183241145179
0.01964287     0.000194916382264
0.02004366     0.000207076329647
0.02044445     0.000219730746703
0.02084525     0.000232889384921
0.02124604     0.000246561987747
0.02164683     0.000260758290447
0.02204763     0.000275488019929
0.02244842     0.000290760894606
0.02284922     0.000306586624236
0.02325001     0.000322974909769
0.02365080     0.000339935443199
0.02405160     0.000357477907407
0.02445239     0.000375611976002
0.02485318     0.000394347313183
0.02525398     0.000413693573576
0.02565477     0.000433660402081
0.02605556     0.000454257433737
0.02645636     0.000475494293540
0.02685715     0.000497380596326
0.02725795     0.000519925946595
0.02765874     0.000543139938371
0.02805953     0.000567032155053
0.02846033     0.000591612169255
0.02886112     0.000616889542663
0.02926191     0.000642873825891
0.02966271     0.000669574558325
0.03006350     0.000697001267965
0.03046429     0.000725163471293
0.03086509     0.000754070673117
0.03126588     0.000783732366420
0.03166668     0.000814158032210
0.03206747     0.000845357139387
0.03246826     0.000877339144581
0.03286906     0.000910113492000
0.03326985     0.000943689613301
0.03367064     0.000978076927436
0.03407144     0.001013284840499
0.03447223     0.001049322745586
0.03487302     0.001086200022651
0.03527382     0.001123926038357
0.03567461     0.001162510145933
0.03607541     0.001201961685023
0.03647620     0.001242289981557
0.03687699     0.001283504347584
0.03727779     0.001325614081158
0.03767858     0.001368628466161
0.03807937     0.001412556772184
0.03848017     0.001457408254379
0.03888096     0.001503192153311
0.03928175     0.001549917694820
0.03968255     0.001597594089881
0.04008334     0.001646230534456
0.04048414     0.001695836209362
0.04088493     0.001746420280119
0.04128572     0.001797991896824
0.04168652     0.001850560193998
0.04208731     0.001904134290450
0.04248810     0.001958723289144
0.04288890     0.002014336277056
0.04328969     0.002070982325028
0.04369048     0.002128670487643
0.04409128     0.002187409803081
0.04449207     0.002247209292975
0.04489287     0.002308077962288
0.04529366     0.002370024799164
0.04569445     0.002433058774798
0.04609525     0.002497188843298
0.04649604     0.002562423941553
0.04689683     0.002628772989093
0.04729763     0.002696244887955
0.04769842     0.002764848522550
0.04809921     0.002834592759533
0.04850001     0.002905486447662
0.04890080     0.002977538417668
0.04930160     0.003050757482127
0.04970239     0.003125152435317
0.05010318     0.003200732053100
0.05050398     0.003277505092776
0.05090477     0.003355480292962
0.05130556     0.003434666373461
0.05170636     0.003515072035123
0.05210715     0.003596705959727
0.05250794     0.003679576809844
0.05290874     0.003763693228706
0.05330953     0.003849063840087
0.05371033     0.003935697248166
0.05411112     0.004023602037403
0.05451191     0.004112786772411
0.05491271     0.004203259997829
0.05531350     0.004295030238199
0.05571429     0.004388105997831
0.05611509     0.004482495760692
0.05651588     0.004578207990261
0.05691667     0.004675251129426
0.05731747     0.004773633600346
0.05771826     0.004873363804330
0.05811906     0.004974450121714
0.05851985     0.005076900911740
0.05892064     0.005180724512433
0.05932144     0.005285929240474
0.05972223     0.005392523391090
0.06012302     0.005500515237918
0.06052382     0.005609913032897
0.06092461     0.005720725006143
0.06132540     0.005832959365828
0.06172620     0.005946624298060
0.06212699     0.006061727966772
0.06252779     0.006178278513594
0.06292858     0.006296284057741
0.06332937     0.006415752695891
0.06373017     0.006536692502076
0.06413096     0.006659111527559
0.06453175     0.006783017800717
0.06493255     0.006908419326932
0.06533334     0.007035324088470
0.06573413     0.007163740044371
0.06613493     0.007293675130332
0.06653572     0.007425137258593
0.06693652     0.007558134317827
0.06733731     0.007692674173024
0.06773810     0.007828764665383
0.06813890     0.007966413612195
0.06853969     0.008105628806737
0.06894048     0.008246418018158
0.06934128     0.008388788991371
0.06974207     0.008532749446941
0.07014286     0.008678307080976
0.07054366     0.008825469565023
0.07094445     0.008974244545953
0.07134524     0.009124639645856
0.07174604     0.009276662461937
0.07214683     0.009430320566404
0.07254763     0.009585621506366
0.07294842     0.009742572803721
0.07334921     0.009901181955061
0.07375001     0.010061456431556
0.07415080     0.010223403678860
0.07455159     0.010387031116997
0.07495239     0.010552346140266
0.07535318     0.010719356117134
0.07575397     0.010888068390137
0.07615477     0.011058490275773
0.07655556     0.011230629064404
0.07695636     0.011404492020156
0.07735715     0.011580086380820
0.07775794     0.011757419357743
0.07815874     0.011936498135741
0.07855953     0.012117329872994
0.07896032     0.012299921700946
0.07936112     0.012484280724212
0.07976191     0.012670414020478
0.08016270     0.012858328640402
0.08056350     0.013048031607522
0.08096429     0.013239529918161
0.08136509     0.013432830541322
0.08176588     0.013627940418609
0.08216667     0.013824866464116
0.08256747     0.014023615564347
0.08296826     0.014224194578116
0.08336905     0.014426610336453
0.08376985     0.014630869642513
0.08417064     0.014836979271491
0.08457143     0.015044945970519
0.08497223     0.015254776458584
0.08537302     0.015466477426436
0.08577382     0.015680055536495
0.08617461     0.015895517422764
0.08657540     0.016112869690740
0.08697620     0.016332118917331
0.08737699     0.016553271650757
0.08777778     0.016776334410471
0.08817858     0.017001313687072
0.08857937     0.017228215942218
0.08898016     0.017457047608535
0.08938096     0.017687815089541
0.08978175     0.017920524759553
0.09018255     0.018155182963610
0.09058334     0.018391796017384
0.09098413     0.018630370207098
0.09138493     0.018870911789445
0.09178572     0.019113426991505
0.09218651     0.019357922010661
0.09258731     0.019604403014522
0.09298810     0.019852876140840
0.09338889     0.020103347497430
0.09378969     0.020355823162089
0.09419048     0.020610309182521
0.09459128     0.020866811576252
0.09499207     0.021125336330559
0.09539286     0.021385889402388
0.09579366     0.021648476718274
0.09619445     0.021913104174274
0.09659524     0.022179777635879
0.09699604     0.022448502937949
0.09739683     0.022719285884630
0.09779762     0.022992132249282
0.09819842     0.023267047774407
0.09859921     0.023544038171572
0.09900001     0.023823109121339
0.09940080     0.024104266273189
0.09980159     0.024387515245450
0.10020239     0.024672861625229
0.10060318     0.024960310968339
0.10100397     0.025249868799225
0.10140477     0.025541540610900
0.10180556     0.025835331864866
0.10220635     0.026131247991058
0.10260715     0.026429294387760
0.10300794     0.026729476421553
0.10340874     0.027031799427229
0.10380953     0.027336268707743
0.10421032     0.027642889534128
0.10461112     0.027951667145444
0.10501191     0.028262606748701
0.10541270     0.028575713518801
0.10581350     0.028890992598467
0.10621429     0.029208449098184
0.10661508     0.029528088096135
0.10701588     0.029849914638130
0.10741667     0.030173933737552
0.10781747     0.030500150375291
0.10821826     0.030828569499681
0.10861905     0.031159196026441
0.10901985     0.031492034838611
0.10942064     0.031827090786493
0.10982143     0.032164368687591
0.11022223     0.032503873326552
0.11062302     0.032845609455106
0.11102381     0.033189581792007
0.11142461     0.033535795022974
0.11182540     0.033884253800637
0.11222620     0.034234962744475
0.11262699     0.034587926440762
0.11302778     0.034943149442512
0.11342858     0.035300636269420
0.11382937     0.035660391407805
0.11423016     0.036022419310563
0.11463096     0.036386724397104
0.11503175     0.036753311053303
0.11543254     0.037122183631444
0.11583334     0.037493346450168
0.11623413     0.037866803794422
0.11663493     0.038242559915402
0.11703572     0.038620619030507
0.11743651     0.039000985323283
0.11783731     0.039383662943376
0.11823810     0.039768656006481
0.11863889     0.040155968594287
0.11903969     0.040545604754436
0.11944048     0.040937568500468
0.11984127     0.041331863811773
0.12024207     0.041728494633545
0.12064286     0.042127464876735
0.12104365     0.042528778418000
0.12144445     0.042932439099660
0.12184524     0.043338450729649
0.12224604     0.043746817081471
0.12264683     0.044157541894155
0.12304762     0.044570628872207
0.12344842     0.044986081685570
0.12384921     0.045403903969574
0.12425000     0.045824099324899
0.12465080     0.046246671317527
0.12505159     0.046671623478700
0.12545238     0.047098959304883
0.12585318     0.047528682257711
0.12625397     0.047960795763958
0.12665477     0.048395303215492
0.12705556     0.048832207969232
0.12745635     0.049271513347114
0.12785715     0.049713222636046
0.12825794     0.050157339087869
0.12865873     0.050603865919320
0.12905953     0.051052806311995
0.12946032     0.051504163412307
0.12986111     0.051957940331450
0.13026191     0.052414140145362
0.13066270     0.052872765894692
0.13106350     0.053333820584756
0.13146429     0.053797307185505
0.13186508     0.054263228631494
0.13226588     0.054731587821839
0.13266667     0.055202387620187
0.13306746     0.055675630854681
0.13346826     0.056151320317925
0.13386905     0.056629458766953
0.13426984     0.057110048923195
0.13467064     0.057593093472442
0.13507143     0.058078595064817
0.13547223     0.058566556314743
0.13587302     0.059056979800910
0.13627381     0.059549868066244
0.13667461     0.060045223617881
0.13707540     0.060543048927128
0.13747619     0.061043346429445
0.13787699     0.061546118524403
0.13827778     0.062051367575668
0.13867857     0.062559095910960
0.13907937     0.063069305822037
0.13948016     0.063581999564656
0.13988096     0.064097179358556
0.14028175     0.064614847387423
0.14068254     0.065135005798869
0.14108334     0.065657656704403
0.14148413     0.066182802179407
0.14188492     0.066710444263110
0.14228572     0.067240584958564
0.14268651     0.067773226232617
0.14308730     0.068308370015893
0.14348810     0.068846018202765
0.14388889     0.069386172651335
0.14428969     0.069928835183407
0.14469048     0.070474007584470
0.14509127     0.071021691603668
0.14549207     0.071571888953789
0.14589286     0.072124601311236
0.14629365     0.072679830316006
0.14669445     0.073237577571675
0.14709524     0.073797844645374
0.14749603     0.074360633067770
0.14789683     0.074925944333047
0.14829762     0.075493779898889
0.14869842     0.076064141186456
0.14909921     0.076637029580374
0.14950000     0.077212446428712
0.14990080     0.077790393042964
0.15030159     0.078370870698035
0.15070238     0.078953880632227
0.15110318     0.079539424047215
0.15150397     0.080127502108038
0.15190476     0.080718115943082
0.15230556     0.081311266644064
0.15270635     0.081906955266021
0.15310715     0.082505182827290
0.15350794     0.083105950309499
0.15390873     0.083709258657553
0.15430953     0.084315108779621
0.15471032     0.084923501547121
0.15511111     0.085534437794712
0.15551191     0.086147918320281
0.15591270     0.086763943884928
0.15631349     0.087382515212962
0.15671429     0.088003632991884
0.15711508     0.088627297872381
0.15751588     0.089253510468314
0.15791667     0.089882271356711
0.15831746     0.090513581077757
0.15871826     0.091147440134783
0.15911905     0.091783848994264
0.15951984     0.092422808085804
0.15992064     0.093064317802136
0.16032143     0.093708378499108
0.16072222     0.094354990495683
0.16112302     0.095004154073929
0.16152381     0.095655869479013
0.16192461     0.096310136919201
0.16232540     0.096966956565846
0.16272619     0.097626328553388
0.16312699     0.098288252979349
0.16352778     0.098952729904332
0.16392857     0.099619759352010
0.16432937     0.100289341309134
0.16473016     0.100961475725521
0.16513095     0.101636162514060
0.16553175     0.102313401550704
0.16593254     0.102993192674474
0.16633334     0.103675535687454
0.16673413     0.104360430354794
0.16713492     0.105047876404709
0.16753572     0.105737873528481
0.16793651     0.106430421380456
0.16833730     0.107125519578051
0.16873810     0.107823167701752
0.16913889     0.108523365295117
0.16953968     0.109226111864779
0.16994048     0.109931406880453
0.17034127     0.110639249774932
0.17074207     0.111349639944098
0.17114286     0.112062576746921
0.17154365     0.112778059505470
0.17194445     0.113496087504914
0.17234524     0.114216659993530
0.17274603     0.114939776182707
0.17314683     0.115665435246953
0.17354762     0.116393636323909
0.17394841     0.117124378514344
0.17434921     0.117857660882177
0.17475000     0.118593482454476
0.17515079     0.119331842221468
0.17555159     0.120072739136555
0.17595238     0.120816172116317
0.17635318     0.121562140040525
0.17675397     0.122310641752154
0.17715476     0.123061676057392
0.17755556     0.123815241725651
0.17795635     0.124571337489583
0.17835714     0.125329962045089
0.17875794     0.126091114051337
0.17915873     0.126854792130771
0.17955952     0.127620994869128
0.17996032     0.128389720815453
0.18036111     0.129160968482114
0.18076191     0.129934736344816
0.18116270     0.130711022842621
0.18156349     0.131489826377965
0.18196429     0.132271145316668
0.18236508     0.133054977987962
0.18276587     0.133841322684504
0.18316667     0.134630177662397
0.18356746     0.135421541141205
0.18396825     0.136215411303981
0.18436905     0.137011786297280
0.18476984     0.137810664231185
0.18517064     0.138612043179328
0.18557143     0.139415921178909
0.18597222     0.140222296230723
0.18637302     0.141031166299181
0.18677381     0.141842529312334
0.18717460     0.142656383161900
0.18757540     0.143472725703284
0.18797619     0.144291554755610
0.18837698     0.145112868101742
0.18877778     0.145936663488313
0.18917857     0.146762938625753
0.18957937     0.147591691188315
0.18998016     0.148422918814107
0.19038095     0.149256619105117
0.19078175     0.150092789627245
0.19118254     0.150931427910336
0.19158333     0.151772531448204
0.19198413     0.152616097698672
0.19238492     0.153462124083599
0.19278571     0.154310607988913
0.19318651     0.155161546764648
0.19358730     0.156014937724975
0.19398810     0.156870778148239
0.19438889     0.157729065276992
0.19478968     0.158589796318031
0.19519048     0.159452968442438
0.19559127     0.160318578785609
0.19599206     0.161186624447300
0.19639286     0.162057102491666
0.19679365     0.162930009947293
0.19719444     0.163805343807246
0.19759524     0.164683101029107
0.19799603     0.165563278535017
0.19839683     0.166445873211718
0.19879762     0.167330881910598
0.19919841     0.168218301447730
0.19959921     0.169108128603924
0.20000000     0.170000360124766
