0.00000398     0.000000000084943
0.00040477     0.000000839031060
0.00080557     0.000003323216701
0.00120636     0.000007452639317
0.00160715     0.000013227305024
0.00200795     0.000020647219919
0.00240874     0.000029712393058
0.00280953     0.000040422834734
0.00321033     0.000052778557349
0.00361112     0.000066779575217
0.00401192     0.000082425904681
0.00441271     0.000099717563786
0.00481350     0.000118654572588
0.00521430     0.000139236953154
0.00561509     0.000161464729119
0.00601588     0.000185337926373
0.00641668     0.000210856572531
0.00681747     0.000238020697117
0.00721826     0.000266830331576
0.00761906     0.000297285509121
0.00801985     0.000329386265066
0.00842065     0.000363132636366
0.00882144     0.000398524662094
0.00922223     0.000435562383076
0.00962303     0.000474245841892
0.01002382     0.000514575083244
0.01042461     0.000556550153495
0.01082541     0.000600171101010
0.01122620     0.000645437975878
0.01162699     0.000692350830185
0.01202779     0.000740909717760
0.01242858     0.000791114694326
0.01282938     0.000842965817409
0.01323017     0.000896463146446
0.01363096     0.000951606742629
0.01403176     0.001008396668967
0.01443255     0.001066832990395
0.01483334     0.001126915773574
0.01523414     0.001188645086981
0.01563493     0.001252021000939
0.01603572     0.001317043587540
0.01643652     0.001383712920658
0.01683731     0.001452029076038
0.01723810     0.001521992131068
0.01763890     0.001593602165017
0.01803969     0.001666859258901
0.01844049     0.001741763495471
0.01884128     0.001818314959255
0.01924207     0.001896513736520
0.01964287     0.001976359915298
0.02004366     0.002057853585316
0.02044445     0.002140994838035
0.02084525     0.002225783766658
0.02124604     0.002312220466085
0.02164683     0.002400305032927
0.02204763     0.002490037565471
0.02244842     0.002581418163684
0.02284922     0.002674446929264
0.02325001     0.002769123965524
0.02365080     0.002865449377456
0.02405160     0.002963423271709
0.02445239     0.003063045756571
0.02485318     0.003164316941964
0.02525398     0.003267236939443
0.02565477     0.003371805862155
0.02605556     0.003478023824864
0.02645636     0.003585890943981
0.02685715     0.003695407337405
0.02725795     0.003806573124653
0.02765874     0.003919388426872
0.02805953     0.004033853366671
0.02846033     0.004149968068236
0.02886112     0.004267732657303
0.02926191     0.004387147261135
0.02966271     0.004508212008481
0.03006350     0.004630927029581
0.03046429     0.004755292456225
0.03086509     0.004881308421628
0.03126588     0.005008975060476
0.03166668     0.005138292508928
0.03206747     0.005269260904568
0.03246826     0.005401880386436
0.03286906     0.005536151094967
0.03326985     0.005672073172013
0.03367064     0.005809646760815
0.03407144     0.005948872006000
0.03447223     0.006089749053554
0.03487302     0.006232278050816
0.03527382     0.006376459146493
0.03567461     0.006522292490593
0.03607541     0.006669778234443
0.03647620     0.006818916530690
0.03687699     0.006969707533229
0.03727779     0.007122151397273
0.03767858     0.007276248279273
0.03807937     0.007431998336916
0.03848017     0.007589401729135
0.03888096     0.007748458616076
0.03928175     0.007909169159081
0.03968255     0.008071533520695
0.04008334     0.008235551864593
0.04048414     0.008401224355652
0.04088493     0.008568551159867
0.04128572     0.008737532444370
0.04168652     0.008908168377370
0.04208731     0.009080459128225
0.04248810     0.009254404867318
0.04288890     0.009430005766116
0.04328969     0.009607261997136
0.04369048     0.009786173733904
0.04409128     0.009966741150994
0.04449207     0.010148964423928
0.04489287     0.010332843729235
0.04529366     0.010518379244402
0.04569445     0.010705571147850
0.04609525     0.010894419618947
0.04649604     0.011084924837942
0.04689683     0.011277086985990
0.04729763     0.011470906245125
0.04769842     0.011666382798214
0.04809921     0.011863516828979
0.04850001     0.012062308521963
0.04890080     0.012262758062497
0.04930160     0.012464865636695
0.04970239     0.012668631431430
0.05010318     0.012874055634328
0.05050398     0.013081138433728
0.05090477     0.013289880018696
0.05130556     0.013500280578954
0.05170636     0.013712340304893
0.05210715     0.013926059387578
0.05250794     0.014141438018671
0.05290874     0.014358476390442
0.05330953     0.014577174695754
0.05371033     0.014797533128048
0.05411112     0.015019551881274
0.05451191     0.015243231149944
0.05491271     0.015468571129044
0.05531350     0.015695572014045
0.05571429     0.015924234000904
0.05611509     0.016154557285980
0.05651588     0.016386542066079
0.05691667     0.016620188538381
0.05731747     0.016855496900456
0.05771826     0.017092467350209
0.05811906     0.017331100085895
0.05851985     0.017571395306055
0.05892064     0.017813353209537
0.05932144     0.018056973995425
0.05972223     0.018302257863070
0.06012302     0.018549205012007
0.06052382     0.018797815641990
0.06092461     0.019048089952941
0.06132540     0.019300028144915
0.06172620     0.019553630418093
0.06212699     0.019808896972762
0.06252779     0.020065828009278
0.06292858     0.020324423728055
0.06332937     0.020584684329527
0.06373017     0.020846610014121
0.06413096     0.021110200982269
0.06453175     0.021375457434326
0.06493255     0.021642379570599
0.06533334     0.021910967591272
0.06573413     0.022181221696439
0.06613493     0.022453142086029
0.06653572     0.022726728959781
0.06693652     0.023001982517275
0.06733731     0.023278902957833
0.06773810     0.023557490480539
0.06813890     0.023837745284201
0.06853969     0.024119667567331
0.06894048     0.024403257528103
0.06934128     0.024688515364326
0.06974207     0.024975441273448
0.07014286     0.025264035452486
0.07054366     0.025554298098039
0.07094445     0.025846229406233
0.07134524     0.026139829572701
0.07174604     0.026435098792569
0.07214683     0.026732037260404
0.07254763     0.027030645170198
0.07294842     0.027330922715357
0.07334921     0.027632870088641
0.07375001     0.027936487482156
0.07415080     0.028241775087327
0.07455159     0.028548733094843
0.07495239     0.028857361694686
0.07535318     0.029167661076026
0.07575397     0.029479631427256
0.07615477     0.029793272935932
0.07655556     0.030108585788739
0.07695636     0.030425570171477
0.07735715     0.030744226269041
0.07775794     0.031064554265345
0.07815874     0.031386554343356
0.07855953     0.031710226685009
0.07896032     0.032035571471214
0.07936112     0.032362588881799
0.07976191     0.032691279095485
0.08016270     0.033021642289884
0.08056350     0.033353678641421
0.08096429     0.033687388325349
0.08136509     0.034022771515674
0.08176588     0.034359828385167
0.08216667     0.034698559105290
0.08256747     0.035038963846202
0.08296826     0.035381042776706
0.08336905     0.035724796064217
0.08376985     0.036070223874738
0.08417064     0.036417326372835
0.08457143     0.036766103721572
0.08497223     0.037116556082522
0.08537302     0.037468683615698
0.08577382     0.037822486479549
0.08617461     0.038177964830901
0.08657540     0.038535118824943
0.08697620     0.038893948615189
0.08737699     0.039254454353432
0.08777778     0.039616636189732
0.08817858     0.039980494272376
0.08857937     0.040346028747816
0.08898016     0.040713239760686
0.08938096     0.041082127453718
0.08978175     0.041452691967757
0.09018255     0.041824933441680
0.09058334     0.042198852012374
0.09098413     0.042574447814738
0.09138493     0.042951720981595
0.09178572     0.043330671643689
0.09218651     0.043711299929641
0.09258731     0.044093605965919
0.09298810     0.044477589876799
0.09338889     0.044863251784317
0.09378969     0.045250591808257
0.09419048     0.045639610066113
0.09459128     0.046030306673015
0.09499207     0.046422681741755
0.09539286     0.046816735382695
0.09579366     0.047212467703760
0.09619445     0.047609878810401
0.09659524     0.048008968805545
0.09699604     0.048409737789571
0.09739683     0.048812185860262
0.09779762     0.049216313112783
0.09819842     0.049622119639632
0.09859921     0.050029605530597
0.09900001     0.050438770872745
0.09940080     0.050849615750355
0.09980159     0.051262140244891
0.10020239     0.051676344434973
0.10060318     0.052092228396336
0.10100397     0.052509792201772
0.10140477     0.052929035921131
0.10180556     0.053349959621233
0.10220635     0.053772563365875
0.10260715     0.054196847215778
0.10300794     0.054622811228540
0.10340874     0.055050455458586
0.10380953     0.055479779957166
0.10421032     0.055910784772293
0.10461112     0.056343469948694
0.10501191     0.056777835527795
0.10541270     0.057213881547670
0.10581350     0.057651608042989
0.10621429     0.058091015045006
0.10661508     0.058532102581504
0.10701588     0.058974870676739
0.10741667     0.059419319351439
0.10781747     0.059865448622728
0.10821826     0.060313258504104
0.10861905     0.060762749005397
0.10901985     0.061213920132731
0.10942064     0.061666771888467
0.10982143     0.062121304271180
0.11022223     0.062577517275630
0.11062302     0.063035410892671
0.11102381     0.063494985109280
0.11142461     0.063956239908458
0.11182540     0.064419175269216
0.11222620     0.064883791166533
0.11262699     0.065350087571307
0.11302778     0.065818064450322
0.11342858     0.066287721766202
0.11382937     0.066759059477362
0.11423016     0.067232077537985
0.11463096     0.067706775897969
0.11503175     0.068183154502879
0.11543254     0.068661213293919
0.11583334     0.069140952207881
0.11623413     0.069622371177103
0.11663493     0.070105470129433
0.11703572     0.070590248988188
0.11743651     0.071076707672102
0.11783731     0.071564846095281
0.11823810     0.072054664167182
0.11863889     0.072546161792555
0.11903969     0.073039338871390
0.11944048     0.073534195298902
0.11984127     0.074030730965466
0.12024207     0.074528945756581
0.12064286     0.075028839552833
0.12104365     0.075530412229839
0.12144445     0.076033663658213
0.12184524     0.076538593703525
0.12224604     0.077045202226257
0.12264683     0.077553489081749
0.12304762     0.078063454120171
0.12344842     0.078575097186468
0.12384921     0.079088418120326
0.12425000     0.079603416756120
0.12465080     0.080120092922870
0.12505159     0.080638446444219
0.12545238     0.081158477138349
0.12585318     0.081680184817979
0.12625397     0.082203569290295
0.12665477     0.082728630356909
0.12705556     0.083255367813835
0.12745635     0.083783781451415
0.12785715     0.084313871054296
0.12825794     0.084845636401388
0.12865873     0.085379077265796
0.12905953     0.085914193414812
0.12946032     0.086450984609833
0.12986111     0.086989450606352
0.13026191     0.087529591153882
0.13066270     0.088071405995932
0.13106350     0.088614894869964
0.13146429     0.089160057507336
0.13186508     0.089706893633261
0.13226588     0.090255402966774
0.13266667     0.090805585220679
0.13306746     0.091357440101487
0.13346826     0.091910967309418
0.13386905     0.092466166538310
0.13426984     0.093023037475596
0.13467064     0.093581579802254
0.13507143     0.094141793192766
0.13547223     0.094703677315082
0.13587302     0.095267231830554
0.13627381     0.095832456393903
0.13667461     0.096399350653184
0.13707540     0.096967914249723
0.13747619     0.097538146818086
0.13787699     0.098110047986033
0.13827778     0.098683617374461
0.13867857     0.099258854597378
0.13907937     0.099835759261846
0.13948016     0.100414330967944
0.13988096     0.100994569308718
0.14028175     0.101576473870125
0.14068254     0.102160044231024
0.14108334     0.102745279963091
0.14148413     0.103332180630801
0.14188492     0.103920745791372
0.14228572     0.104510974994726
0.14268651     0.105102867783441
0.14308730     0.105696423692705
0.14348810     0.106291642250280
0.14388889     0.106888522976442
0.14428969     0.107487065383960
0.14469048     0.108087268978030
0.14509127     0.108689133256240
0.14549207     0.109292657708529
0.14589286     0.109897841817135
0.14629365     0.110504685056551
0.14669445     0.111113186893490
0.14709524     0.111723346786839
0.14749603     0.112335164187599
0.14789683     0.112948638538868
0.14829762     0.113563769275773
0.14869842     0.114180555825439
0.14909921     0.114798997606939
0.14950000     0.115419094031255
0.14990080     0.116040844501242
0.15030159     0.116664248411554
0.15070238     0.117289305148640
0.15110318     0.117916014090669
0.15150397     0.118544374607517
0.15190476     0.119174386060679
0.15230556     0.119806047803276
0.15270635     0.120439359179982
0.15310715     0.121074319526981
0.15350794     0.121710928171935
0.15390873     0.122349184433945
0.15430953     0.122989087623478
0.15471032     0.123630637042374
0.15511111     0.124273831983748
0.15551191     0.124918671731989
0.15591270     0.125565155562706
0.15631349     0.126213282742670
0.15671429     0.126863052529786
0.15711508     0.127514464173069
0.15751588     0.128167516912558
0.15791667     0.128822209979305
0.15831746     0.129478542595331
0.15871826     0.130136513973567
0.15911905     0.130796123317847
0.15951984     0.131457369822821
0.15992064     0.132120252673948
0.16032143     0.132784771047438
0.16072222     0.133450924110224
0.16112302     0.134118711019905
0.16152381     0.134788130924717
0.16192461     0.135459182963486
0.16232540     0.136131866265592
0.16272619     0.136806179950923
0.16312699     0.137482123129839
0.16352778     0.138159694903138
0.16392857     0.138838894361995
0.16432937     0.139519720587944
0.16473016     0.140202172652822
0.16513095     0.140886249618754
0.16553175     0.141571950538073
0.16593254     0.142259274453325
0.16633334     0.142948220397197
0.16673413     0.143638787392493
0.16713492     0.144330974452090
0.16753572     0.145024780578909
0.16793651     0.145720204765860
0.16833730     0.146417245995817
0.16873810     0.147115903241579
0.16913889     0.147816175465818
0.16953968     0.148518061621062
0.16994048     0.149221560649640
0.17034127     0.149926671483659
0.17074207     0.150633393044955
0.17114286     0.151341724245061
0.17154365     0.152051663985164
0.17194445     0.152763211156087
0.17234524     0.153476364638229
0.17274603     0.154191123301545
0.17314683     0.154907486005494
0.17354762     0.155625451599026
0.17394841     0.156345018920529
0.17434921     0.157066186797797
0.17475000     0.157788954047996
0.17515079     0.158513319477631
0.17555159     0.159239281882511
0.17595238     0.159966840047708
0.17635318     0.160695992747531
0.17675397     0.161426738745492
0.17715476     0.162159076794255
0.17755556     0.162893005635634
0.17795635     0.163628524000529
0.17835714     0.164365630608911
0.17875794     0.165104324169785
0.17915873     0.165844603381152
0.17955952     0.166586466929985
0.17996032     0.167329913492186
0.18036111     0.168074941732568
0.18076191     0.168821550304815
0.18116270     0.169569737851443
0.18156349     0.170319503003789
0.18196429     0.171070844381964
0.18236508     0.171823760594822
0.18276587     0.172578250239949
0.18316667     0.173334311903600
0.18356746     0.174091944160705
0.18396825     0.174851145574815
0.18436905     0.175611914698073
0.18476984     0.176374250071211
0.18517064     0.177138150223483
0.18557143     0.177903613672673
0.18597222     0.178670638925035
0.18637302     0.179439224475292
0.18677381     0.180209368806594
0.18717460     0.180981070390496
0.18757540     0.181754327686918
0.18797619     0.182529139144146
0.18837698     0.183305503198779
0.18877778     0.184083418275715
0.18917857     0.184862882788122
0.18957937     0.185643895137419
0.18998016     0.186426453713244
0.19038095     0.187210556893431
0.19078175     0.187996203043983
0.19118254     0.188783390519061
0.19158333     0.189572117660937
0.19198413     0.190362382799993
0.19238492     0.191154184254688
0.19278571     0.191947520331535
0.19318651     0.192742389325078
0.19358730     0.193538789517875
0.19398810     0.194336719180469
0.19438889     0.195136176571376
0.19478968     0.195937159937051
0.19519048     0.196739667511880
0.19559127     0.197543697518154
0.19599206     0.198349248166053
0.19639286     0.199156317653611
0.19679365     0.199964904166721
0.19719444     0.200775005879098
0.19759524     0.201586620952268
0.19799603     0.202399747535542
0.19839683     0.203214383766012
0.19879762     0.204030527768521
0.19919841     0.204848177655653
0.19959921     0.205667331527711
0.20000000     0.206487987472702
