0.00000398     0.000000017908579
0.00040477     0.000000144364170
0.00080557     0.000000571800264
0.00120636     0.000001282310388
0.00160715     0.000002275890109
0.00200795     0.000003552529754
0.00240874     0.000005112215142
0.00280953     0.000006954929809
0.00321033     0.000009080654511
0.00361112     0.000011489366832
0.00401192     0.000014181041438
0.00441271     0.000017155650001
0.00481350     0.000020413161253
0.00521430     0.000023953540785
0.00561509     0.000027776751476
0.00601588     0.000031882752987
0.00641668     0.000036271502127
0.00681747     0.000040942952688
0.00721826     0.000045897055430
0.00761906     0.000051133758203
0.00801985     0.000056653005825
0.00842065     0.000062454740122
0.00882144     0.000068538899994
0.00922223     0.000074905421256
0.00962303     0.000081554236803
0.01002382     0.000088485276524
0.01042461     0.000095698467288
0.01082541     0.000103193733018
0.01122620     0.000110970994594
0.01162699     0.000119030169930
0.01202779     0.000127371173924
0.01242858     0.000135993918490
0.01282938     0.000144898312521
0.01323017     0.000154084261928
0.01363096     0.000163551669600
0.01403176     0.000173300435433
0.01443255     0.000183330456308
0.01483334     0.000193641626094
0.01523414     0.000204233835656
0.01563493     0.000215106972835
0.01603572     0.000226260922466
0.01643652     0.000237695566361
0.01683731     0.000249410783314
0.01723810     0.000261406449095
0.01763890     0.000273682436454
0.01803969     0.000286238615105
0.01844049     0.000299074851746
0.01884128     0.000312191010036
0.01924207     0.000325586950604
0.01964287     0.000339262531039
0.02004366     0.000353217605898
0.02044445     0.000367452026687
0.02084525     0.000381965641879
0.02124604     0.000396758296893
0.02164683     0.000411829834103
0.02204763     0.000427180092833
0.02244842     0.000442808909345
0.02284922     0.000458716116850
0.02325001     0.000474901545495
0.02365080     0.000491365022365
0.02405160     0.000508106371482
0.02445239     0.000525125413789
0.02485318     0.000542421967164
0.02525398     0.000559995846407
0.02565477     0.000577846863238
0.02605556     0.000595974826296
0.02645636     0.000614379541132
0.02685715     0.000633060810208
0.02725795     0.000652018432892
0.02765874     0.000671252205460
0.02805953     0.000690761921082
0.02846033     0.000710547369829
0.02886112     0.000730608338663
0.02926191     0.000750944611433
0.02966271     0.000771555968877
0.03006350     0.000792442188611
0.03046429     0.000813603045127
0.03086509     0.000835038309796
0.03126588     0.000856747750853
0.03166668     0.000878731133400
0.03206747     0.000900988219400
0.03246826     0.000923518767672
0.03286906     0.000946322533891
0.03326985     0.000969399270576
0.03367064     0.000992748727090
0.03407144     0.001016370649640
0.03447223     0.001040264781265
0.03487302     0.001064430861833
0.03527382     0.001088868628042
0.03567461     0.001113577813408
0.03607541     0.001138558148265
0.03647620     0.001163809359759
0.03687699     0.001189331171843
0.03727779     0.001215123305271
0.03767858     0.001241185477597
0.03807937     0.001267517403165
0.03848017     0.001294118793108
0.03888096     0.001320989355340
0.03928175     0.001348128794553
0.03968255     0.001375536812210
0.04008334     0.001403213106542
0.04048414     0.001431157372541
0.04088493     0.001459369301953
0.04128572     0.001487848583281
0.04168652     0.001516594901764
0.04208731     0.001545607939388
0.04248810     0.001574887374870
0.04288890     0.001604432883656
0.04328969     0.001634244137915
0.04369048     0.001664320806532
0.04409128     0.001694662555104
0.04449207     0.001725269045933
0.04489287     0.001756139938022
0.04529366     0.001787274887064
0.04569445     0.001818673545444
0.04609525     0.001850335562223
0.04649604     0.001882260583143
0.04689683     0.001914448250609
0.04729763     0.001946898203693
0.04769842     0.001979610078121
0.04809921     0.002012583506271
0.04850001     0.002045818117162
0.04890080     0.002079313536452
0.04930160     0.002113069386429
0.04970239     0.002147085286006
0.05010318     0.002181360850710
0.05050398     0.002215895692681
0.05090477     0.002250689420663
0.05130556     0.002285741639994
0.05170636     0.002321051952607
0.05210715     0.002356619957013
0.05250794     0.002392445248300
0.05290874     0.002428527418128
0.05330953     0.002464866054715
0.05371033     0.002501460742836
0.05411112     0.002538311063812
0.05451191     0.002575416595504
0.05491271     0.002612776912307
0.05531350     0.002650391585139
0.05571429     0.002688260181437
0.05611509     0.002726382265148
0.05651588     0.002764757396722
0.05691667     0.002803385133103
0.05731747     0.002842265027724
0.05771826     0.002881396630493
0.05811906     0.002920779487794
0.05851985     0.002960413142473
0.05892064     0.003000297133830
0.05932144     0.003040430997616
0.05972223     0.003080814266019
0.06012302     0.003121446467657
0.06052382     0.003162327127575
0.06092461     0.003203455767230
0.06132540     0.003244831904486
0.06172620     0.003286455053604
0.06212699     0.003328324725240
0.06252779     0.003370440426423
0.06292858     0.003412801660561
0.06332937     0.003455407927422
0.06373017     0.003498258723132
0.06413096     0.003541353540160
0.06453175     0.003584691867318
0.06493255     0.003628273189741
0.06533334     0.003672096988886
0.06573413     0.003716162742522
0.06613493     0.003760469924718
0.06653572     0.003805018005837
0.06693652     0.003849806452522
0.06733731     0.003894834727695
0.06773810     0.003940102290539
0.06813890     0.003985608596493
0.06853969     0.004031353097243
0.06894048     0.004077335240710
0.06934128     0.004123554471043
0.06974207     0.004170010228607
0.07014286     0.004216701949975
0.07054366     0.004263629067917
0.07094445     0.004310791011392
0.07134524     0.004358187205536
0.07174604     0.004405817071653
0.07214683     0.004453680027205
0.07254763     0.004501775485801
0.07294842     0.004550102857189
0.07334921     0.004598661547243
0.07375001     0.004647450957956
0.07415080     0.004696470487425
0.07455159     0.004745719529845
0.07495239     0.004795197475497
0.07535318     0.004844903710736
0.07575397     0.004894837617983
0.07615477     0.004944998575712
0.07655556     0.004995385958442
0.07695636     0.005045999136721
0.07735715     0.005096837477120
0.07775794     0.005147900342222
0.07815874     0.005199187090608
0.07855953     0.005250697076846
0.07896032     0.005302429651486
0.07936112     0.005354384161037
0.07976191     0.005406559947970
0.08016270     0.005458956350693
0.08056350     0.005511572703550
0.08096429     0.005564408336804
0.08136509     0.005617462576626
0.08176588     0.005670734745086
0.08216667     0.005724224160139
0.08256747     0.005777930135612
0.08296826     0.005831851981194
0.08336905     0.005885989002428
0.08376985     0.005940340500690
0.08417064     0.005994905773185
0.08457143     0.006049684112929
0.08497223     0.006104674808741
0.08537302     0.006159877145231
0.08577382     0.006215290402783
0.08617461     0.006270913857547
0.08657540     0.006326746781425
0.08697620     0.006382788442059
0.08737699     0.006439038102817
0.08777778     0.006495495022781
0.08817858     0.006552158456734
0.08857937     0.006609027655151
0.08898016     0.006666101864178
0.08938096     0.006723380325626
0.08978175     0.006780862276955
0.09018255     0.006838546951263
0.09058334     0.006896433577269
0.09098413     0.006954521379303
0.09138493     0.007012809577292
0.09178572     0.007071297386746
0.09218651     0.007129984018744
0.09258731     0.007188868679921
0.09298810     0.007247950572457
0.09338889     0.007307228894057
0.09378969     0.007366702837942
0.09419048     0.007426371592836
0.09459128     0.007486234342949
0.09499207     0.007546290267963
0.09539286     0.007606538543020
0.09579366     0.007666978338706
0.09619445     0.007727608821039
0.09659524     0.007788429151451
0.09699604     0.007849438486777
0.09739683     0.007910635979239
0.09779762     0.007972020776432
0.09819842     0.008033592021309
0.09859921     0.008095348852164
0.09900001     0.008157290402624
0.09940080     0.008219415801624
0.09980159     0.008281724173403
0.10020239     0.008344214637481
0.10060318     0.008406886308644
0.10100397     0.008469738296935
0.10140477     0.008532769707635
0.10180556     0.008595979641245
0.10220635     0.008659367193473
0.10260715     0.008722931455221
0.10300794     0.008786671512565
0.10340874     0.008850586446744
0.10380953     0.008914675334136
0.10421032     0.008978937246253
0.10461112     0.009043371249717
0.10501191     0.009107976406248
0.10541270     0.009172751772645
0.10581350     0.009237696400773
0.10621429     0.009302809337542
0.10661508     0.009368089624897
0.10701588     0.009433536299798
0.10741667     0.009499148394201
0.10781747     0.009564924935045
0.10821826     0.009630864944237
0.10861905     0.009696967438629
0.10901985     0.009763231430007
0.10942064     0.009829655925070
0.10982143     0.009896239925417
0.11022223     0.009962982427523
0.11062302     0.010029882422732
0.11102381     0.010096938897230
0.11142461     0.010164150832032
0.11182540     0.010231517202966
0.11222620     0.010299036980651
0.11262699     0.010366709130483
0.11302778     0.010434532612616
0.11342858     0.010502506381944
0.11382937     0.010570629388082
0.11423016     0.010638900575353
0.11463096     0.010707318882760
0.11503175     0.010775883243978
0.11543254     0.010844592587331
0.11583334     0.010913445835773
0.11623413     0.010982441906871
0.11663493     0.011051579712785
0.11703572     0.011120858160252
0.11743651     0.011190276150565
0.11783731     0.011259832579553
0.11823810     0.011329526337564
0.11863889     0.011399356309447
0.11903969     0.011469321374531
0.11944048     0.011539420406605
0.11984127     0.011609652273899
0.12024207     0.011680015839067
0.12064286     0.011750509959166
0.12104365     0.011821133485633
0.12144445     0.011891885264272
0.12184524     0.011962764135227
0.12224604     0.012033768932968
0.12264683     0.012104898486266
0.12304762     0.012176151618178
0.12344842     0.012247527146020
0.12384921     0.012319023881355
0.12425000     0.012390640629965
0.12465080     0.012462376191834
0.12505159     0.012534229361128
0.12545238     0.012606198926172
0.12585318     0.012678283669429
0.12625397     0.012750482367484
0.12665477     0.012822793791013
0.12705556     0.012895216704775
0.12745635     0.012967749867578
0.12785715     0.013040392032265
0.12825794     0.013113141945692
0.12865873     0.013185998348702
0.12905953     0.013258959976109
0.12946032     0.013332025556671
0.12986111     0.013405193813073
0.13026191     0.013478463461901
0.13066270     0.013551833213621
0.13106350     0.013625301772556
0.13146429     0.013698867836867
0.13186508     0.013772530098526
0.13226588     0.013846287243294
0.13266667     0.013920137950705
0.13306746     0.013994080894031
0.13346826     0.014068114740269
0.13386905     0.014142238150116
0.13426984     0.014216449777943
0.13467064     0.014290748271770
0.13507143     0.014365132273253
0.13547223     0.014439600417646
0.13587302     0.014514151333787
0.13627381     0.014588783644073
0.13667461     0.014663495964432
0.13707540     0.014738286904305
0.13747619     0.014813155066616
0.13787699     0.014888099047750
0.13827778     0.014963117437531
0.13867857     0.015038208819193
0.13907937     0.015113371769359
0.13948016     0.015188604858014
0.13988096     0.015263906648482
0.14028175     0.015339275697399
0.14068254     0.015414710554688
0.14108334     0.015490209763537
0.14148413     0.015565771860368
0.14188492     0.015641395374817
0.14228572     0.015717078829703
0.14268651     0.015792820741009
0.14308730     0.015868619617849
0.14348810     0.015944473962445
0.14388889     0.016020382270102
0.14428969     0.016096343029179
0.14469048     0.016172354721067
0.14509127     0.016248415820155
0.14549207     0.016324524793812
0.14589286     0.016400680102351
0.14629365     0.016476880199012
0.14669445     0.016553123529925
0.14709524     0.016629408534091
0.14749603     0.016705733643345
0.14789683     0.016782097282342
0.14829762     0.016858497868517
0.14869842     0.016934933812060
0.14909921     0.017011403515893
0.14950000     0.017087905375637
0.14990080     0.017164437779586
0.15030159     0.017240999108676
0.15070238     0.017317587736460
0.15110318     0.017394202029076
0.15150397     0.017470840345220
0.15190476     0.017547501036116
0.15230556     0.017624182445488
0.15270635     0.017700882909529
0.15310715     0.017777600756873
0.15350794     0.017854334308563
0.15390873     0.017931081878026
0.15430953     0.018007841771037
0.15471032     0.018084612285694
0.15511111     0.018161391712383
0.15551191     0.018238178333751
0.15591270     0.018314970424676
0.15631349     0.018391766252234
0.15671429     0.018468564075666
0.15711508     0.018545362146354
0.15751588     0.018622158707780
0.15791667     0.018698951995506
0.15831746     0.018775740237132
0.15871826     0.018852521652270
0.15911905     0.018929294452510
0.15951984     0.019006056841389
0.15992064     0.019082807014360
0.16032143     0.019159543158754
0.16072222     0.019236263453753
0.16112302     0.019312966070358
0.16152381     0.019389649171348
0.16192461     0.019466310911258
0.16232540     0.019542949436335
0.16272619     0.019619562884512
0.16312699     0.019696149385372
0.16352778     0.019772707060112
0.16392857     0.019849234021513
0.16432937     0.019925728373901
0.16473016     0.020002188213118
0.16513095     0.020078611626481
0.16553175     0.020154996692754
0.16593254     0.020231341482108
0.16633334     0.020307644056087
0.16673413     0.020383902467575
0.16713492     0.020460114760755
0.16753572     0.020536278971082
0.16793651     0.020612393125236
0.16833730     0.020688455241096
0.16873810     0.020764463327695
0.16913889     0.020840415385193
0.16953968     0.020916309404831
0.16994048     0.020992143368898
0.17034127     0.021067915250694
0.17074207     0.021143623014494
0.17114286     0.021219264615507
0.17154365     0.021294837999840
0.17194445     0.021370341104459
0.17234524     0.021445771857153
0.17274603     0.021521128176494
0.17314683     0.021596407971796
0.17354762     0.021671609143083
0.17394841     0.021746729581042
0.17434921     0.021821767166987
0.17475000     0.021896719772821
0.17515079     0.021971585260994
0.17555159     0.022046361484463
0.17595238     0.022121046286653
0.17635318     0.022195637501416
0.17675397     0.022270132952989
0.17715476     0.022344530455958
0.17755556     0.022418827815208
0.17795635     0.022493022825890
0.17835714     0.022567113273374
0.17875794     0.022641096933212
0.17915873     0.022714971571089
0.17955952     0.022788734942787
0.17996032     0.022862384794141
0.18036111     0.022935918860990
0.18076191     0.023009334869144
0.18116270     0.023082630534333
0.18156349     0.023155803562168
0.18196429     0.023228851648092
0.18236508     0.023301772477340
0.18276587     0.023374563724892
0.18316667     0.023447223055431
0.18356746     0.023519748123298
0.18396825     0.023592136572441
0.18436905     0.023664386036379
0.18476984     0.023736494138146
0.18517064     0.023808458490254
0.18557143     0.023880276694641
0.18597222     0.023951946342626
0.18637302     0.024023465014862
0.18677381     0.024094830281290
0.18717460     0.024166039701090
0.18757540     0.024237090822633
0.18797619     0.024307981183435
0.18837698     0.024378708310108
0.18877778     0.024449269718307
0.18917857     0.024519662912690
0.18957937     0.024589885386860
0.18998016     0.024659934623321
0.19038095     0.024729808093425
0.19078175     0.024799503257324
0.19118254     0.024869017563918
0.19158333     0.024938348450806
0.19198413     0.025007493344233
0.19238492     0.025076449659038
0.19278571     0.025145214798606
0.19318651     0.025213786154812
0.19358730     0.025282161107973
0.19398810     0.025350337026787
0.19438889     0.025418311268292
0.19478968     0.025486081177802
0.19519048     0.025553644088858
0.19559127     0.025620997323175
0.19599206     0.025688138190582
0.19639286     0.025755063988976
0.19679365     0.025821772004260
0.19719444     0.025888259510288
0.19759524     0.025954523768814
0.19799603     0.026020562029429
0.19839683     0.026086371529513
0.19879762     0.026151949494168
0.19919841     0.026217293136168
0.19959921     0.026282399655902
0.20000000     0.026347266241309
