0.00000398     0.000000289779644
0.00040477     0.000000569410837
0.00080557     0.000002255170116
0.00120636     0.000005057332943
0.00160715     0.000008975766349
0.00200795     0.000014010293923
0.00240874     0.000020160695390
0.00280953     0.000027426701277
0.00321033     0.000035807998907
0.00361112     0.000045304222420
0.00401192     0.000055914957790
0.00441271     0.000067639744412
0.00481350     0.000080478072101
0.00521430     0.000094429381733
0.00561509     0.000109493066293
0.00601588     0.000125668470217
0.00641668     0.000142954889333
0.00681747     0.000161351571382
0.00721826     0.000180857715632
0.00761906     0.000201472472411
0.00801985     0.000223194944492
0.00842065     0.000246024185725
0.00882144     0.000269959201833
0.00922223     0.000294998950353
0.00962303     0.000321142340470
0.01002382     0.000348388233113
0.01042461     0.000376735441003
0.01082541     0.000406182728779
0.01122620     0.000436728812827
0.01162699     0.000468372361513
0.01202779     0.000501111995087
0.01242858     0.000534946285705
0.01282938     0.000569873757696
0.01323017     0.000605892887295
0.01363096     0.000643002102759
0.01403176     0.000681199784605
0.01443255     0.000720484265402
0.01483334     0.000760853829980
0.01523414     0.000802306715343
0.01563493     0.000844841110911
0.01603572     0.000888455158271
0.01643652     0.000933146951541
0.01683731     0.000978914537223
0.01723810     0.001025755914248
0.01763890     0.001073669034144
0.01803969     0.001122651801009
0.01844049     0.001172702071572
0.01884128     0.001223817655244
0.01924207     0.001275996314247
0.01964287     0.001329235763499
0.02004366     0.001383533670870
0.02044445     0.001438887657146
0.02084525     0.001495295296059
0.02124604     0.001552754114416
0.02164683     0.001611261592102
0.02204763     0.001670815162201
0.02244842     0.001731412211011
0.02284922     0.001793050078156
0.02325001     0.001855726056599
0.02365080     0.001919437392751
0.02405160     0.001984181286533
0.02445239     0.002049954891443
0.02485318     0.002116755314618
0.02525398     0.002184579616928
0.02565477     0.002253424812992
0.02605556     0.002323287871349
0.02645636     0.002394165714459
0.02685715     0.002466055218788
0.02725795     0.002538953214904
0.02765874     0.002612856487569
0.02805953     0.002687761775778
0.02846033     0.002763665772868
0.02886112     0.002840565126581
0.02926191     0.002918456439181
0.02966271     0.002997336267497
0.03006350     0.003077201123021
0.03046429     0.003158047472020
0.03086509     0.003239871735579
0.03126588     0.003322670289720
0.03166668     0.003406439465476
0.03206747     0.003491175548984
0.03246826     0.003576874781574
0.03286906     0.003663533359867
0.03326985     0.003751147435870
0.03367064     0.003839713117036
0.03407144     0.003929226466416
0.03447223     0.004019683502687
0.03487302     0.004111080200317
0.03527382     0.004203412489605
0.03567461     0.004296676256802
0.03607541     0.004390867344201
0.03647620     0.004485981550274
0.03687699     0.004582014629708
0.03727779     0.004678962293545
0.03767858     0.004776820209298
0.03807937     0.004875584001008
0.03848017     0.004975249249392
0.03888096     0.005075811491925
0.03928175     0.005177266222930
0.03968255     0.005279608893721
0.04008334     0.005382834912696
0.04048414     0.005486939645421
0.04088493     0.005591918414762
0.04128572     0.005697766500989
0.04168652     0.005804479141898
0.04208731     0.005912051532884
0.04248810     0.006020478827085
0.04288890     0.006129756135498
0.04328969     0.006239878527062
0.04369048     0.006350841028797
0.04409128     0.006462638625893
0.04449207     0.006575266261861
0.04489287     0.006688718838617
0.04529366     0.006802991216597
0.04569445     0.006918078214900
0.04609525     0.007033974611389
0.04649604     0.007150675142794
0.04689683     0.007268174504855
0.04729763     0.007386467352436
0.04769842     0.007505548299627
0.04809921     0.007625411919887
0.04850001     0.007746052746148
0.04890080     0.007867465270946
0.04930160     0.007989643946537
0.04970239     0.008112583185023
0.05010318     0.008236277358470
0.05050398     0.008360720799038
0.05090477     0.008485907799099
0.05130556     0.008611832611364
0.05170636     0.008738489449011
0.05210715     0.008865872485800
0.05250794     0.008993975856209
0.05290874     0.009122793655554
0.05330953     0.009252319940125
0.05371033     0.009382548727294
0.05411112     0.009513473995669
0.05451191     0.009645089685193
0.05491271     0.009777389697299
0.05531350     0.009910367895014
0.05571429     0.010044018103110
0.05611509     0.010178334108219
0.05651588     0.010313309658970
0.05691667     0.010448938466111
0.05731747     0.010585214202650
0.05771826     0.010722130503977
0.05811906     0.010859680967998
0.05851985     0.010997859155268
0.05892064     0.011136658589121
0.05932144     0.011276072755798
0.05972223     0.011416095104588
0.06012302     0.011556719047949
0.06052382     0.011697937961652
0.06092461     0.011839745184910
0.06132540     0.011982134020498
0.06172620     0.012125097734913
0.06212699     0.012268629558477
0.06252779     0.012412722685496
0.06292858     0.012557370274374
0.06332937     0.012702565447766
0.06373017     0.012848301292692
0.06413096     0.012994570860688
0.06453175     0.013141367167930
0.06493255     0.013288683195369
0.06533334     0.013436511888870
0.06573413     0.013584846159343
0.06613493     0.013733678882886
0.06653572     0.013883002900899
0.06693652     0.014032811020246
0.06733731     0.014183096013362
0.06773810     0.014333850618414
0.06813890     0.014485067539412
0.06853969     0.014636739446367
0.06894048     0.014788858975400
0.06934128     0.014941418728900
0.06974207     0.015094411275646
0.07014286     0.015247829150943
0.07054366     0.015401664856759
0.07094445     0.015555910861856
0.07134524     0.015710559601933
0.07174604     0.015865603479750
0.07214683     0.016021034865260
0.07254763     0.016176846095762
0.07294842     0.016333029476012
0.07334921     0.016489577278368
0.07375001     0.016646481742928
0.07415080     0.016803735077653
0.07455159     0.016961329458503
0.07495239     0.017119257029579
0.07535318     0.017277509903245
0.07575397     0.017436080160264
0.07615477     0.017594959849932
0.07655556     0.017754140990208
0.07695636     0.017913615567850
0.07735715     0.018073375538540
0.07775794     0.018233412827024
0.07815874     0.018393719327233
0.07855953     0.018554286902424
0.07896032     0.018715107385301
0.07936112     0.018876172578152
0.07976191     0.019037474252979
0.08016270     0.019199004151618
0.08056350     0.019360753985886
0.08096429     0.019522715437689
0.08136509     0.019684880159164
0.08176588     0.019847239772807
0.08216667     0.020009785871592
0.08256747     0.020172510019105
0.08296826     0.020335403749672
0.08336905     0.020498458568479
0.08376985     0.020661665951701
0.08417064     0.020825017346632
0.08457143     0.020988504171801
0.08497223     0.021152117817106
0.08537302     0.021315849643928
0.08577382     0.021479690985265
0.08617461     0.021643633145847
0.08657540     0.021807667402264
0.08697620     0.021971785003080
0.08737699     0.022135977168969
0.08777778     0.022300235092816
0.08817858     0.022464549939855
0.08857937     0.022628912847781
0.08898016     0.022793314926868
0.08938096     0.022957747260089
0.08978175     0.023122200903237
0.09018255     0.023286666885036
0.09058334     0.023451136207265
0.09098413     0.023615599844868
0.09138493     0.023780048746072
0.09178572     0.023944473832502
0.09218651     0.024108865999296
0.09258731     0.024273216115213
0.09298810     0.024437515022753
0.09338889     0.024601753538265
0.09378969     0.024765922452058
0.09419048     0.024930012528513
0.09459128     0.025094014506194
0.09499207     0.025257919097951
0.09539286     0.025421716991038
0.09579366     0.025585398847212
0.09619445     0.025748955302844
0.09659524     0.025912376969026
0.09699604     0.026075654431670
0.09739683     0.026238778251622
0.09779762     0.026401738964756
0.09819842     0.026564527082086
0.09859921     0.026727133089861
0.09900001     0.026889547449668
0.09940080     0.027051760598533
0.09980159     0.027213762949022
0.10020239     0.027375544889337
0.10060318     0.027537096783412
0.10100397     0.027698408971018
0.10140477     0.027859471767850
0.10180556     0.028020275465625
0.10220635     0.028180810332178
0.10260715     0.028341066611555
0.10300794     0.028501034524102
0.10340874     0.028660704266562
0.10380953     0.028820066012157
0.10421032     0.028979109910686
0.10461112     0.029137826088611
0.10501191     0.029296204649142
0.10541270     0.029454235672326
0.10581350     0.029611909215131
0.10621429     0.029769215311533
0.10661508     0.029926143972596
0.10701588     0.030082685186560
0.10741667     0.030238828918916
0.10781747     0.030394565112493
0.10821826     0.030549883687534
0.10861905     0.030704774541773
0.10901985     0.030859227550517
0.10942064     0.031013232566718
0.10982143     0.031166779421053
0.11022223     0.031319857921994
0.11062302     0.031472457855882
0.11102381     0.031624568987004
0.11142461     0.031776181057656
0.11182540     0.031927283788220
0.11222620     0.032077866877227
0.11262699     0.032227920001433
0.11302778     0.032377432815877
0.11342858     0.032526394953948
0.11382937     0.032674796027457
0.11423016     0.032822625626694
0.11463096     0.032969873320486
0.11503175     0.033116528656269
0.11543254     0.033262581160138
0.11583334     0.033408020336913
0.11623413     0.033552835670189
0.11663493     0.033697016622402
0.11703572     0.033840552634875
0.11743651     0.033983433127878
0.11783731     0.034125647500677
0.11823810     0.034267185131589
0.11863889     0.034408035378032
0.11903969     0.034548187576573
0.11944048     0.034687631042974
0.11984127     0.034826355072243
0.12024207     0.034964348938678
0.12064286     0.035101601895914
0.12104365     0.035238103176961
0.12144445     0.035373841994249
0.12184524     0.035508807539670
0.12224604     0.035642988984615
0.12264683     0.035776375480014
0.12304762     0.035908956156375
0.12344842     0.036040720123813
0.12384921     0.036171656472092
0.12425000     0.036301754270656
0.12465080     0.036431002568661
0.12505159     0.036559390395003
0.12545238     0.036686906758351
0.12585318     0.036813540647177
0.12625397     0.036939281029777
0.12665477     0.037064116854302
0.12705556     0.037188037048782
0.12745635     0.037311030521146
0.12785715     0.037433086159245
0.12825794     0.037554192830878
0.12865873     0.037674339383803
0.12905953     0.037793514645762
0.12946032     0.037911707424492
0.12986111     0.038028906507749
0.13026191     0.038145100663310
0.13066270     0.038260278638999
0.13106350     0.038374429162689
0.13146429     0.038487540942317
0.13186508     0.038599602665893
0.13226588     0.038710603001505
0.13266667     0.038820530597329
0.13306746     0.038929374081631
0.13346826     0.039037122062773
0.13386905     0.039143763129218
0.13426984     0.039249285849523
0.13467064     0.039353678772349
0.13507143     0.039456930426452
0.13547223     0.039559029320686
0.13587302     0.039659963943994
0.13627381     0.039759722765409
0.13667461     0.039858294234038
0.13707540     0.039955666779068
0.13747619     0.040051828809743
0.13787699     0.040146768715361
0.13827778     0.040240474865263
0.13867857     0.040332935608815
0.13907937     0.040424139275399
0.13948016     0.040514074174395
0.13988096     0.040602728595163
0.14028175     0.040690090807026
0.14068254     0.040776149059254
0.14108334     0.040860891581036
0.14148413     0.040944306581464
0.14188492     0.041026382249508
0.14228572     0.041107106753990
0.14268651     0.041186468243562
0.14308730     0.041264454846672
0.14348810     0.041341054671543
0.14388889     0.041416255806140
0.14428969     0.041490046318138
0.14469048     0.041562414254893
0.14509127     0.041633347643406
0.14549207     0.041702834490288
0.14589286     0.041770862781727
0.14629365     0.041837420483448
0.14669445     0.041902495540675
0.14709524     0.041966075878094
0.14749603     0.042028149399808
0.14789683     0.042088703989299
0.14829762     0.042147727509381
0.14869842     0.042205207802158
0.14909921     0.042261132688978
0.14950000     0.042315489970383
0.14990080     0.042368267426066
0.15030159     0.042419452814820
0.15070238     0.042469033874482
0.15110318     0.042516998321890
0.15150397     0.042563333852825
0.15190476     0.042608028141955
0.15230556     0.042651068842788
0.15270635     0.042692443587604
0.15310715     0.042732139987410
0.15350794     0.042770145631870
0.15390873     0.042806448089253
0.15430953     0.042841034906370
0.15471032     0.042873893608511
0.15511111     0.042905011699380
0.15551191     0.042934376661036
0.15591270     0.042961975953824
0.15631349     0.042987797016309
0.15671429     0.043011827265210
0.15711508     0.043034054095330
0.15751588     0.043054464879485
0.15791667     0.043073046968438
0.15831746     0.043089787690825
0.15871826     0.043104674353079
0.15911905     0.043117694239361
0.15951984     0.043128834611484
0.15992064     0.043138082708838
0.16032143     0.043145425748308
0.16072222     0.043150850924205
0.16112302     0.043154345408183
0.16152381     0.043155896349157
0.16192461     0.043155490873227
0.16232540     0.043153116083594
0.16272619     0.043148759060479
0.16312699     0.043142406861042
0.16352778     0.043134046519289
0.16392857     0.043123665046000
0.16432937     0.043111249428634
0.16473016     0.043096786631244
0.16513095     0.043080263594394
0.16553175     0.043061667235064
0.16593254     0.043040984446566
0.16633334     0.043018202098454
0.16673413     0.042993307036431
0.16713492     0.042966286082259
0.16753572     0.042937126033666
0.16793651     0.042905813664256
0.16833730     0.042872335723412
0.16873810     0.042836678936204
0.16913889     0.042798830003295
0.16953968     0.042758775600842
0.16994048     0.042716502380405
0.17034127     0.042671996968844
0.17074207     0.042625245968230
0.17114286     0.042576235955738
0.17154365     0.042524953483556
0.17194445     0.042471385078783
0.17234524     0.042415517243327
0.17274603     0.042357336453812
0.17314683     0.042296829161470
0.17354762     0.042233981792044
0.17394841     0.042168780745691
0.17434921     0.042101212396867
0.17475000     0.042031263094241
0.17515079     0.041958919160582
0.17555159     0.041884166892660
0.17595238     0.041806992561141
0.17635318     0.041727382410486
0.17675397     0.041645322658847
0.17715476     0.041560799497959
0.17755556     0.041473799093042
0.17795635     0.041384307582693
0.17835714     0.041292311078781
0.17875794     0.041197795666346
0.17915873     0.041100747403490
0.17955952     0.041001152321273
0.17996032     0.040898996423612
0.18036111     0.040794265687170
0.18076191     0.040686946061257
0.18116270     0.040577023467720
0.18156349     0.040464483800840
0.18196429     0.040349312927229
0.18236508     0.040231496685721
0.18276587     0.040111020887274
0.18316667     0.039987871314858
0.18356746     0.039862033723357
0.18396825     0.039733493839461
0.18436905     0.039602237361563
0.18476984     0.039468249959657
0.18517064     0.039331517275236
0.18557143     0.039192024921185
0.18597222     0.039049758481682
0.18637302     0.038904703512096
0.18677381     0.038756845538883
0.18717460     0.038606170059488
0.18757540     0.038452662542244
0.18797619     0.038296308426270
0.18837698     0.038137093121376
0.18877778     0.037975002007958
0.18917857     0.037810020436909
0.18957937     0.037642133729513
0.18998016     0.037471327177353
0.19038095     0.037297586042217
0.19078175     0.037120895556002
0.19118254     0.036941240920617
0.19158333     0.036758607307893
0.19198413     0.036572979859493
0.19238492     0.036384343686816
0.19278571     0.036192683870914
0.19318651     0.035997985462396
0.19358730     0.035800233481348
0.19398810     0.035599412917239
0.19438889     0.035395508728841
0.19478968     0.035188505844144
0.19519048     0.034978389160276
0.19559127     0.034765143543416
0.19599206     0.034548753828718
0.19639286     0.034329204820237
0.19679365     0.034106481290845
0.19719444     0.033880567982160
0.19759524     0.033651449604472
0.19799603     0.033419110836672
0.19839683     0.033183536326184
0.19879762     0.032944710688891
0.19919841     0.032702618509075
0.19959921     0.032457244339350
0.20000000     0.032208572700601
0.00000398     0.000000289779644
0.00040477     0.000000569410837
0.00080557     0.000002255170116
0.00120636     0.000005057332943
0.00160715     0.000008975766349
0.00200795     0.000014010293923
0.00240874     0.000020160695390
0.00280953     0.000027426701277
0.00321033     0.000035807998907
0.00361112     0.000045304222420
0.00401192     0.000055914957790
0.00441271     0.000067639744412
0.00481350     0.000080478072101
0.00521430     0.000094429381733
0.00561509     0.000109493066293
0.00601588     0.000125668470217
0.00641668     0.000142954889333
0.00681747     0.000161351571382
0.00721826     0.000180857715632
0.00761906     0.000201472472411
0.00801985     0.000223194944492
0.00842065     0.000246024185725
0.00882144     0.000269959201833
0.00922223     0.000294998950353
0.00962303     0.000321142340470
0.01002382     0.000348388233113
0.01042461     0.000376735441003
0.01082541     0.000406182728779
0.01122620     0.000436728812827
0.01162699     0.000468372361513
0.01202779     0.000501111995087
0.01242858     0.000534946285705
0.01282938     0.000569873757696
0.01323017     0.000605892887295
0.01363096     0.000643002102759
0.01403176     0.000681199784605
0.01443255     0.000720484265402
0.01483334     0.000760853829980
0.01523414     0.000802306715343
0.01563493     0.000844841110911
0.01603572     0.000888455158271
0.01643652     0.000933146951541
0.01683731     0.000978914537223
0.01723810     0.001025755914248
0.01763890     0.001073669034144
0.01803969     0.001122651801009
0.01844049     0.001172702071572
0.01884128     0.001223817655244
0.01924207     0.001275996314247
0.01964287     0.001329235763499
0.02004366     0.001383533670870
0.02044445     0.001438887657146
0.02084525     0.001495295296059
0.02124604     0.001552754114416
0.02164683     0.001611261592102
0.02204763     0.001670815162201
0.02244842     0.001731412211011
0.02284922     0.001793050078156
0.02325001     0.001855726056599
0.02365080     0.001919437392751
0.02405160     0.001984181286533
0.02445239     0.002049954891443
0.02485318     0.002116755314618
0.02525398     0.002184579616928
0.02565477     0.002253424812992
0.02605556     0.002323287871349
0.02645636     0.002394165714459
0.02685715     0.002466055218788
0.02725795     0.002538953214904
0.02765874     0.002612856487569
0.02805953     0.002687761775778
0.02846033     0.002763665772868
0.02886112     0.002840565126581
0.02926191     0.002918456439181
0.02966271     0.002997336267497
0.03006350     0.003077201123021
0.03046429     0.003158047472020
0.03086509     0.003239871735579
0.03126588     0.003322670289720
0.03166668     0.003406439465476
0.03206747     0.003491175548984
0.03246826     0.003576874781574
0.03286906     0.003663533359867
0.03326985     0.003751147435870
0.03367064     0.003839713117036
0.03407144     0.003929226466416
0.03447223     0.004019683502687
0.03487302     0.004111080200317
0.03527382     0.004203412489605
0.03567461     0.004296676256802
0.03607541     0.004390867344201
0.03647620     0.004485981550274
0.03687699     0.004582014629708
0.03727779     0.004678962293545
0.03767858     0.004776820209298
0.03807937     0.004875584001008
0.03848017     0.004975249249392
0.03888096     0.005075811491925
0.03928175     0.005177266222930
0.03968255     0.005279608893721
0.04008334     0.005382834912696
0.04048414     0.005486939645421
0.04088493     0.005591918414762
0.04128572     0.005697766500989
0.04168652     0.005804479141898
0.04208731     0.005912051532884
0.04248810     0.006020478827085
0.04288890     0.006129756135498
0.04328969     0.006239878527062
0.04369048     0.006350841028797
0.04409128     0.006462638625893
0.04449207     0.006575266261861
0.04489287     0.006688718838617
0.04529366     0.006802991216597
0.04569445     0.006918078214900
0.04609525     0.007033974611389
0.04649604     0.007150675142794
0.04689683     0.007268174504855
0.04729763     0.007386467352436
0.04769842     0.007505548299627
0.04809921     0.007625411919887
0.04850001     0.007746052746148
0.04890080     0.007867465270946
0.04930160     0.007989643946537
0.04970239     0.008112583185023
0.05010318     0.008236277358470
0.05050398     0.008360720799038
0.05090477     0.008485907799099
0.05130556     0.008611832611364
0.05170636     0.008738489449011
0.05210715     0.008865872485800
0.05250794     0.008993975856209
0.05290874     0.009122793655554
0.05330953     0.009252319940125
0.05371033     0.009382548727294
0.05411112     0.009513473995669
0.05451191     0.009645089685193
0.05491271     0.009777389697299
0.05531350     0.009910367895014
0.05571429     0.010044018103110
0.05611509     0.010178334108219
0.05651588     0.010313309658970
0.05691667     0.010448938466111
0.05731747     0.010585214202650
0.05771826     0.010722130503977
0.05811906     0.010859680967998
0.05851985     0.010997859155268
0.05892064     0.011136658589121
0.05932144     0.011276072755798
0.05972223     0.011416095104588
0.06012302     0.011556719047949
0.06052382     0.011697937961652
0.06092461     0.011839745184910
0.06132540     0.011982134020498
0.06172620     0.012125097734913
0.06212699     0.012268629558477
0.06252779     0.012412722685496
0.06292858     0.012557370274374
0.06332937     0.012702565447766
0.06373017     0.012848301292692
0.06413096     0.012994570860688
0.06453175     0.013141367167930
0.06493255     0.013288683195369
0.06533334     0.013436511888870
0.06573413     0.013584846159343
0.06613493     0.013733678882886
0.06653572     0.013883002900899
0.06693652     0.014032811020246
0.06733731     0.014183096013362
0.06773810     0.014333850618414
0.06813890     0.014485067539412
0.06853969     0.014636739446367
0.06894048     0.014788858975400
0.06934128     0.014941418728900
0.06974207     0.015094411275646
0.07014286     0.015247829150943
0.07054366     0.015401664856759
0.07094445     0.015555910861856
0.07134524     0.015710559601933
0.07174604     0.015865603479750
0.07214683     0.016021034865260
0.07254763     0.016176846095762
0.07294842     0.016333029476012
0.07334921     0.016489577278368
0.07375001     0.016646481742928
0.07415080     0.016803735077653
0.07455159     0.016961329458503
0.07495239     0.017119257029579
0.07535318     0.017277509903245
0.07575397     0.017436080160264
0.07615477     0.017594959849932
0.07655556     0.017754140990208
0.07695636     0.017913615567850
0.07735715     0.018073375538540
0.07775794     0.018233412827024
0.07815874     0.018393719327233
0.07855953     0.018554286902424
0.07896032     0.018715107385301
0.07936112     0.018876172578152
0.07976191     0.019037474252979
0.08016270     0.019199004151618
0.08056350     0.019360753985886
0.08096429     0.019522715437689
0.08136509     0.019684880159164
0.08176588     0.019847239772807
0.08216667     0.020009785871592
0.08256747     0.020172510019105
0.08296826     0.020335403749672
0.08336905     0.020498458568479
0.08376985     0.020661665951701
0.08417064     0.020825017346632
0.08457143     0.020988504171801
0.08497223     0.021152117817106
0.08537302     0.021315849643928
0.08577382     0.021479690985265
0.08617461     0.021643633145847
0.08657540     0.021807667402264
0.08697620     0.021971785003080
0.08737699     0.022135977168969
0.08777778     0.022300235092816
0.08817858     0.022464549939855
0.08857937     0.022628912847781
0.08898016     0.022793314926868
0.08938096     0.022957747260089
0.08978175     0.023122200903237
0.09018255     0.023286666885036
0.09058334     0.023451136207265
0.09098413     0.023615599844868
0.09138493     0.023780048746072
0.09178572     0.023944473832502
0.09218651     0.024108865999296
0.09258731     0.024273216115213
0.09298810     0.024437515022753
0.09338889     0.024601753538265
0.09378969     0.024765922452058
0.09419048     0.024930012528513
0.09459128     0.025094014506194
0.09499207     0.025257919097951
0.09539286     0.025421716991038
0.09579366     0.025585398847212
0.09619445     0.025748955302844
0.09659524     0.025912376969026
0.09699604     0.026075654431670
0.09739683     0.026238778251622
0.09779762     0.026401738964756
0.09819842     0.026564527082086
0.09859921     0.026727133089861
0.09900001     0.026889547449668
0.09940080     0.027051760598533
0.09980159     0.027213762949022
0.10020239     0.027375544889337
0.10060318     0.027537096783412
0.10100397     0.027698408971018
0.10140477     0.027859471767850
0.10180556     0.028020275465625
0.10220635     0.028180810332178
0.10260715     0.028341066611555
0.10300794     0.028501034524102
0.10340874     0.028660704266562
0.10380953     0.028820066012157
0.10421032     0.028979109910686
0.10461112     0.029137826088611
0.10501191     0.029296204649142
0.10541270     0.029454235672326
0.10581350     0.029611909215131
0.10621429     0.029769215311533
0.10661508     0.029926143972596
0.10701588     0.030082685186560
0.10741667     0.030238828918916
0.10781747     0.030394565112493
0.10821826     0.030549883687534
0.10861905     0.030704774541773
0.10901985     0.030859227550517
0.10942064     0.031013232566718
0.10982143     0.031166779421053
0.11022223     0.031319857921994
0.11062302     0.031472457855882
0.11102381     0.031624568987004
0.11142461     0.031776181057656
0.11182540     0.031927283788220
0.11222620     0.032077866877227
0.11262699     0.032227920001433
0.11302778     0.032377432815877
0.11342858     0.032526394953948
0.11382937     0.032674796027457
0.11423016     0.032822625626694
0.11463096     0.032969873320486
0.11503175     0.033116528656269
0.11543254     0.033262581160138
0.11583334     0.033408020336913
0.11623413     0.033552835670189
0.11663493     0.033697016622402
0.11703572     0.033840552634875
0.11743651     0.033983433127878
0.11783731     0.034125647500677
0.11823810     0.034267185131589
0.11863889     0.034408035378032
0.11903969     0.034548187576573
0.11944048     0.034687631042974
0.11984127     0.034826355072243
0.12024207     0.034964348938678
0.12064286     0.035101601895914
0.12104365     0.035238103176961
0.12144445     0.035373841994249
0.12184524     0.035508807539670
0.12224604     0.035642988984615
0.12264683     0.035776375480014
0.12304762     0.035908956156375
0.12344842     0.036040720123813
0.12384921     0.036171656472092
0.12425000     0.036301754270656
0.12465080     0.036431002568661
0.12505159     0.036559390395003
0.12545238     0.036686906758351
0.12585318     0.036813540647177
0.12625397     0.036939281029777
0.12665477     0.037064116854302
0.12705556     0.037188037048782
0.12745635     0.037311030521146
0.12785715     0.037433086159245
0.12825794     0.037554192830878
0.12865873     0.037674339383803
0.12905953     0.037793514645762
0.12946032     0.037911707424492
0.12986111     0.038028906507749
0.13026191     0.038145100663310
0.13066270     0.038260278638999
0.13106350     0.038374429162689
0.13146429     0.038487540942317
0.13186508     0.038599602665893
0.13226588     0.038710603001505
0.13266667     0.038820530597329
0.13306746     0.038929374081631
0.13346826     0.039037122062773
0.13386905     0.039143763129218
0.13426984     0.039249285849523
0.13467064     0.039353678772349
0.13507143     0.039456930426452
0.13547223     0.039559029320686
0.13587302     0.039659963943994
0.13627381     0.039759722765409
0.13667461     0.039858294234038
0.13707540     0.039955666779068
0.13747619     0.040051828809743
0.13787699     0.040146768715361
0.13827778     0.040240474865263
0.13867857     0.040332935608815
0.13907937     0.040424139275399
0.13948016     0.040514074174395
0.13988096     0.040602728595163
0.14028175     0.040690090807026
0.14068254     0.040776149059254
0.14108334     0.040860891581036
0.14148413     0.040944306581464
0.14188492     0.041026382249508
0.14228572     0.041107106753990
0.14268651     0.041186468243562
0.14308730     0.041264454846672
0.14348810     0.041341054671543
0.14388889     0.041416255806140
0.14428969     0.041490046318138
0.14469048     0.041562414254893
0.14509127     0.041633347643406
0.14549207     0.041702834490288
0.14589286     0.041770862781727
0.14629365     0.041837420483448
0.14669445     0.041902495540675
0.14709524     0.041966075878094
0.14749603     0.042028149399808
0.14789683     0.042088703989299
0.14829762     0.042147727509381
0.14869842     0.042205207802158
0.14909921     0.042261132688978
0.14950000     0.042315489970383
0.14990080     0.042368267426066
0.15030159     0.042419452814820
0.15070238     0.042469033874482
0.15110318     0.042516998321890
0.15150397     0.042563333852825
0.15190476     0.042608028141955
0.15230556     0.042651068842788
0.15270635     0.042692443587604
0.15310715     0.042732139987410
0.15350794     0.042770145631870
0.15390873     0.042806448089253
0.15430953     0.042841034906370
0.15471032     0.042873893608511
0.15511111     0.042905011699380
0.15551191     0.042934376661036
0.15591270     0.042961975953824
0.15631349     0.042987797016309
0.15671429     0.043011827265210
0.15711508     0.043034054095330
0.15751588     0.043054464879485
0.15791667     0.043073046968438
0.15831746     0.043089787690825
0.15871826     0.043104674353079
0.15911905     0.043117694239361
0.15951984     0.043128834611484
0.15992064     0.043138082708838
0.16032143     0.043145425748308
0.16072222     0.043150850924205
0.16112302     0.043154345408183
0.16152381     0.043155896349157
0.16192461     0.043155490873227
0.16232540     0.043153116083594
0.16272619     0.043148759060479
0.16312699     0.043142406861042
0.16352778     0.043134046519289
0.16392857     0.043123665046000
0.16432937     0.043111249428634
0.16473016     0.043096786631244
0.16513095     0.043080263594394
0.16553175     0.043061667235064
0.16593254     0.043040984446566
0.16633334     0.043018202098454
0.16673413     0.042993307036431
0.16713492     0.042966286082259
0.16753572     0.042937126033666
0.16793651     0.042905813664256
0.16833730     0.042872335723412
0.16873810     0.042836678936204
0.16913889     0.042798830003295
0.16953968     0.042758775600842
0.16994048     0.042716502380405
0.17034127     0.042671996968844
0.17074207     0.042625245968230
0.17114286     0.042576235955738
0.17154365     0.042524953483556
0.17194445     0.042471385078783
0.17234524     0.042415517243327
0.17274603     0.042357336453812
0.17314683     0.042296829161470
0.17354762     0.042233981792044
0.17394841     0.042168780745691
0.17434921     0.042101212396867
0.17475000     0.042031263094241
0.17515079     0.041958919160582
0.17555159     0.041884166892660
0.17595238     0.041806992561141
0.17635318     0.041727382410486
0.17675397     0.041645322658847
0.17715476     0.041560799497959
0.17755556     0.041473799093042
0.17795635     0.041384307582693
0.17835714     0.041292311078781
0.17875794     0.041197795666346
0.17915873     0.041100747403490
0.17955952     0.041001152321273
0.17996032     0.040898996423612
0.18036111     0.040794265687170
0.18076191     0.040686946061257
0.18116270     0.040577023467720
0.18156349     0.040464483800840
0.18196429     0.040349312927229
0.18236508     0.040231496685721
0.18276587     0.040111020887274
0.18316667     0.039987871314858
0.18356746     0.039862033723357
0.18396825     0.039733493839461
0.18436905     0.039602237361563
0.18476984     0.039468249959657
0.18517064     0.039331517275236
0.18557143     0.039192024921185
0.18597222     0.039049758481682
0.18637302     0.038904703512096
0.18677381     0.038756845538883
0.18717460     0.038606170059488
0.18757540     0.038452662542244
0.18797619     0.038296308426270
0.18837698     0.038137093121376
0.18877778     0.037975002007958
0.18917857     0.037810020436909
0.18957937     0.037642133729513
0.18998016     0.037471327177353
0.19038095     0.037297586042217
0.19078175     0.037120895556002
0.19118254     0.036941240920617
0.19158333     0.036758607307893
0.19198413     0.036572979859493
0.19238492     0.036384343686816
0.19278571     0.036192683870914
0.19318651     0.035997985462396
0.19358730     0.035800233481348
0.19398810     0.035599412917239
0.19438889     0.035395508728841
0.19478968     0.035188505844144
0.19519048     0.034978389160276
0.19559127     0.034765143543416
0.19599206     0.034548753828718
0.19639286     0.034329204820237
0.19679365     0.034106481290845
0.19719444     0.033880567982160
0.19759524     0.033651449604472
0.19799603     0.033419110836672
0.19839683     0.033183536326184
0.19879762     0.032944710688891
0.19919841     0.032702618509075
0.19959921     0.032457244339350
0.20000000     0.032208572700601
