0.00000398     0.000000069182918
0.00040477     0.000000000006473
0.00080557     0.000000000016651
0.00120636     0.000000000094731
0.00160715     0.000000000300033
0.00200795     0.000000000730491
0.00240874     0.000000001512629
0.00280953     0.000000002799629
0.00321033     0.000000004772674
0.00361112     0.000000007640517
0.00401192     0.000000011639978
0.00441271     0.000000017035716
0.00481350     0.000000024119945
0.00521430     0.000000033213104
0.00561509     0.000000044662810
0.00601588     0.000000058845041
0.00641668     0.000000076163215
0.00681747     0.000000097048636
0.00721826     0.000000121960394
0.00761906     0.000000151385278
0.00801985     0.000000185837832
0.00842065     0.000000225860448
0.00882144     0.000000272023036
0.00922223     0.000000324923470
0.00962303     0.000000385187179
0.01002382     0.000000453467324
0.01042461     0.000000530444794
0.01082541     0.000000616828090
0.01122620     0.000000713353444
0.01162699     0.000000820784698
0.01202779     0.000000939913368
0.01242858     0.000001071558559
0.01282938     0.000001216567012
0.01323017     0.000001375813072
0.01363096     0.000001550198636
0.01403176     0.000001740653204
0.01443255     0.000001948133796
0.01483334     0.000002173625000
0.01523414     0.000002418138884
0.01563493     0.000002682715060
0.01603572     0.000002968420582
0.01643652     0.000003276349990
0.01683731     0.000003607625271
0.01723810     0.000003963395835
0.01763890     0.000004344838495
0.01803969     0.000004753157463
0.01844049     0.000005189584298
0.01884128     0.000005655377923
0.01924207     0.000006151824570
0.01964287     0.000006680237789
0.02004366     0.000007241958387
0.02044445     0.000007838354455
0.02084525     0.000008470821287
0.02124604     0.000009140781414
0.02164683     0.000009849684529
0.02204763     0.000010599007496
0.02244842     0.000011390254315
0.02284922     0.000012224956086
0.02325001     0.000013104670999
0.02365080     0.000014030984297
0.02405160     0.000015005508250
0.02445239     0.000016029882131
0.02485318     0.000017105772187
0.02525398     0.000018234871611
0.02565477     0.000019418900505
0.02605556     0.000020659605857
0.02645636     0.000021958761520
0.02685715     0.000023318168169
0.02725795     0.000024739653267
0.02765874     0.000026225071052
0.02805953     0.000027776302483
0.02846033     0.000029395255226
0.02886112     0.000031083863611
0.02926191     0.000032844088605
0.02966271     0.000034677917770
0.03006350     0.000036587365237
0.03046429     0.000038574471674
0.03086509     0.000040641304237
0.03126588     0.000042789956552
0.03166668     0.000045022548663
0.03206747     0.000047341227010
0.03246826     0.000049748164384
0.03286906     0.000052245559888
0.03326985     0.000054835638907
0.03367064     0.000057520653064
0.03407144     0.000060302880188
0.03447223     0.000063184624261
0.03487302     0.000066168215397
0.03527382     0.000069256009789
0.03567461     0.000072450389673
0.03607541     0.000075753763288
0.03647620     0.000079168564834
0.03687699     0.000082697254429
0.03727779     0.000086342318071
0.03767858     0.000090106267585
0.03807937     0.000093991640600
0.03848017     0.000098001000481
0.03888096     0.000102136936304
0.03928175     0.000106402062807
0.03968255     0.000110799020335
0.04008334     0.000115330474814
0.04048414     0.000119999117686
0.04088493     0.000124807665875
0.04128572     0.000129758861735
0.04168652     0.000134855473010
0.04208731     0.000140100292778
0.04248810     0.000145496139407
0.04288890     0.000151045856508
0.04328969     0.000156752312885
0.04369048     0.000162618402486
0.04409128     0.000168647044354
0.04449207     0.000174841182578
0.04489287     0.000181203786236
0.04529366     0.000187737849358
0.04569445     0.000194446390859
0.04609525     0.000201332454499
0.04649604     0.000208399108823
0.04689683     0.000215649447118
0.04729763     0.000223086587348
0.04769842     0.000230713672110
0.04809921     0.000238533868577
0.04850001     0.000246550368446
0.04890080     0.000254766387876
0.04930160     0.000263185167443
0.04970239     0.000271809972079
0.05010318     0.000280644091016
0.05050398     0.000289690837730
0.05090477     0.000298953549889
0.05130556     0.000308435589289
0.05170636     0.000318140341799
0.05210715     0.000328071217304
0.05250794     0.000338231649648
0.05290874     0.000348625096572
0.05330953     0.000359255039657
0.05371033     0.000370124984261
0.05411112     0.000381238459466
0.05451191     0.000392599018007
0.05491271     0.000404210236226
0.05531350     0.000416075713996
0.05571429     0.000428199074668
0.05611509     0.000440583965004
0.05651588     0.000453234055121
0.05691667     0.000466153038420
0.05731747     0.000479344631531
0.05771826     0.000492812574243
0.05811906     0.000506560629443
0.05851985     0.000520592583052
0.05892064     0.000534912243957
0.05932144     0.000549523443949
0.05972223     0.000564430037655
0.06012302     0.000579635902475
0.06052382     0.000595144938513
0.06092461     0.000610961068509
0.06132540     0.000627088237776
0.06172620     0.000643530414129
0.06212699     0.000660291587817
0.06252779     0.000677375771457
0.06292858     0.000694786999963
0.06332937     0.000712529330477
0.06373017     0.000730606842300
0.06413096     0.000749023636824
0.06453175     0.000767783837456
0.06493255     0.000786891589554
0.06533334     0.000806351060350
0.06573413     0.000826166438882
0.06613493     0.000846341935923
0.06653572     0.000866881783905
0.06693652     0.000887790236849
0.06733731     0.000909071570288
0.06773810     0.000930730081202
0.06813890     0.000952770087936
0.06853969     0.000975195930128
0.06894048     0.000998011968636
0.06934128     0.001021222585461
0.06974207     0.001044832183675
0.07014286     0.001068845187341
0.07054366     0.001093266041438
0.07094445     0.001118099211788
0.07134524     0.001143349184973
0.07174604     0.001169020468267
0.07214683     0.001195117589545
0.07254763     0.001221645097218
0.07294842     0.001248607560148
0.07334921     0.001276009567570
0.07375001     0.001303855729014
0.07415080     0.001332150674223
0.07455159     0.001360899053078
0.07495239     0.001390105535514
0.07535318     0.001419774811438
0.07575397     0.001449911590653
0.07615477     0.001480520602772
0.07655556     0.001511606597139
0.07695636     0.001543174342747
0.07735715     0.001575228628156
0.07775794     0.001607774261403
0.07815874     0.001640816069932
0.07855953     0.001674358900499
0.07896032     0.001708407619093
0.07936112     0.001742967110853
0.07976191     0.001778042279979
0.08016270     0.001813638049650
0.08056350     0.001849759361940
0.08096429     0.001886411177728
0.08136509     0.001923598476618
0.08176588     0.001961326256845
0.08216667     0.001999599535192
0.08256747     0.002038423346908
0.08296826     0.002077802745610
0.08336905     0.002117742803204
0.08376985     0.002158248609793
0.08417064     0.002199325273586
0.08457143     0.002240977920817
0.08497223     0.002283211695646
0.08537302     0.002326031760076
0.08577382     0.002369443293860
0.08617461     0.002413451494414
0.08657540     0.002458061576721
0.08697620     0.002503278773244
0.08737699     0.002549108333833
0.08777778     0.002595555525634
0.08817858     0.002642625632996
0.08857937     0.002690323957379
0.08898016     0.002738655817262
0.08938096     0.002787626548047
0.08978175     0.002837241501969
0.09018255     0.002887506047999
0.09058334     0.002938425571754
0.09098413     0.002990005475394
0.09138493     0.003042251177538
0.09178572     0.003095168113160
0.09218651     0.003148761733498
0.09258731     0.003203037505957
0.09298810     0.003258000914011
0.09338889     0.003313657457107
0.09378969     0.003370012650570
0.09419048     0.003427072025502
0.09459128     0.003484841128687
0.09499207     0.003543325522493
0.09539286     0.003602530784771
0.09579366     0.003662462508758
0.09619445     0.003723126302977
0.09659524     0.003784527791139
0.09699604     0.003846672612042
0.09739683     0.003909566419470
0.09779762     0.003973214882093
0.09819842     0.004037623683366
0.09859921     0.004102798521431
0.09900001     0.004168745109007
0.09940080     0.004235469173298
0.09980159     0.004302976455883
0.10020239     0.004371272712617
0.10060318     0.004440363713527
0.10100397     0.004510255242710
0.10140477     0.004580953098226
0.10180556     0.004652463091998
0.10220635     0.004724791049702
0.10260715     0.004797942810668
0.10300794     0.004871924227773
0.10340874     0.004946741167333
0.10380953     0.005022399508999
0.10421032     0.005098905145652
0.10461112     0.005176263983293
0.10501191     0.005254481940940
0.10541270     0.005333564950518
0.10581350     0.005413518956751
0.10621429     0.005494349917057
0.10661508     0.005576063801438
0.10701588     0.005658666592367
0.10741667     0.005742164284686
0.10781747     0.005826562885495
0.10821826     0.005911868414036
0.10861905     0.005998086901591
0.10901985     0.006085224391366
0.10942064     0.006173286938382
0.10982143     0.006262280609364
0.11022223     0.006352211482630
0.11062302     0.006443085647977
0.11102381     0.006534909206568
0.11142461     0.006627688270824
0.11182540     0.006721428964305
0.11222620     0.006816137421602
0.11262699     0.006911819788219
0.11302778     0.007008482220461
0.11342858     0.007106130885318
0.11382937     0.007204771960353
0.11423016     0.007304411633580
0.11463096     0.007405056103358
0.11503175     0.007506711578267
0.11543254     0.007609384276997
0.11583334     0.007713080428225
0.11623413     0.007817806270506
0.11663493     0.007923568052147
0.11703572     0.008030372031095
0.11743651     0.008138224474818
0.11783731     0.008247131660181
0.11823810     0.008357099873337
0.11863889     0.008468135409597
0.11903969     0.008580244573317
0.11944048     0.008693433677774
0.11984127     0.008807709045051
0.12024207     0.008923077005908
0.12064286     0.009039543899667
0.12104365     0.009157116074087
0.12144445     0.009275799885245
0.12184524     0.009395601697409
0.12224604     0.009516527882919
0.12264683     0.009638584822062
0.12304762     0.009761778902949
0.12344842     0.009886116521391
0.12384921     0.010011604080773
0.12425000     0.010138247991931
0.12465080     0.010266054673025
0.12505159     0.010395030549416
0.12545238     0.010525182053538
0.12585318     0.010656515624770
0.12625397     0.010789037709312
0.12665477     0.010922754760058
0.12705556     0.011057673236465
0.12745635     0.011193799604429
0.12785715     0.011331140336152
0.12825794     0.011469701910016
0.12865873     0.011609490810456
0.12905953     0.011750513527825
0.12946032     0.011892776558265
0.12986111     0.012036286403582
0.13026191     0.012181049571106
0.13066270     0.012327072573568
0.13106350     0.012474361928963
0.13146429     0.012622924160419
0.13186508     0.012772765796067
0.13226588     0.012923893368902
0.13266667     0.013076313416657
0.13306746     0.013230032481660
0.13346826     0.013385057110711
0.13386905     0.013541393854935
0.13426984     0.013699049269657
0.13467064     0.013858029914261
0.13507143     0.014018342352051
0.13547223     0.014179993150125
0.13587302     0.014342988879226
0.13627381     0.014507336113613
0.13667461     0.014673041430917
0.13707540     0.014840111412009
0.13747619     0.015008552640856
0.13787699     0.015178371704382
0.13827778     0.015349575192334
0.13867857     0.015522169697136
0.13907937     0.015696161813748
0.13948016     0.015871558139531
0.13988096     0.016048365274097
0.14028175     0.016226589819179
0.14068254     0.016406238378473
0.14108334     0.016587317557510
0.14148413     0.016769833963501
0.14188492     0.016953794205202
0.14228572     0.017139204892764
0.14268651     0.017326072637591
0.14308730     0.017514404052194
0.14348810     0.017704205750045
0.14388889     0.017895484345429
0.14428969     0.018088246453303
0.14469048     0.018282498689144
0.14509127     0.018478247668800
0.14549207     0.018675500008348
0.14589286     0.018874262323941
0.14629365     0.019074541231658
0.14669445     0.019276343347358
0.14709524     0.019479675286528
0.14749603     0.019684543664130
0.14789683     0.019890955094457
0.14829762     0.020098916190974
0.14869842     0.020308433566169
0.14909921     0.020519513831401
0.14950000     0.020732163596745
0.14990080     0.020946389470843
0.15030159     0.021162198060743
0.15070238     0.021379595971750
0.15110318     0.021598589807268
0.15150397     0.021819186168647
0.15190476     0.022041391655023
0.15230556     0.022265212863165
0.15270635     0.022490656387317
0.15310715     0.022717728819038
0.15350794     0.022946436747048
0.15390873     0.023176786757065
0.15430953     0.023408785431649
0.15471032     0.023642439350040
0.15511111     0.023877755088000
0.15551191     0.024114739217649
0.15591270     0.024353398307308
0.15631349     0.024593738921331
0.15671429     0.024835767619950
0.15711508     0.025079490959108
0.15751588     0.025324915490293
0.15791667     0.025572047760379
0.15831746     0.025820894311459
0.15871826     0.026071461680680
0.15911905     0.026323756400078
0.15951984     0.026577784996410
0.15992064     0.026833553990992
0.16032143     0.027091069899525
0.16072222     0.027350339231931
0.16112302     0.027611368492186
0.16152381     0.027874164178146
0.16192461     0.028138732781387
0.16232540     0.028405080787022
0.16272619     0.028673214673541
0.16312699     0.028943140912636
0.16352778     0.029214865969028
0.16392857     0.029488396300296
0.16432937     0.029763738356707
0.16473016     0.030040898581038
0.16513095     0.030319883408403
0.16553175     0.030600699266083
0.16593254     0.030883352573346
0.16633334     0.031167849741271
0.16673413     0.031454197172576
0.16713492     0.031742401261440
0.16753572     0.032032468393322
0.16793651     0.032324404944787
0.16833730     0.032618217283329
0.16873810     0.032913911767187
0.16913889     0.033211494745168
0.16953968     0.033510972556468
0.16994048     0.033812351530489
0.17034127     0.034115637986661
0.17074207     0.034420838234255
0.17114286     0.034727958572205
0.17154365     0.035037005288926
0.17194445     0.035347984662127
0.17234524     0.035660902958625
0.17274603     0.035975766434167
0.17314683     0.036292581333242
0.17354762     0.036611353888891
0.17394841     0.036932090322525
0.17434921     0.037254796843741
0.17475000     0.037579479650125
0.17515079     0.037906144927075
0.17555159     0.038234798847602
0.17595238     0.038565447572149
0.17635318     0.038898097248397
0.17675397     0.039232754011077
0.17715476     0.039569423981776
0.17755556     0.039908113268747
0.17795635     0.040248827966722
0.17835714     0.040591574156708
0.17875794     0.040936357905807
0.17915873     0.041283185267013
0.17955952     0.041632062279020
0.17996032     0.041982994966031
0.18036111     0.042335989337557
0.18076191     0.042691051388226
0.18116270     0.043048187097584
0.18156349     0.043407402429898
0.18196429     0.043768703333958
0.18236508     0.044132095742884
0.18276587     0.044497585573918
0.18316667     0.044865178728234
0.18356746     0.045234881090733
0.18396825     0.045606698529847
0.18436905     0.045980636897331
0.18476984     0.046356702028071
0.18517064     0.046734899739874
0.18557143     0.047115235833273
0.18597222     0.047497716091317
0.18637302     0.047882346279375
0.18677381     0.048269132144925
0.18717460     0.048658079417355
0.18757540     0.049049193807756
0.18797619     0.049442481008716
0.18837698     0.049837946694116
0.18877778     0.050235596518924
0.18917857     0.050635436118984
0.18957937     0.051037471110814
0.18998016     0.051441707091395
0.19038095     0.051848149637963
0.19078175     0.052256804307801
0.19118254     0.052667676638031
0.19158333     0.053080772145403
0.19198413     0.053496096326083
0.19238492     0.053913654655446
0.19278571     0.054333452587863
0.19318651     0.054755495556490
0.19358730     0.055179788973056
0.19398810     0.055606338227650
0.19438889     0.056035148688511
0.19478968     0.056466225701812
0.19519048     0.056899574591447
0.19559127     0.057335200658816
0.19599206     0.057773109182617
0.19639286     0.058213305418620
0.19679365     0.058655794599464
0.19719444     0.059100581934433
0.19759524     0.059547672609242
0.19799603     0.059997071785824
0.19839683     0.060448784602110
0.19879762     0.060902816171814
0.19919841     0.061359171584213
0.19959921     0.061817855903934
0.20000000     0.062278874170734
