-11.28280000     -0.0005335120
-10.19800000     -0.0005335120
-8.89619000     -0.0008002670
-7.59436000     -0.0010664800
-6.07549000     -0.0018667500
-4.55662000     -0.0021335000
-3.25479000     -0.0034667400
-2.17001000     -0.0045332200
-1.08522000     -0.0063999700
0.00000000     -0.0074664500
1.30183000     -0.0098667100
2.16957000     -0.0114667000
2.82026000     -0.0136002000
3.90548000     -0.0152002000
4.77322000     -0.0184002000
5.42391000     -0.0207999000
6.29209000     -0.0234669000
6.50914000     -0.0255999000
7.15983000     -0.0285331000
7.59392000     -0.0309334000
8.02757000     -0.0333331000
8.46166000     -0.0357334000
8.89575000     -0.0383998000
9.54644000     -0.0410668000
10.19760000     -0.0437333000
10.63170000     -0.0461336000
11.06530000     -0.0485333000
11.71640000     -0.0509336000
12.36710000     -0.0533333000
13.01830000     -0.0552000000
13.88600000     -0.0573335000
14.53710000     -0.0594665000
15.18780000     -0.0616000000
16.27260000     -0.0637335000
16.70670000     -0.0653335000
17.79150000     -0.0664000000
18.87630000     -0.0669335000
19.31040000     -0.0658665000
19.96110000     -0.0650667000
20.39520000     -0.0642665000
20.61220000     -0.0629332000
20.82920000     -0.0613332000
21.26290000     -0.0602668000
21.26290000     -0.0586668000
21.47990000     -0.0570668000
21.69700000     -0.0554668000
21.69700000     -0.0538668000
21.91400000     -0.0522668000
22.34810000     -0.0504000000
22.34810000     -0.0490668000
22.56470000     -0.0472001000
22.56470000     -0.0450666000
22.78180000     -0.0431998000
22.99880000     -0.0410668000
23.21590000     -0.0381336000
23.43290000     -0.0360001000
23.64990000     -0.0338666000
23.64990000     -0.0319999000
23.64990000     -0.0296001000
23.86650000     -0.0269331000
24.08360000     -0.0242666000
23.86650000     -0.0221331000
23.86650000     -0.0202669000
24.08360000     -0.0175999000
24.30060000     -0.0154670000
24.30060000     -0.0133335000
24.30060000     -0.0111999000
24.30060000     -0.0090664400
24.30060000     -0.0066667300
24.51770000     -0.0037335000
24.73470000     -0.0010664800
24.95180000     0.0015999900
24.95180000     0.0039997100
24.95180000     0.0074664500
25.16840000     0.0095999600
25.38540000     0.0141332000
25.38540000     0.0165334000
25.60250000     0.0200002000
25.60250000     0.0223999000
25.81950000     0.0250664000
26.03660000     0.0269331000
26.03660000     0.0298669000
26.25360000     0.0325334000
26.68720000     0.0349331000
27.12130000     0.0367998000
27.33840000     0.0378669000
27.98910000     0.0373333000
28.42320000     0.0365331000
28.64020000     0.0354666000
28.64020000     0.0341334000
28.42320000     0.0328001000
28.42320000     0.0309334000
28.42320000     0.0298669000
28.42320000     0.0285331000
28.42320000     0.0271999000
28.64020000     0.0261334000
28.64020000     0.0248002000
28.64020000     0.0232002000
28.64020000     0.0218664000
29.07430000     0.0205332000
28.85730000     0.0186664000
28.85730000     0.0168002000
28.85730000     0.0154664000
29.07430000     0.0136002000
29.07430000     0.0120002000
29.29090000     0.0104002000
29.29090000     0.0082667200
29.50790000     0.0061332200
29.50790000     0.0042664700
29.72500000     0.0023997200
29.94200000     0.0007997250
29.94200000     -0.0010664800
30.37610000     -0.0029332300
30.15910000     -0.0045332200
30.15910000     -0.0072002400
30.37610000     -0.0090664400
30.59270000     -0.0114667000
30.59270000     -0.0138670000
31.24390000     -0.0165334000
31.02680000     -0.0194667000
31.24390000     -0.0210667000
31.46090000     -0.0234669000
31.67800000     -0.0248002000
31.67800000     -0.0266669000
31.46090000     -0.0282669000
31.89460000     -0.0298669000
31.89460000     -0.0314669000
31.89460000     -0.0330669000
32.11160000     -0.0341334000
32.76270000     -0.0346669000
32.97980000     -0.0335998000
33.19640000     -0.0322666000
33.41340000     -0.0306666000
33.41340000     -0.0293334000
33.41340000     -0.0274666000
33.63050000     -0.0258666000
33.84750000     -0.0245334000
33.84750000     -0.0229334000
34.06460000     -0.0210667000
34.06460000     -0.0194667000
34.28160000     -0.0181334000
34.28160000     -0.0162667000
34.28160000     -0.0146667000
34.28160000     -0.0130667000
34.71530000     -0.0114667000
34.71530000     -0.0101335000
34.71530000     -0.0088002300
34.71530000     -0.0072002400
35.14930000     -0.0058664600
35.36640000     -0.0042664700
35.36640000     -0.0029332300
35.58340000     -0.0013332400
35.80000000     0.0007997250
35.80000000     0.0018667500
36.01710000     0.0031999900
36.23410000     0.0053334900
36.23410000     0.0069334800
36.45120000     0.0082667200
36.45120000     0.0095999600
36.45120000     0.0111999000
37.10190000     0.0125332000
37.10190000     0.0138664000
37.10190000     0.0159999000
37.10190000     0.0170664000
37.10190000     0.0186664000
37.31890000     0.0200002000
37.97000000     0.0205332000
38.83780000     0.0202664000
39.27190000     0.0186664000
39.27190000     0.0173332000
39.27190000     0.0159999000
39.27190000     0.0136002000
39.27190000     0.0120002000
39.27190000     0.0106664000
39.48890000     0.0095999600
39.70550000     0.0077332100
39.70550000     0.0061332200
39.70550000     0.0042664700
40.35670000     0.0026664700
40.35670000     0.0010664800
40.79070000     -0.0015999900
40.79070000     -0.0031999900
40.57370000     -0.0045332200
41.00730000     -0.0058664600
41.22440000     -0.0077332100
41.65850000     -0.0093332000
42.09260000     -0.0109332000
42.30920000     -0.0122664000
42.52620000     -0.0136002000
42.96030000     -0.0146667000
43.82800000     -0.0133335000
43.82800000     -0.0120002000
43.82800000     -0.0106664000
44.04510000     -0.0088002300
44.04510000     -0.0069334800
44.26210000     -0.0053334900
44.47920000     -0.0040002500
44.69620000     -0.0026664700
44.91330000     -0.0013332400
45.56400000     0.0002667560
45.56400000     0.0018667500
45.99810000     0.0031999900
46.43170000     0.0042664700
46.64870000     0.0058664600
47.08280000     0.0069334800
47.51690000     0.0079999600
48.38470000     0.0085334800
49.25240000     0.0082667200
49.46940000     0.0066667300
49.68650000     0.0050667300
49.68650000     0.0034667400
49.90350000     0.0015999900
50.12060000     -0.0005335120
50.55420000     -0.0026664700
51.42240000     -0.0037335000
52.50720000     -0.0045332200
53.37490000     -0.0042664700
54.24270000     -0.0026664700
54.89380000     -0.0013332400
55.54450000     -0.0002667560
56.19560000     0.0010664800
56.84630000     0.0015999900
57.49750000     0.0023997200
57.93150000     0.0031999900
58.79930000     0.0039997100
59.66700000     0.0034667400
60.10110000     0.0021335000
60.75180000     0.0005335120
61.40290000     -0.0008002670
61.83700000     -0.0021335000
62.27070000     -0.0031999900
62.70480000     -0.0045332200
62.92180000     -0.0056002500
63.57250000     -0.0061332200
64.44070000     -0.0047999800
64.87430000     -0.0031999900
65.52550000     -0.0015999900
65.74250000     0.0000000000
66.17620000     0.0013332400
66.39320000     0.0023997200
67.04430000     0.0034667400
67.91210000     0.0039997100
68.77980000     0.0034667400
69.43090000     0.0018667500
69.64800000     0.0000000000
69.64800000     -0.0018667500
69.64800000     -0.0029332300
69.86500000     -0.0047999800
70.29870000     -0.0061332200
71.16690000     -0.0063999700
72.03460000     -0.0058664600
72.68530000     -0.0042664700
73.11940000     -0.0029332300
73.77050000     -0.0015999900
73.77050000     0.0000000000
73.98710000     0.0013332400
74.20420000     0.0026664700
74.20420000     0.0037335000
74.63830000     0.0047999800
75.28900000     0.0053334900
75.72300000     0.0042664700
76.15710000     0.0029332300
76.37420000     0.0010664800
76.59080000     -0.0008002670
76.80780000     -0.0021335000
76.80780000     -0.0034667400
77.24190000     -0.0053334900
77.67600000     -0.0066667300
78.54370000     -0.0063999700
79.41150000     -0.0050667300
79.84560000     -0.0037335000
80.27970000     -0.0024002600
80.49670000     -0.0013332400
80.93040000     -0.0005335120
81.14740000     0.0010664800
81.14740000     0.0023997200
81.58150000     0.0037335000
82.01510000     0.0047999800
82.66630000     0.0053334900
83.10040000     0.0045332200
83.53400000     0.0034667400
83.53400000     0.0018667500
83.96810000     0.0000000000
84.18510000     -0.0013332400
84.18510000     -0.0026664700
84.40220000     -0.0040002500
85.05290000     -0.0050667300
85.92060000     -0.0047999800
86.78880000     -0.0034667400
87.00580000     -0.0024002600
87.43950000     -0.0013332400
87.65650000     -0.0002667560
88.09060000     0.0010664800
88.30770000     0.0023997200
88.74130000     0.0031999900
89.17540000     0.0039997100
90.26020000     0.0031999900
90.47720000     0.0015999900
90.47720000     0.0000000000
90.91130000     -0.0010664800
91.12790000     -0.0026664700
91.34500000     -0.0042664700
91.99610000     -0.0050667300
92.86380000     -0.0056002500
93.51500000     -0.0045332200
93.94860000     -0.0026664700
93.94860000     -0.0013332400
94.16570000     0.0000000000
94.38270000     0.0010664800
94.81680000     0.0018667500
95.25050000     0.0026664700
95.68450000     0.0034667400
96.55230000     0.0034667400
97.20340000     0.0021335000
97.63750000     0.0007997250
98.07120000     -0.0002667560
98.07120000     -0.0018667500
98.07120000     -0.0029332300
99.15590000     -0.0031999900
100.24100000     -0.0029332300
100.45800000     -0.0015999900
100.67500000     -0.0002667560
100.89200000     0.0010664800
101.54300000     0.0023997200
102.19400000     0.0034667400
102.84500000     0.0026664700
103.49600000     0.0007997250
103.93000000     -0.0002667560
104.58000000     -0.0015999900
105.66500000     -0.0029332300
106.53300000     -0.0031999900
107.40100000     -0.0021335000
107.40100000     -0.0010664800
107.40100000     0.0000000000
108.26900000     0.0010664800
109.35400000     0.0010664800
110.22200000     0.0002667560
111.08900000     -0.0013332400
111.74100000     -0.0008002670
112.60800000     -0.0002667560
113.69300000     -0.0002667560
114.77800000     -0.0002667560
115.64600000     0.0007997250
117.59900000     0.0000000000
118.46700000     -0.0005335120
119.98600000     0.0000000000
121.07000000     0.0005335120
122.37200000     -0.0005335120
123.45700000     -0.0005335120
124.54200000     0.0002667560
126.27800000     -0.0002667560
127.36200000     -0.0013332400
128.23000000     -0.0002667560
129.09800000     0.0000000000
130.40000000     -0.0002667560
131.70200000     -0.0013332400
132.35300000     -0.0018667500
133.43800000     -0.0008002670
134.30600000     0.0000000000
135.60800000     0.0002667560
136.90900000     0.0000000000
137.99400000     -0.0010664800
138.86200000     -0.0010664800
139.73000000     -0.0002667560
140.81500000     0.0005335120
141.90000000     0.0007997250
142.55000000     0.0000000000
143.20100000     -0.0013332400
144.28600000     -0.0024002600
145.15400000     -0.0013332400
145.80500000     0.0002667560
146.45600000     0.0010664800
147.32400000     0.0018667500
148.19200000     0.0002667560
148.84300000     -0.0013332400
149.92800000     -0.0013332400
150.79500000     -0.0005335120
151.44700000     0.0005335120
152.09700000     0.0015999900
152.96500000     0.0018667500
153.61600000     0.0005335120
154.26700000     -0.0008002670
155.35200000     -0.0013332400
156.00300000     -0.0008002670
156.87100000     -0.0002667560
157.08700000     0.0007997250
157.30500000     0.0018667500
158.17300000     0.0015999900
158.17300000     0.0000000000
158.82300000     -0.0015999900
159.90800000     -0.0024002600
160.77600000     -0.0029332300
161.42700000     -0.0015999900
161.86100000     0.0002667560
162.29500000     0.0013332400
162.94600000     0.0026664700
164.24800000     0.0010664800
164.89800000     -0.0008002670
165.55000000     -0.0018667500
166.41700000     -0.0015999900
167.28500000     -0.0005335120
167.93600000     0.0005335120
168.37000000     0.0013332400
169.45500000     0.0013332400
170.10600000     -0.0002667560
170.97400000     -0.0010664800
171.84200000     -0.0010664800
172.49300000     -0.0002667560
173.57800000     0.0005335120
174.66200000     0.0002667560
176.18100000     -0.0013332400
177.48300000     -0.0010664800
178.13400000     0.0000000000
178.78500000     0.0013332400
179.43600000     0.0007997250
180.08700000     -0.0002667560
180.73700000     -0.0013332400
181.82300000     -0.0015999900
182.47300000     -0.0010664800
183.12400000     0.0000000000
183.77500000     0.0010664800
184.42600000     0.0000000000
185.07700000     -0.0005335120
185.72800000     -0.0015999900
186.59600000     -0.0015999900
187.24700000     -0.0008002670
187.89800000     0.0002667560
189.20000000     0.0005335120
190.28400000     -0.0005335120
191.80300000     -0.0013332400
192.23700000     -0.0002667560
193.75600000     0.0002667560
194.62400000     -0.0005335120
196.14300000     -0.0002667560
197.22800000     -0.0002667560
198.74600000     -0.0002667560
200.69900000     -0.0005335120
202.43500000     -0.0005335120
203.95400000     -0.0005335120
205.25600000     0.0002667560
207.64200000     0.0005335120
210.24600000     0.0005335120
213.06700000     0.0002667560
215.01900000     -0.0002667560
216.97200000     -0.0002667560
217.84000000     -0.0002667560
220.01000000     -0.0002667560
221.74500000     0.0000000000
222.83000000     0.0002667560
223.69800000     0.0010664800
225.21700000     0.0010664800
226.51900000     0.0005335120
227.38700000     0.0005335120
228.47100000     0.0005335120
229.77300000     0.0005335120
231.29200000     0.0002667560
233.46200000     -0.0002667560
234.76300000     -0.0005335120
235.63200000     -0.0005335120
