-50.00000000     0.00000000000000000000
-49.90234375     0.00000000000000000000
-49.80468750     0.00000000000000000000
-49.70703125     0.00000000000000000000
-49.60937500     0.00000000000000000000
-49.51171875     0.00000000000000000000
-49.41406250     0.00000000000000000000
-49.31640625     0.00000000000000000000
-49.21875000     0.00000000000000000000
-49.12109375     0.00000000000000000000
-49.02343750     0.00000000000000000000
-48.92578125     0.00000000000000000000
-48.82812500     0.00000000000000000000
-48.73046875     0.00000000000000000000
-48.63281250     0.00000000000000000000
-48.53515625     0.00000000000000000000
-48.43750000     0.00000000000000000000
-48.33984375     0.00000000000000000000
-48.24218750     0.00000000000000000000
-48.14453125     0.00000000000000000000
-48.04687500     0.00000000000000000000
-47.94921875     0.00000000000000000000
-47.85156250     0.00000000000000000000
-47.75390625     0.00000000000000000000
-47.65625000     0.00000000000000000000
-47.55859375     0.00000000000000000000
-47.46093750     0.00000000000000000000
-47.36328125     0.00000000000000000000
-47.26562500     0.00000000000000000000
-47.16796875     0.00000000000000000000
-47.07031250     0.00000000000000000000
-46.97265625     0.00000000000000000000
-46.87500000     0.00000000000000000000
-46.77734375     0.00000000000000000000
-46.67968750     0.00000000000000000000
-46.58203125     0.00000000000000000000
-46.48437500     0.00000000000000000000
-46.38671875     0.00000000000000000000
-46.28906250     0.00000000000000000000
-46.19140625     0.00000000000000000000
-46.09375000     0.00000000000000000000
-45.99609375     0.00000000000000000000
-45.89843750     0.00000000000000000000
-45.80078125     0.00000000000000000000
-45.70312500     0.00000000000000000000
-45.60546875     0.00000000000000000000
-45.50781250     0.00000000000000000000
-45.41015625     0.00000000000000000000
-45.31250000     0.00000000000000000000
-45.21484375     0.00000000000000000000
-45.11718750     0.00000000000000000000
-45.01953125     0.00000000000000000000
-44.92187500     0.00000000000000000000
-44.82421875     0.00000000000000000000
-44.72656250     0.00000000000000000000
-44.62890625     0.00000000000000000000
-44.53125000     0.00000000000000000000
-44.43359375     0.00000000000000000000
-44.33593750     0.00000000000000000000
-44.23828125     0.00000000000000000000
-44.14062500     0.00000000000000000000
-44.04296875     0.00000000000000000000
-43.94531250     0.00000000000000000000
-43.84765625     0.00000000000000000000
-43.75000000     0.00000000000000000000
-43.65234375     0.00000000000000000000
-43.55468750     0.00000000000000000000
-43.45703125     0.00000000000000000000
-43.35937500     0.00000000000000000000
-43.26171875     0.00000000000000000000
-43.16406250     0.00000000000000000000
-43.06640625     0.00000000000000000000
-42.96875000     0.00000000000000000000
-42.87109375     0.00000000000000000000
-42.77343750     0.00000000000000000000
-42.67578125     0.00000000000000000000
-42.57812500     0.00000000000000000000
-42.48046875     0.00000000000000000000
-42.38281250     0.00000000000000000000
-42.28515625     0.00000000000000000000
-42.18750000     0.00000000000000000000
-42.08984375     0.00000000000000000000
-41.99218750     0.00000000000000000000
-41.89453125     0.00000000000000000000
-41.79687500     0.00000000000000000000
-41.69921875     0.00000000000000000000
-41.60156250     0.00000000000000000000
-41.50390625     0.00000000000000000000
-41.40625000     0.00000000000000000000
-41.30859375     0.00000000000000000000
-41.21093750     0.00000000000000000000
-41.11328125     0.00000000000000000000
-41.01562500     0.00000000000000000000
-40.91796875     0.00000000000000000000
-40.82031250     0.00000000000000000000
-40.72265625     0.00000000000000000000
-40.62500000     0.00000000000000000000
-40.52734375     0.00000000000000000000
-40.42968750     0.00000000000000000000
-40.33203125     0.00000000000000000000
-40.23437500     0.00000000000000000000
-40.13671875     0.00000000000000000000
-40.03906250     0.00000000000000000000
-39.94140625     0.00000000000000000000
-39.84375000     0.00000000000000000000
-39.74609375     0.00000000000000000000
-39.64843750     0.00000000000000000000
-39.55078125     0.00000000000000000000
-39.45312500     0.00000000000000000000
-39.35546875     0.00000000000000000000
-39.25781250     0.00000000000000000000
-39.16015625     0.00000000000000000000
-39.06250000     0.00000000000000000000
-38.96484375     0.00000000000000000000
-38.86718750     0.00000000000000000000
-38.76953125     0.00000000000000000000
-38.67187500     0.00000000000000000000
-38.57421875     0.00000000000000000000
-38.47656250     0.00000000000000000000
-38.37890625     0.00000000000000000000
-38.28125000     0.00000000000000000000
-38.18359375     0.00000000000000000000
-38.08593750     0.00000000000000000000
-37.98828125     0.00000000000000000000
-37.89062500     0.00000000000000000000
-37.79296875     0.00000000000000000000
-37.69531250     0.00000000000000000000
-37.59765625     0.00000000000000000000
-37.50000000     0.00000000000000000000
-37.40234375     0.00000000000000000000
-37.30468750     0.00000000000000000000
-37.20703125     0.00000000000000000000
-37.10937500     0.00000000000000000000
-37.01171875     0.00000000000000000000
-36.91406250     0.00000000000000000000
-36.81640625     0.00000000000000000000
-36.71875000     0.00000000000000000000
-36.62109375     0.00000000000000000000
-36.52343750     0.00000000000000000000
-36.42578125     0.00000000000000000000
-36.32812500     0.00000000000000000000
-36.23046875     0.00000000000000000000
-36.13281250     0.00000000000000000000
-36.03515625     0.00000000000000000000
-35.93750000     0.00000000000000000000
-35.83984375     0.00000000000000000000
-35.74218750     0.00000000000000000000
-35.64453125     0.00000000000000000000
-35.54687500     0.00000000000000000000
-35.44921875     0.00000000000000000000
-35.35156250     0.00000000000000000000
-35.25390625     0.00000000000000000000
-35.15625000     0.00000000000000000000
-35.05859375     0.00000000000000000000
-34.96093750     0.00000000000000000000
-34.86328125     0.00000000000000000000
-34.76562500     0.00000000000000000000
-34.66796875     0.00000000000000000000
-34.57031250     0.00000000000000000000
-34.47265625     0.00000000000000000000
-34.37500000     0.00000000000000000000
-34.27734375     0.00000000000000000000
-34.17968750     0.00000000000000000000
-34.08203125     0.00000000000000000000
-33.98437500     0.00000000000000000000
-33.88671875     0.00000000000000000000
-33.78906250     0.00000000000000000000
-33.69140625     0.00000000000000000000
-33.59375000     0.00000000000000000000
-33.49609375     0.00000000000000000000
-33.39843750     0.00000000000000000000
-33.30078125     0.00000000000000000000
-33.20312500     0.00000000000000000000
-33.10546875     0.00000000000000000000
-33.00781250     0.00000000000000000000
-32.91015625     0.00000000000000000000
-32.81250000     0.00000000000000000000
-32.71484375     0.00000000000000000000
-32.61718750     0.00000000000000000000
-32.51953125     0.00000000000000000000
-32.42187500     0.00000000000000000000
-32.32421875     0.00000000000000000000
-32.22656250     0.00000000000000000000
-32.12890625     0.00000000000000000000
-32.03125000     0.00000000000000000000
-31.93359375     0.00000000000000000000
-31.83593750     0.00000000000000000000
-31.73828125     0.00000000000000000000
-31.64062500     0.00000000000000000000
-31.54296875     0.00000000000000000000
-31.44531250     0.00000000000000000000
-31.34765625     0.00000000000000000000
-31.25000000     0.00000000000000000000
-31.15234375     0.00000000000000000000
-31.05468750     0.00000000000000000000
-30.95703125     0.00000000000000000000
-30.85937500     0.00000000000000000000
-30.76171875     0.00000000000000000000
-30.66406250     0.00000000000000000000
-30.56640625     0.00000000000000000000
-30.46875000     0.00000000000000000000
-30.37109375     0.00000000000000000000
-30.27343750     0.00000000000000000000
-30.17578125     0.00000000000000000000
-30.07812500     0.00000000000000000000
-29.98046875     0.00000000000000000000
-29.88281250     0.00000000000000000000
-29.78515625     0.00000000000000000000
-29.68750000     0.00000000000000000000
-29.58984375     0.00000000000000000000
-29.49218750     0.00000000000000000000
-29.39453125     0.00000000000000000000
-29.29687500     0.00000000000000000000
-29.19921875     0.00000000000000000000
-29.10156250     0.00000000000000000000
-29.00390625     0.00000000000000000000
-28.90625000     0.00000000000000000000
-28.80859375     0.00000000000000000000
-28.71093750     0.00000000000000000000
-28.61328125     0.00000000000000000000
-28.51562500     0.00000000000000000000
-28.41796875     0.00000000000000000000
-28.32031250     0.00000000000000000000
-28.22265625     0.00000000000000000000
-28.12500000     0.00000000000000000000
-28.02734375     0.00000000000000000000
-27.92968750     0.00000000000000000000
-27.83203125     0.00000000000000000000
-27.73437500     0.00000000000000000000
-27.63671875     0.00000000000000000000
-27.53906250     0.00000000000000000000
-27.44140625     0.00000000000000000000
-27.34375000     0.00000000000000000000
-27.24609375     0.00000000000000000000
-27.14843750     0.00000000000000000000
-27.05078125     0.00000000000000000000
-26.95312500     0.00000000000000000000
-26.85546875     0.00000000000000000000
-26.75781250     0.00000000000000000000
-26.66015625     0.00000000000000000000
-26.56250000     -0.00000000000000000000
-26.46484375     0.00000000000000000000
-26.36718750     -0.00000000000000000000
-26.26953125     0.00000000000000000000
-26.17187500     -0.00000000000000000000
-26.07421875     0.00000000000000000000
-25.97656250     -0.00000000000000000000
-25.87890625     0.00000000000000000000
-25.78125000     -0.00000000000000000000
-25.68359375     0.00000000000000000000
-25.58593750     -0.00000000000000000000
-25.48828125     0.00000000000000000000
-25.39062500     -0.00000000000000000000
-25.29296875     0.00000000000000000000
-25.19531250     -0.00000000000000000000
-25.09765625     0.00000000000000000000
-25.00000000     -0.00000000000000000000
-24.90234375     0.00000000000000000000
-24.80468750     0.00000000000000000000
-24.70703125     0.00000000000000000000
-24.60937500     0.00000000000000000000
-24.51171875     0.00000000000000000000
-24.41406250     0.00000000000000000000
-24.31640625     0.00000000000000000000
-24.21875000     -0.00000000000000000000
-24.12109375     0.00000000000000000000
-24.02343750     0.00000000000000000000
-23.92578125     0.00000000000000000000
-23.82812500     -0.00000000000000000000
-23.73046875     0.00000000000000000000
-23.63281250     -0.00000000000000000000
-23.53515625     0.00000000000000000000
-23.43750000     0.00000000000000000000
-23.33984375     -0.00000000000000000000
-23.24218750     0.00000000000000000000
-23.14453125     0.00000000000000000000
-23.04687500     0.00000000000000000000
-22.94921875     -0.00000000000000000000
-22.85156250     -0.00000000000000000000
-22.75390625     0.00000000000000000000
-22.65625000     -0.00000000000000000000
-22.55859375     0.00000000000000000000
-22.46093750     -0.00000000000000000000
-22.36328125     0.00000000000000000000
-22.26562500     0.00000000000000000000
-22.16796875     0.00000000000000000000
-22.07031250     -0.00000000000000000000
-21.97265625     0.00000000000000000000
-21.87500000     -0.00000000000000000000
-21.77734375     0.00000000000000000000
-21.67968750     -0.00000000000000000000
-21.58203125     0.00000000000000000000
-21.48437500     0.00000000000000000000
-21.38671875     0.00000000000000000000
-21.28906250     -0.00000000000000000000
-21.19140625     0.00000000000000000000
-21.09375000     0.00000000000000000000
-20.99609375     0.00000000000000000000
-20.89843750     -0.00000000000000000000
-20.80078125     0.00000000000000000000
-20.70312500     0.00000000000000000000
-20.60546875     -0.00000000000000000000
-20.50781250     -0.00000000000000000000
-20.41015625     0.00000000000000000000
-20.31250000     0.00000000000000000000
-20.21484375     0.00000000000000000000
-20.11718750     -0.00000000000000000000
-20.01953125     0.00000000000000000000
-19.92187500     -0.00000000000000000000
-19.82421875     0.00000000000000000000
-19.72656250     -0.00000000000000000000
-19.62890625     0.00000000000000000000
-19.53125000     -0.00000000000000000000
-19.43359375     0.00000000000000000000
-19.33593750     -0.00000000000000000000
-19.23828125     0.00000000000000000000
-19.14062500     -0.00000000000000000000
-19.04296875     0.00000000000000000000
-18.94531250     -0.00000000000000000000
-18.84765625     0.00000000000000000000
-18.75000000     -0.00000000000000000000
-18.65234375     0.00000000000000000000
-18.55468750     -0.00000000000000000000
-18.45703125     0.00000000000000000000
-18.35937500     -0.00000000000000000000
-18.26171875     0.00000000000000000000
-18.16406250     0.00000000000000000000
-18.06640625     -0.00000000000000000000
-17.96875000     0.00000000000000000000
-17.87109375     -0.00000000000000000000
-17.77343750     0.00000000000000000000
-17.67578125     -0.00000000000000000000
-17.57812500     0.00000000000000000000
-17.48046875     -0.00000000000000000000
-17.38281250     0.00000000000000000000
-17.28515625     -0.00000000000000000000
-17.18750000     0.00000000000000000000
-17.08984375     -0.00000000000000000000
-16.99218750     0.00000000000000000000
-16.89453125     -0.00000000000000000000
-16.79687500     0.00000000000000000000
-16.69921875     -0.00000000000000000000
-16.60156250     0.00000000000000000000
-16.50390625     -0.00000000000000000000
-16.40625000     0.00000000000000000000
-16.30859375     -0.00000000000000000000
-16.21093750     0.00000000000000000000
-16.11328125     -0.00000000000000000000
-16.01562500     0.00000000000000000000
-15.91796875     -0.00000000000000000000
-15.82031250     0.00000000000000000000
-15.72265625     -0.00000000000000000000
-15.62500000     0.00000000000000000000
-15.52734375     -0.00000000000000000000
-15.42968750     0.00000000000000000000
-15.33203125     -0.00000000000000000000
-15.23437500     0.00000000000000000000
-15.13671875     0.00000000000000000000
-15.03906250     0.00000000000000000000
-14.94140625     0.00000000000000000000
-14.84375000     0.00000000000000000000
-14.74609375     0.00000000000000000000
-14.64843750     0.00000000000000000000
-14.55078125     -0.00000000000000000000
-14.45312500     0.00000000000000000000
-14.35546875     -0.00000000000000000000
-14.25781250     0.00000000000000000000
-14.16015625     -0.00000000000000000000
-14.06250000     0.00000000000000000000
-13.96484375     -0.00000000000000000000
-13.86718750     0.00000000000000000000
-13.76953125     -0.00000000000000000000
-13.67187500     0.00000000000000000000
-13.57421875     0.00000000000000000000
-13.47656250     0.00000000000000000000
-13.37890625     0.00000000000000000000
-13.28125000     -0.00000000000000000000
-13.18359375     0.00000000000000000000
-13.08593750     -0.00000000000000000000
-12.98828125     0.00000000000000000000
-12.89062500     -0.00000000000000000000
-12.79296875     -0.00000000000000000000
-12.69531250     -0.00000000000000000000
-12.59765625     -0.00000000000000000000
-12.50000000     0.00000000000000000000
-12.40234375     0.00000000000000000000
-12.30468750     0.00000000000000000000
-12.20703125     0.00000000000000000000
-12.10937500     0.00000000000000000000
-12.01171875     0.00000000000000000000
-11.91406250     0.00000000000000000000
-11.81640625     -0.00000000000000000000
-11.71875000     -0.00000000000000000000
-11.62109375     -0.00000000000000000000
-11.52343750     -0.00000000000000000000
-11.42578125     -0.00000000000000000000
-11.32812500     0.00000000000000000000
-11.23046875     0.00000000000000000000
-11.13281250     0.00000000000000000000
-11.03515625     0.00000000000000000000
-10.93750000     -0.00000000000000000000
-10.83984375     -0.00000000000000000000
-10.74218750     -0.00000000000000000000
-10.64453125     -0.00000000000000000000
-10.54687500     -0.00000000000000000000
-10.44921875     -0.00000000000000000000
-10.35156250     -0.00000000000000000000
-10.25390625     -0.00000000000000000000
-10.15625000     0.00000000000000000000
-10.05859375     -0.00000000000000000000
-9.96093750     -0.00000000000000000000
-9.86328125     -0.00000000000000000000
-9.76562500     -0.00000000000000000000
-9.66796875     -0.00000000000000000000
-9.57031250     -0.00000000000000000000
-9.47265625     -0.00000000000000000000
-9.37500000     -0.00000000000000000000
-9.27734375     -0.00000000000000000000
-9.17968750     -0.00000000000000000000
-9.08203125     -0.00000000000000000000
-8.98437500     -0.00000000000000000000
-8.88671875     -0.00000000000000000000
-8.78906250     -0.00000000000000000000
-8.69140625     -0.00000000000000000000
-8.59375000     -0.00000000000000000000
-8.49609375     -0.00000000000000000000
-8.39843750     -0.00000000000000000000
-8.30078125     -0.00000000000000000000
-8.20312500     -0.00000000000000000000
-8.10546875     -0.00000000000000000000
-8.00781250     -0.00000000000000000000
-7.91015625     -0.00000000000000000000
-7.81250000     -0.00000000000000000000
-7.71484375     -0.00000000000000000000
-7.61718750     -0.00000000000000000000
-7.51953125     -0.00000000000000000000
-7.42187500     -0.00000000000000000000
-7.32421875     -0.00000000000000000000
-7.22656250     -0.00000000000000000000
-7.12890625     -0.00000000000000000000
-7.03125000     -0.00000000000000000000
-6.93359375     -0.00000000000000000000
-6.83593750     -0.00000000000000000000
-6.73828125     -0.00000000000000000000
-6.64062500     -0.00000000000000000000
-6.54296875     -0.00000000000000000000
-6.44531250     -0.00000000000000000000
-6.34765625     -0.00000000000000000000
-6.25000000     -0.00000000000000000000
-6.15234375     -0.00000000000000000000
-6.05468750     -0.00000000000000000000
-5.95703125     -0.00000000000000000000
-5.85937500     -0.00000000000000000000
-5.76171875     -0.00000000000000000000
-5.66406250     -0.00000000000000000000
-5.56640625     -0.00000000000000000000
-5.46875000     -0.00000000000000000000
-5.37109375     -0.00000000000000000000
-5.27343750     -0.00000000000000000000
-5.17578125     -0.00000000000000000000
-5.07812500     -0.00000000000000000000
-4.98046875     -0.00000000000000000000
-4.88281250     -0.00000000000000000000
-4.78515625     -0.00000000000000000000
-4.68750000     -0.00000000000000000000
-4.58984375     -0.00000000000000000000
-4.49218750     -0.00000000000000000000
-4.39453125     -0.00000000000000000000
-4.29687500     -0.00000000000000000000
-4.19921875     -0.00000000000000000000
-4.10156250     -0.00000000000000000000
-4.00390625     -0.00000000000000000000
-3.90625000     -0.00000000000000000000
-3.80859375     -0.00000000000000000000
-3.71093750     -0.00000000000000000000
-3.61328125     -0.00000000000000000000
-3.51562500     -0.00000000000000000000
-3.41796875     -0.00000000000000000000
-3.32031250     -0.00000000000000000000
-3.22265625     -0.00000000000000000000
-3.12500000     -0.00000000000000000000
-3.02734375     -0.00000000000000000000
-2.92968750     -0.00000000000000000000
-2.83203125     -0.00000000000000000000
-2.73437500     -0.00000000000000000000
-2.63671875     -0.00000000000000000000
-2.53906250     -0.00000000000000000000
-2.44140625     -0.00000000000000000000
-2.34375000     -0.00000000000000000000
-2.24609375     -0.00000000000000000000
-2.14843750     -0.00000000000000000000
-2.05078125     -0.00000000000000000000
-1.95312500     -0.00000000000000000000
-1.85546875     -0.00000000000000000000
-1.75781250     -0.00000000000000000000
-1.66015625     -0.00000000000000000000
-1.56250000     -0.00000000000000000000
-1.46484375     -0.00000000000000000000
-1.36718750     -0.00000000000000000000
-1.26953125     -0.00000000000000000000
-1.17187500     -0.00000000000000000000
-1.07421875     -0.00000000000000000000
-0.97656250     -0.00000000000000000000
-0.87890625     0.00000000000000000000
-0.78125000     -0.00000000000000000000
-0.68359375     -0.00000000000000000000
-0.58593750     -0.00000000000000000000
-0.48828125     -0.00000000000000000000
-0.39062500     -0.00000000000000000000
-0.29296875     -0.00000000000000000000
-0.19531250     -0.00000000000000000000
-0.09765625     -0.00000000000000000000
0.00000000     -0.00000000000000000000
0.09765625     -0.00000000000000000000
0.19531250     -0.00000000000000000000
0.29296875     -0.00000000000000000000
0.39062500     -0.00000000000000000000
0.48828125     -0.00000000000000000000
0.58593750     -0.00000000000000000000
0.68359375     -0.00000000000000000000
0.78125000     -0.00000000000000000000
0.87890625     -0.00000000000000000000
0.97656250     -0.00000000000000000000
1.07421875     -0.00000000000000000000
1.17187500     -0.00000000000000000000
1.26953125     -0.00000000000000000000
1.36718750     -0.00000000000000000000
1.46484375     -0.00000000000000000000
1.56250000     -0.00000000000000000000
1.66015625     -0.00000000000000000000
1.75781250     -0.00000000000000000000
1.85546875     -0.00000000000000000000
1.95312500     0.00000000000000000000
2.05078125     -0.00000000000000000000
2.14843750     -0.00000000000000000000
2.24609375     -0.00000000000000000000
2.34375000     -0.00000000000000000000
2.44140625     -0.00000000000000000000
2.53906250     -0.00000000000000000000
2.63671875     -0.00000000000000000000
2.73437500     -0.00000000000000000000
2.83203125     -0.00000000000000000000
2.92968750     -0.00000000000000000000
3.02734375     -0.00000000000000000000
3.12500000     -0.00000000000000000000
3.22265625     -0.00000000000000000000
3.32031250     -0.00000000000000000000
3.41796875     -0.00000000000000000000
3.51562500     -0.00000000000000000000
3.61328125     -0.00000000000000000000
3.71093750     -0.00000000000000000000
3.80859375     -0.00000000000000000000
3.90625000     -0.00000000000000000000
4.00390625     -0.00000000000000000000
4.10156250     -0.00000000000000000128
4.19921875     -0.00000000000000000015
4.29687500     -0.00000000000000000082
4.39453125     -0.00000000000000000108
4.49218750     -0.00000000000000000196
4.58984375     -0.00000000000000000409
4.68750000     -0.00000000000000000596
4.78515625     -0.00000000000000000751
4.88281250     -0.00000000000000007794
4.98046875     -0.00000000000000051021
5.07812500     -0.00000000000000014667
5.17578125     -0.00000000000000036163
5.27343750     -0.00000005629223177520
5.37109375     -0.00000008070866987400
5.46875000     0.00000001148182512480
5.56640625     -0.00000008190785939120
5.66406250     -0.00000032578783449600
5.76171875     -0.00000065840584841800
5.85937500     -0.00000091740117193200
5.95703125     -0.00000073707923681800
6.05468750     -0.00000200476333040000
6.15234375     -0.00000133152451311000
6.25000000     -0.00000576217410869000
6.34765625     -0.00000696215250120000
6.44531250     -0.00000896908631453000
6.54296875     -0.00000898829615208000
6.64062500     -0.00000769983882145000
6.73828125     -0.00000728504487079000
6.83593750     -0.00000857005200408000
6.93359375     -0.00000987242622195000
7.03125000     -0.00001088942277500000
7.12890625     -0.00001167264500450000
7.22656250     -0.00001211300457280000
7.32421875     -0.00001233453920930000
7.42187500     -0.00001265027353700000
7.51953125     -0.00001333972312770000
7.61718750     -0.00001416441707170000
7.71484375     -0.00001452521843860000
7.81250000     -0.00001390845708000000
7.91015625     -0.00001241109775910000
8.00781250     -0.00001073120205410000
8.10546875     -0.00000949985584328000
8.20312500     -0.00000875787089475000
8.30078125     -0.00000803207228740000
8.39843750     -0.00000660004131595000
8.49609375     -0.00000372350429126000
8.59375000     0.00000129397242496000
8.69140625     0.00000945884078346000
8.78906250     0.00002267883415780000
8.88671875     0.00004410313265130000
8.98437500     0.00007796424398820001
9.08203125     0.00012941514674600000
9.17968750     0.00020510055629800001
9.27734375     0.00031453702167600001
9.37500000     0.00047161710753700000
9.47265625     0.00069568781971399997
9.57031250     0.00101222166007999999
9.66796875     0.00145356197660000000
9.76562500     0.00206004568852999987
9.86328125     0.00288128099843999990
9.96093750     0.00397730901971000018
10.05859375     0.00541900635641000012
10.15625000     0.00728742376379000033
10.25390625     0.00967262116385000058
10.35156250     0.01267254949739999963
10.44921875     0.01639167471020000141
10.54687500     0.02093849310859999951
10.64453125     0.02642163229270000011
10.74218750     0.03294537401529999687
10.83984375     0.04060586815649999681
10.93750000     0.04948781915199999826
11.03515625     0.05965937103419999971
11.13281250     0.07116462409330000238
11.23046875     0.08401730270120000288
11.32812500     0.09819581650479999868
11.42578125     0.11363156286799999672
11.52343750     0.13018654646200000791
11.62109375     0.14763061706200000800
11.71875000     0.16562912995799999871
11.81640625     0.18374029613699999208
11.91406250     0.20142011330000000879
12.01171875     0.21803935404200000536
12.10937500     0.23291993711699998659
12.20703125     0.24537589485399999290
12.30468750     0.25461812331400002218
12.40234375     0.26015248174499999712
12.50000000     0.26201227517499997566
12.59765625     0.26138439860500001233
12.69531250     0.25610755762199999275
12.79296875     0.24598628564399999119
12.89062500     0.23327239438100000335
12.98828125     0.21845796616999998974
13.08593750     0.20186681608699999502
13.18359375     0.18418436569599999642
13.28125000     0.16605974739900000725
13.37890625     0.14803958815199999566
13.47656250     0.13056593934700000403
13.57421875     0.11397284433500000367
13.67187500     0.09849286383039999870
13.76953125     0.08427139371120000166
13.86718750     0.07138376149389999425
13.96484375     0.05985168771789999703
14.06250000     0.04965716563349999862
14.16015625     0.04075310241420000007
14.25781250     0.03307102402409999725
14.35546875     0.02652664851730000134
14.45312500     0.02102421923209999918
14.55078125     0.01646029558690000061
14.64843750     0.01272738567899999937
14.74609375     0.00971750451176000077
14.84375000     0.00732553393758000014
14.94140625     0.00545217063030999961
15.03906250     0.00400626220927999960
15.13671875     0.00290640674604000001
15.23437500     0.00208178910886999994
15.33203125     0.00147231843002999991
15.42968750     0.00102820253073000007
15.52734375     0.00070910554363299997
15.62500000     0.00048296912620499999
15.72265625     0.00032485076547299999
15.82031250     0.00021577700882300001
15.91796875     0.00014154039715200001
16.01562500     0.00009168448178750000
16.11328125     0.00005864402815220000
16.21093750     0.00003703554853920000
16.30859375     0.00002308934394600000
16.40625000     0.00001420694402730000
16.50390625     0.00000862460423702000
16.60156250     0.00000516315846365000
16.69921875     0.00000304595433601000
16.79687500     0.00000176895124144000
16.89453125     0.00000100978841001000
16.99218750     0.00000056528228264800
17.08984375     0.00000030921732321800
17.18750000     0.00000016432673885600
17.28515625     0.00000008400197276900
17.38281250     0.00000004054736351830
17.48046875     0.00000001775864948640
17.57812500     0.00000000630777507248
17.67578125     0.00000000091802460656
17.77343750     -0.00000000133922346268
17.87109375     -0.00000000205151315344
17.96875000     -0.00000000205746114763
18.06640625     -0.00000000178361547868
18.16406250     -0.00000000143625704576
18.26171875     -0.00000000110650922639
18.35937500     -0.00000000082785928185
18.45703125     -0.00000000060664562441
18.55468750     -0.00000000043765899767
18.65234375     -0.00000000031190640548
18.75000000     -0.00000000022006016089
18.84765625     -0.00000000015444036304
18.94531250     -0.00000000010750500524
19.04296875     -0.00000000007443987809
19.14062500     -0.00000000005136466162
19.23828125     -0.00000000003538432754
19.33593750     -0.00000000002439233828
19.43359375     -0.00000000001687631681
19.53125000     -0.00000000001176244106
19.62890625     -0.00000000000829571039
19.72656250     -0.00000000000595001656
19.82421875     -0.00000000000436176728
19.92187500     -0.00000000000328104017
20.01953125     -0.00000000000277452131
20.11718750     -0.00000000000224243906
20.21484375     -0.00000000000185241184
20.31250000     -0.00000000000155921392
20.41015625     -0.00000000000132920455
20.50781250     -0.00000000000114035686
20.60546875     -0.00000000000097836711
20.70312500     -0.00000000000083402091
20.80078125     -0.00000000000070143078
20.89843750     -0.00000000000057686709
20.99609375     -0.00000000000045798896
21.09375000     -0.00000000000034334280
21.19140625     -0.00000000000023500577
21.28906250     -0.00000000000010555936
21.38671875     -0.00000000000002641828
21.48437500     0.00000000000000000000
21.58203125     0.00000000000000000000
21.67968750     0.00000000000000000000
21.77734375     0.00000000000000000000
21.87500000     0.00000000000000000000
21.97265625     0.00000000000000000000
22.07031250     0.00000000000000000000
22.16796875     0.00000000000000000000
22.26562500     0.00000000000000000000
22.36328125     0.00000000000000000000
22.46093750     0.00000000000000000000
22.55859375     0.00000000000000000000
22.65625000     0.00000000000000000000
22.75390625     0.00000000000000000000
22.85156250     0.00000000000000000000
22.94921875     0.00000000000000000000
23.04687500     0.00000000000000000000
23.14453125     0.00000000000000000000
23.24218750     0.00000000000000000000
23.33984375     0.00000000000000000000
23.43750000     0.00000000000000000000
23.53515625     0.00000000000000000000
23.63281250     0.00000000000000000000
23.73046875     0.00000000000000000000
23.82812500     0.00000000000000000000
23.92578125     0.00000000000000000000
24.02343750     0.00000000000000000000
24.12109375     0.00000000000000000000
24.21875000     0.00000000000000000000
24.31640625     0.00000000000000000000
24.41406250     0.00000000000000000000
24.51171875     0.00000000000000000000
24.60937500     0.00000000000000000000
24.70703125     0.00000000000000000000
24.80468750     0.00000000000000000000
24.90234375     0.00000000000000000000
