-50.00000000     0.00000000000000000000
-49.90234375     0.00000000000000000000
-49.80468750     0.00000000000000000000
-49.70703125     0.00000000000000000000
-49.60937500     0.00000000000000000000
-49.51171875     0.00000000000000000000
-49.41406250     0.00000000000000000000
-49.31640625     0.00000000000000000000
-49.21875000     0.00000000000000000000
-49.12109375     0.00000000000000000000
-49.02343750     0.00000000000000000000
-48.92578125     0.00000000000000000000
-48.82812500     0.00000000000000000000
-48.73046875     0.00000000000000000000
-48.63281250     0.00000000000000000000
-48.53515625     0.00000000000000000000
-48.43750000     0.00000000000000000000
-48.33984375     0.00000000000000000000
-48.24218750     0.00000000000000000000
-48.14453125     0.00000000000000000000
-48.04687500     0.00000000000000000000
-47.94921875     0.00000000000000000000
-47.85156250     0.00000000000000000000
-47.75390625     0.00000000000000000000
-47.65625000     0.00000000000000000000
-47.55859375     0.00000000000000000000
-47.46093750     0.00000000000000000000
-47.36328125     0.00000000000000000000
-47.26562500     0.00000000000000000000
-47.16796875     0.00000000000000000000
-47.07031250     0.00000000000000000000
-46.97265625     0.00000000000000000000
-46.87500000     0.00000000000000000000
-46.77734375     0.00000000000000000000
-46.67968750     0.00000000000000000000
-46.58203125     0.00000000000000000000
-46.48437500     0.00000000000000000000
-46.38671875     0.00000000000000000000
-46.28906250     0.00000000000000000000
-46.19140625     0.00000000000000000000
-46.09375000     0.00000000000000000000
-45.99609375     0.00000000000000000000
-45.89843750     0.00000000000000000000
-45.80078125     0.00000000000000000000
-45.70312500     0.00000000000000000000
-45.60546875     0.00000000000000000000
-45.50781250     0.00000000000000000000
-45.41015625     0.00000000000000000000
-45.31250000     0.00000000000000000000
-45.21484375     0.00000000000000000000
-45.11718750     0.00000000000000000000
-45.01953125     0.00000000000000000000
-44.92187500     0.00000000000000000000
-44.82421875     0.00000000000000000000
-44.72656250     0.00000000000000000000
-44.62890625     0.00000000000000000000
-44.53125000     0.00000000000000000000
-44.43359375     0.00000000000000000000
-44.33593750     0.00000000000000000000
-44.23828125     0.00000000000000000000
-44.14062500     0.00000000000000000000
-44.04296875     0.00000000000000000000
-43.94531250     0.00000000000000000000
-43.84765625     0.00000000000000000000
-43.75000000     0.00000000000000000000
-43.65234375     0.00000000000000000000
-43.55468750     0.00000000000000000000
-43.45703125     0.00000000000000000000
-43.35937500     0.00000000000000000000
-43.26171875     0.00000000000000000000
-43.16406250     0.00000000000000000000
-43.06640625     0.00000000000000000000
-42.96875000     0.00000000000000000000
-42.87109375     0.00000000000000000000
-42.77343750     0.00000000000000000000
-42.67578125     0.00000000000000000000
-42.57812500     0.00000000000000000000
-42.48046875     0.00000000000000000000
-42.38281250     0.00000000000000000000
-42.28515625     0.00000000000000000000
-42.18750000     0.00000000000000000000
-42.08984375     0.00000000000000000000
-41.99218750     0.00000000000000000000
-41.89453125     0.00000000000000000000
-41.79687500     0.00000000000000000000
-41.69921875     0.00000000000000000000
-41.60156250     0.00000000000000000000
-41.50390625     0.00000000000000000000
-41.40625000     0.00000000000000000000
-41.30859375     0.00000000000000000000
-41.21093750     0.00000000000000000000
-41.11328125     0.00000000000000000000
-41.01562500     0.00000000000000000000
-40.91796875     0.00000000000000000000
-40.82031250     0.00000000000000000000
-40.72265625     0.00000000000000000000
-40.62500000     0.00000000000000000000
-40.52734375     0.00000000000000000000
-40.42968750     0.00000000000000000000
-40.33203125     0.00000000000000000000
-40.23437500     0.00000000000000000000
-40.13671875     0.00000000000000000000
-40.03906250     0.00000000000000000000
-39.94140625     0.00000000000000000000
-39.84375000     0.00000000000000000000
-39.74609375     0.00000000000000000000
-39.64843750     0.00000000000000000000
-39.55078125     0.00000000000000000000
-39.45312500     0.00000000000000000000
-39.35546875     0.00000000000000000000
-39.25781250     0.00000000000000000000
-39.16015625     0.00000000000000000000
-39.06250000     0.00000000000000000000
-38.96484375     0.00000000000000000000
-38.86718750     0.00000000000000000000
-38.76953125     0.00000000000000000000
-38.67187500     0.00000000000000000000
-38.57421875     0.00000000000000000000
-38.47656250     0.00000000000000000000
-38.37890625     0.00000000000000000000
-38.28125000     0.00000000000000000000
-38.18359375     0.00000000000000000000
-38.08593750     0.00000000000000000000
-37.98828125     0.00000000000000000000
-37.89062500     0.00000000000000000000
-37.79296875     0.00000000000000000000
-37.69531250     0.00000000000000000000
-37.59765625     0.00000000000000000000
-37.50000000     0.00000000000000000000
-37.40234375     0.00000000000000000000
-37.30468750     0.00000000000000000000
-37.20703125     0.00000000000000000000
-37.10937500     0.00000000000000000000
-37.01171875     0.00000000000000000000
-36.91406250     0.00000000000000000000
-36.81640625     0.00000000000000000000
-36.71875000     0.00000000000000000000
-36.62109375     0.00000000000000000000
-36.52343750     0.00000000000000000000
-36.42578125     0.00000000000000000000
-36.32812500     0.00000000000000000000
-36.23046875     0.00000000000000000000
-36.13281250     0.00000000000000000000
-36.03515625     0.00000000000000000000
-35.93750000     0.00000000000000000000
-35.83984375     0.00000000000000000000
-35.74218750     0.00000000000000000000
-35.64453125     0.00000000000000000000
-35.54687500     0.00000000000000000000
-35.44921875     0.00000000000000000000
-35.35156250     0.00000000000000000000
-35.25390625     0.00000000000000000000
-35.15625000     0.00000000000000000000
-35.05859375     0.00000000000000000000
-34.96093750     0.00000000000000000000
-34.86328125     0.00000000000000000000
-34.76562500     0.00000000000000000000
-34.66796875     0.00000000000000000000
-34.57031250     0.00000000000000000000
-34.47265625     0.00000000000000000000
-34.37500000     0.00000000000000000000
-34.27734375     0.00000000000000000000
-34.17968750     0.00000000000000000000
-34.08203125     0.00000000000000000000
-33.98437500     0.00000000000000000000
-33.88671875     0.00000000000000000000
-33.78906250     0.00000000000000000000
-33.69140625     0.00000000000000000000
-33.59375000     0.00000000000000000000
-33.49609375     0.00000000000000000000
-33.39843750     0.00000000000000000000
-33.30078125     0.00000000000000000000
-33.20312500     0.00000000000000000000
-33.10546875     0.00000000000000000000
-33.00781250     0.00000000000000000000
-32.91015625     0.00000000000000000000
-32.81250000     0.00000000000000000000
-32.71484375     0.00000000000000000000
-32.61718750     0.00000000000000000000
-32.51953125     0.00000000000000000000
-32.42187500     0.00000000000000000000
-32.32421875     0.00000000000000000000
-32.22656250     0.00000000000000000000
-32.12890625     0.00000000000000000000
-32.03125000     0.00000000000000000000
-31.93359375     0.00000000000000000000
-31.83593750     0.00000000000000000000
-31.73828125     0.00000000000000000000
-31.64062500     0.00000000000000000000
-31.54296875     0.00000000000000000000
-31.44531250     0.00000000000000000000
-31.34765625     0.00000000000000000000
-31.25000000     0.00000000000000000000
-31.15234375     0.00000000000000000000
-31.05468750     0.00000000000000000000
-30.95703125     0.00000000000000000000
-30.85937500     0.00000000000000000000
-30.76171875     0.00000000000000000000
-30.66406250     0.00000000000000000000
-30.56640625     0.00000000000000000000
-30.46875000     0.00000000000000000000
-30.37109375     0.00000000000000000000
-30.27343750     0.00000000000000000000
-30.17578125     0.00000000000000000000
-30.07812500     0.00000000000000000000
-29.98046875     0.00000000000000000000
-29.88281250     0.00000000000000000000
-29.78515625     0.00000000000000000000
-29.68750000     0.00000000000000000000
-29.58984375     0.00000000000000000000
-29.49218750     0.00000000000000000000
-29.39453125     0.00000000000000000000
-29.29687500     0.00000000000000000000
-29.19921875     0.00000000000000000000
-29.10156250     0.00000000000000000000
-29.00390625     0.00000000000000000000
-28.90625000     0.00000000000000000000
-28.80859375     0.00000000000000000000
-28.71093750     0.00000000000000000000
-28.61328125     0.00000000000000000000
-28.51562500     0.00000000000000000000
-28.41796875     0.00000000000000000000
-28.32031250     0.00000000000000000000
-28.22265625     0.00000000000000000000
-28.12500000     0.00000000000000000000
-28.02734375     0.00000000000000000000
-27.92968750     0.00000000000000000000
-27.83203125     0.00000000000000000000
-27.73437500     0.00000000000000000000
-27.63671875     0.00000000000000000000
-27.53906250     0.00000000000000000000
-27.44140625     0.00000000000000000000
-27.34375000     0.00000000000000000000
-27.24609375     0.00000000000000000000
-27.14843750     0.00000000000000000000
-27.05078125     0.00000000000000000000
-26.95312500     0.00000000000000000000
-26.85546875     -0.00000000000000000000
-26.75781250     0.00000000000000000000
-26.66015625     -0.00000000000000000000
-26.56250000     -0.00000000000000000000
-26.46484375     0.00000000000000000000
-26.36718750     0.00000000000000000000
-26.26953125     0.00000000000000000000
-26.17187500     0.00000000000000000000
-26.07421875     -0.00000000000000000000
-25.97656250     -0.00000000000000000000
-25.87890625     0.00000000000000000000
-25.78125000     0.00000000000000000000
-25.68359375     -0.00000000000000000000
-25.58593750     -0.00000000000000000000
-25.48828125     0.00000000000000000000
-25.39062500     -0.00000000000000000000
-25.29296875     -0.00000000000000000000
-25.19531250     0.00000000000000000000
-25.09765625     -0.00000000000000000000
-25.00000000     -0.00000000000000000000
-24.90234375     -0.00000000000000000000
-24.80468750     -0.00000000000000000000
-24.70703125     -0.00000000000000000000
-24.60937500     -0.00000000000000000000
-24.51171875     -0.00000000000000000000
-24.41406250     -0.00000000000000000000
-24.31640625     -0.00000000000000000000
-24.21875000     -0.00000000000000000000
-24.12109375     -0.00000000000000000000
-24.02343750     -0.00000000000000000000
-23.92578125     -0.00000000000000000000
-23.82812500     0.00000000000000000000
-23.73046875     -0.00000000000000000000
-23.63281250     0.00000000000000000000
-23.53515625     -0.00000000000000000000
-23.43750000     -0.00000000000000000000
-23.33984375     0.00000000000000000000
-23.24218750     -0.00000000000000000000
-23.14453125     -0.00000000000000000000
-23.04687500     -0.00000000000000000000
-22.94921875     -0.00000000000000000000
-22.85156250     -0.00000000000000000000
-22.75390625     0.00000000000000000000
-22.65625000     -0.00000000000000000000
-22.55859375     -0.00000000000000000000
-22.46093750     -0.00000000000000000000
-22.36328125     -0.00000000000000000000
-22.26562500     -0.00000000000000000000
-22.16796875     -0.00000000000000000000
-22.07031250     0.00000000000000000000
-21.97265625     -0.00000000000000000000
-21.87500000     -0.00000000000000000000
-21.77734375     -0.00000000000000000000
-21.67968750     -0.00000000000000000000
-21.58203125     0.00000000000000000000
-21.48437500     -0.00000000000000000000
-21.38671875     -0.00000000000000000000
-21.28906250     -0.00000000000000000000
-21.19140625     -0.00000000000000000000
-21.09375000     0.00000000000000000000
-20.99609375     0.00000000000000000000
-20.89843750     -0.00000000000000000000
-20.80078125     0.00000000000000000000
-20.70312500     0.00000000000000000000
-20.60546875     0.00000000000000000000
-20.50781250     0.00000000000000000000
-20.41015625     0.00000000000000000000
-20.31250000     0.00000000000000000000
-20.21484375     -0.00000000000000000000
-20.11718750     -0.00000000000000000000
-20.01953125     -0.00000000000000000000
-19.92187500     -0.00000000000000000000
-19.82421875     -0.00000000000000000000
-19.72656250     -0.00000000000000000000
-19.62890625     -0.00000000000000000000
-19.53125000     -0.00000000000000000000
-19.43359375     -0.00000000000000000000
-19.33593750     -0.00000000000000000000
-19.23828125     -0.00000000000000000000
-19.14062500     -0.00000000000000000000
-19.04296875     0.00000000000000000000
-18.94531250     -0.00000000000000000000
-18.84765625     -0.00000000000000000000
-18.75000000     -0.00000000000000000000
-18.65234375     -0.00000000000000000000
-18.55468750     -0.00000000000000000000
-18.45703125     0.00000000000000000000
-18.35937500     -0.00000000000000000000
-18.26171875     0.00000000000000000000
-18.16406250     0.00000000000000000000
-18.06640625     -0.00000000000000000000
-17.96875000     -0.00000000000000000000
-17.87109375     -0.00000000000000000000
-17.77343750     -0.00000000000000000000
-17.67578125     -0.00000000000000000000
-17.57812500     -0.00000000000000000000
-17.48046875     -0.00000000000000000000
-17.38281250     -0.00000000000000000000
-17.28515625     -0.00000000000000000000
-17.18750000     -0.00000000000000000000
-17.08984375     0.00000000000000000000
-16.99218750     0.00000000000000000000
-16.89453125     -0.00000000000000000000
-16.79687500     -0.00000000000000000000
-16.69921875     -0.00000000000000000000
-16.60156250     -0.00000000000000000000
-16.50390625     0.00000000000000000000
-16.40625000     0.00000000000000000000
-16.30859375     -0.00000000000000000000
-16.21093750     -0.00000000000000000000
-16.11328125     -0.00000000000000000000
-16.01562500     0.00000000000000000000
-15.91796875     -0.00000000000000000000
-15.82031250     -0.00000000000000000000
-15.72265625     -0.00000000000000000000
-15.62500000     0.00000000000000000000
-15.52734375     -0.00000000000000000000
-15.42968750     0.00000000000000000000
-15.33203125     -0.00000000000000000000
-15.23437500     0.00000000000000000000
-15.13671875     0.00000000000000000000
-15.03906250     0.00000000000000000000
-14.94140625     0.00000000000000000000
-14.84375000     0.00000000000000000000
-14.74609375     0.00000000000000000000
-14.64843750     0.00000000000000000000
-14.55078125     -0.00000000000000000000
-14.45312500     0.00000000000000000000
-14.35546875     -0.00000000000000000000
-14.25781250     -0.00000000000000000000
-14.16015625     -0.00000000000000000000
-14.06250000     0.00000000000000000000
-13.96484375     0.00000000000000000000
-13.86718750     0.00000000000000000000
-13.76953125     -0.00000000000000000000
-13.67187500     -0.00000000000000000000
-13.57421875     -0.00000000000000000000
-13.47656250     -0.00000000000000000000
-13.37890625     -0.00000000000000000000
-13.28125000     -0.00000000000000000000
-13.18359375     0.00000000000000000000
-13.08593750     -0.00000000000000000000
-12.98828125     0.00000000000000000000
-12.89062500     -0.00000000000000000000
-12.79296875     -0.00000000000000000000
-12.69531250     -0.00000000000000000000
-12.59765625     -0.00000000000000000000
-12.50000000     -0.00000000000000000000
-12.40234375     0.00000000000000000000
-12.30468750     -0.00000000000000000000
-12.20703125     0.00000000000000000000
-12.10937500     0.00000000000000000000
-12.01171875     0.00000000000000000000
-11.91406250     0.00000000000000000000
-11.81640625     0.00000000000000000000
-11.71875000     0.00000000000000000000
-11.62109375     0.00000000000000000000
-11.52343750     0.00000000000000000000
-11.42578125     -0.00000000000000000000
-11.32812500     -0.00000000000000000000
-11.23046875     0.00000000000000000000
-11.13281250     0.00000000000000000000
-11.03515625     0.00000000000000000000
-10.93750000     -0.00000000000000000000
-10.83984375     0.00000000000000000000
-10.74218750     0.00000000000000000000
-10.64453125     0.00000000000000000000
-10.54687500     0.00000000000000000000
-10.44921875     0.00000000000000000000
-10.35156250     0.00000000000000000000
-10.25390625     0.00000000000000000000
-10.15625000     0.00000000000000000000
-10.05859375     0.00000000000000000000
-9.96093750     0.00000000000000000000
-9.86328125     -0.00000000000000000000
-9.76562500     0.00000000000000000000
-9.66796875     0.00000000000000000000
-9.57031250     0.00000000000000000000
-9.47265625     0.00000000000000000000
-9.37500000     0.00000000000000000000
-9.27734375     0.00000000000000000000
-9.17968750     0.00000000000000000000
-9.08203125     0.00000000000000000000
-8.98437500     0.00000000000000000000
-8.88671875     0.00000000000000000000
-8.78906250     0.00000000000000000000
-8.69140625     0.00000000000000000000
-8.59375000     0.00000000000000000000
-8.49609375     -0.00000000000000000000
-8.39843750     0.00000000000000000000
-8.30078125     0.00000000000000000000
-8.20312500     0.00000000000000000000
-8.10546875     0.00000000000000000000
-8.00781250     0.00000000000000000000
-7.91015625     0.00000000000000000000
-7.81250000     0.00000000000000000000
-7.71484375     0.00000000000000000000
-7.61718750     0.00000000000000000000
-7.51953125     0.00000000000000000000
-7.42187500     0.00000000000000000000
-7.32421875     0.00000000000000000000
-7.22656250     0.00000000000000000000
-7.12890625     0.00000000000000000000
-7.03125000     0.00000000000000000000
-6.93359375     0.00000000000000000000
-6.83593750     0.00000000000000000000
-6.73828125     0.00000000000000000000
-6.64062500     0.00000000000000000000
-6.54296875     0.00000000000000000000
-6.44531250     0.00000000000000000000
-6.34765625     0.00000000000000000000
-6.25000000     0.00000000000000000000
-6.15234375     0.00000000000000000000
-6.05468750     0.00000000000000000000
-5.95703125     0.00000000000000000000
-5.85937500     0.00000000000000000000
-5.76171875     0.00000000000000000000
-5.66406250     0.00000000000000000000
-5.56640625     0.00000000000000000000
-5.46875000     0.00000000000000000000
-5.37109375     0.00000000000000000000
-5.27343750     0.00000000000000000000
-5.17578125     0.00000000000000000000
-5.07812500     0.00000000000000000000
-4.98046875     0.00000000000000000000
-4.88281250     0.00000000000000000000
-4.78515625     0.00000000000000000000
-4.68750000     0.00000000000000000000
-4.58984375     0.00000000000000000000
-4.49218750     0.00000000000000000000
-4.39453125     0.00000000000000000000
-4.29687500     0.00000000000000000000
-4.19921875     0.00000000000000000000
-4.10156250     -0.00000000000000000000
-4.00390625     0.00000000000000000000
-3.90625000     0.00000000000000000000
-3.80859375     0.00000000000000000000
-3.71093750     0.00000000000000000000
-3.61328125     0.00000000000000000000
-3.51562500     0.00000000000000000000
-3.41796875     0.00000000000000000000
-3.32031250     0.00000000000000000000
-3.22265625     0.00000000000000000000
-3.12500000     0.00000000000000000000
-3.02734375     0.00000000000000000000
-2.92968750     0.00000000000000000000
-2.83203125     0.00000000000000000000
-2.73437500     0.00000000000000000000
-2.63671875     0.00000000000000000000
-2.53906250     0.00000000000000000000
-2.44140625     0.00000000000000000000
-2.34375000     0.00000000000000000000
-2.24609375     0.00000000000000000000
-2.14843750     0.00000000000000000000
-2.05078125     0.00000000000000000000
-1.95312500     0.00000000000000000000
-1.85546875     0.00000000000000000000
-1.75781250     0.00000000000000000000
-1.66015625     0.00000000000000000000
-1.56250000     -0.00000000000000000000
-1.46484375     0.00000000000000000000
-1.36718750     0.00000000000000000000
-1.26953125     0.00000000000000000000
-1.17187500     0.00000000000000000000
-1.07421875     0.00000000000000000000
-0.97656250     0.00000000000000000000
-0.87890625     0.00000000000000000000
-0.78125000     0.00000000000000000000
-0.68359375     0.00000000000000000000
-0.58593750     0.00000000000000000000
-0.48828125     -0.00000000000000000000
-0.39062500     0.00000000000000000000
-0.29296875     0.00000000000000000000
-0.19531250     0.00000000000000000000
-0.09765625     0.00000000000000000000
0.00000000     0.00000000000000000000
0.09765625     0.00000000000000000000
0.19531250     0.00000000000000000000
0.29296875     0.00000000000000000000
0.39062500     0.00000000000000000000
0.48828125     0.00000000000000000000
0.58593750     0.00000000000000000000
0.68359375     0.00000000000000000000
0.78125000     0.00000000000000000000
0.87890625     -0.00000000000000000000
0.97656250     0.00000000000000000000
1.07421875     0.00000000000000000000
1.17187500     0.00000000000000000000
1.26953125     0.00000000000000000000
1.36718750     0.00000000000000000000
1.46484375     0.00000000000000000000
1.56250000     0.00000000000000000000
1.66015625     0.00000000000000000000
1.75781250     0.00000000000000000000
1.85546875     0.00000000000000000000
1.95312500     0.00000000000000000000
2.05078125     0.00000000000000000000
2.14843750     0.00000000000000000000
2.24609375     0.00000000000000000000
2.34375000     0.00000000000000000000
2.44140625     0.00000000000000000000
2.53906250     0.00000000000000000000
2.63671875     -0.00000000000000000000
2.73437500     0.00000000000000000000
2.83203125     0.00000000000000000000
2.92968750     0.00000000000000000000
3.02734375     0.00000000000000000000
3.12500000     0.00000000000000000000
3.22265625     0.00000000000000000000
3.32031250     0.00000000000000000000
3.41796875     0.00000000000000000000
3.51562500     0.00000000000000000000
3.61328125     0.00000000000000000000
3.71093750     0.00000000000000000000
3.80859375     -0.00000000000000000000
3.90625000     0.00000000000000000000
4.00390625     0.00000000000000000000
4.10156250     0.00000000000000000007
4.19921875     0.00000000000000000001
4.29687500     0.00000000000000000008
4.39453125     0.00000000000000000014
4.49218750     0.00000000000000000039
4.58984375     0.00000000000000000080
4.68750000     0.00000000000000000099
4.78515625     0.00000000000000000090
4.88281250     -0.00000000000000000064
4.98046875     0.00000000000000002633
5.07812500     0.00000000000000001009
5.17578125     0.00000000000000003870
5.27343750     -0.00000000017461278182
5.37109375     0.00000000213033596554
5.46875000     0.00000000236603415535
5.56640625     0.00000000984191719168
5.66406250     0.00000004906051464220
5.76171875     0.00000008572342821200
5.85937500     0.00000009551738682810
5.95703125     0.00000003192542798110
6.05468750     0.00000003273541511200
6.15234375     -0.00000000143085158334
6.25000000     0.00000040846073547400
6.34765625     0.00000088509481524800
6.44531250     0.00000128164419832000
6.54296875     0.00000130474783848000
6.64062500     0.00000124569557117000
6.73828125     0.00000269908654618000
6.83593750     0.00000833881203252000
6.93359375     0.00001871774869370000
7.03125000     0.00003221192660270000
7.12890625     0.00004775019957030000
7.22656250     0.00006616841864820000
7.32421875     0.00009056429730060000
7.42187500     0.00012505176772200001
7.51953125     0.00017323913968599999
7.61718750     0.00023788473123299999
7.71484375     0.00032256885530599998
7.81250000     0.00043377399575700000
7.91015625     0.00058114090335800001
8.00781250     0.00077580286951900001
8.10546875     0.00102921899613000003
8.20312500     0.00135424392812000011
8.30078125     0.00176730145876000003
8.39843750     0.00228986147753000016
8.49609375     0.00294876235648000020
8.59375000     0.00377574068111999990
8.69140625     0.00480685349336000024
8.78906250     0.00608264983336999961
8.88671875     0.00764936867628999984
8.98437500     0.00956021157560999965
9.08203125     0.01187545816210000028
9.17968750     0.01466152777429999970
9.27734375     0.01799023018869999949
9.37500000     0.02193877399230000080
9.47265625     0.02658974045369999831
9.57031250     0.03203012312450000121
9.66796875     0.03834943842579999901
9.76562500     0.04563739653860000162
9.86328125     0.05398131755530000131
9.96093750     0.06346317607340000444
10.05859375     0.07415636498869999926
10.15625000     0.08612256617959999916
10.25390625     0.09940889075019999910
10.35156250     0.11404489280299999476
10.44921875     0.13003902017999999230
10.54687500     0.14737465628599999423
10.64453125     0.16600639238100001194
10.74218750     0.18585714150099999498
10.83984375     0.20681639460199999214
10.93750000     0.22873950258600000973
11.03515625     0.25144758100600000938
11.13281250     0.27472807830200002277
11.23046875     0.29833685549799998649
11.32812500     0.32200222240699999388
11.42578125     0.34543000532700002259
11.52343750     0.36830869295200002744
11.62109375     0.39031506046999997483
11.71875000     0.41112111469599998959
11.81640625     0.43040234348799999431
11.91406250     0.44784647438100000372
12.01171875     0.46316194944099997599
12.10937500     0.47608486830599999751
12.20703125     0.48636609643299999473
12.30468750     0.49378575143800002012
12.40234375     0.49825686104299998780
12.50000000     0.49995346357600001230
12.59765625     0.49879615151200001888
12.69531250     0.49427769744200000801
12.79296875     0.48664922646999997369
12.89062500     0.47633675521000001796
12.98828125     0.46345576472599997464
13.08593750     0.44817635672400002456
13.18359375     0.43076210398300002202
13.28125000     0.41150530028400000848
13.37890625     0.39071739874900002221
13.47656250     0.36872235541400000258
13.57421875     0.34584832233099999099
13.67187500     0.32241960219999998838
13.76953125     0.29874924542499997626
13.86718750     0.27513246607100000363
13.96484375     0.25184104762100001373
14.06250000     0.22911885999100001232
14.16015625     0.20717855401400001036
14.25781250     0.18619944701400001352
14.35546875     0.16632656478499999175
14.45312500     0.14767076300000001043
14.55078125     0.13030981609200001370
14.64843750     0.11429033508800000296
14.74609375     0.09963035755860000231
14.84375000     0.08632244253040000093
14.94140625     0.07433710224829999380
15.03906250     0.06362641067990000565
15.13671875     0.05412764247980000193
15.23437500     0.04576681447420000159
15.33203125     0.03846202422219999889
15.42968750     0.03212650585980000167
15.52734375     0.02667133757110000045
15.62500000     0.02200776713929999961
15.72265625     0.01804915709409999833
15.82031250     0.01471253750899999962
15.91796875     0.01191977267490000082
16.01562500     0.00959838362483000050
16.11328125     0.00768206497024999987
16.21093750     0.00611093386383000040
16.30859375     0.00483155486939999997
16.40625000     0.00379678459374999978
16.50390625     0.00296547792093999982
16.60156250     0.00230209428092999994
16.69921875     0.00177623806516000009
16.79687500     0.00136216236439000004
16.89453125     0.00103826018296000007
16.99218750     0.00078656229170600005
17.08984375     0.00059225621841000004
17.18750000     0.00044323669242900000
17.28515625     0.00032969422252699998
17.38281250     0.00024374544656500000
17.48046875     0.00017910644699000000
17.57812500     0.00013080834459600001
17.67578125     0.00009495311162400000
17.77343750     0.00006850660614660001
17.87109375     0.00004912529914710000
17.96875000     0.00003501285025040000
18.06640625     0.00002480271483680000
18.16406250     0.00001746307093510000
18.26171875     0.00001222057898420000
18.35937500     0.00000849987345013000
18.45703125     0.00000587600885599000
18.55468750     0.00000403739970243000
18.65234375     0.00000275721338072000
18.75000000     0.00000187149392095000
18.84765625     0.00000126256949316000
18.94531250     0.00000084658666858400
19.04296875     0.00000056420464014800
19.14062500     0.00000037372369059700
19.23828125     0.00000024604409771000
19.33593750     0.00000016099893556700
19.43359375     0.00000010470799024200
19.53125000     0.00000006768335691960
19.62890625     0.00000004348373129660
19.72656250     0.00000002776583494120
19.82421875     0.00000001762087842330
19.92187500     0.00000001111394607170
20.01953125     0.00000000696550470485
20.11718750     0.00000000433850298724
20.21484375     0.00000000268500350798
20.31250000     0.00000000165074080491
20.41015625     0.00000000100785798276
20.50781250     0.00000000061075497469
20.60546875     0.00000000036700884924
20.70312500     0.00000000021833915559
20.80078125     0.00000000012823712991
20.89843750     0.00000000007398277336
20.99609375     0.00000000004152978573
21.09375000     0.00000000002225104617
21.19140625     0.00000000000989899774
21.28906250     0.00000000000324316824
21.38671875     0.00000000000067878441
21.48437500     0.00000000000000000000
21.58203125     0.00000000000000000000
21.67968750     0.00000000000000000000
21.77734375     0.00000000000000000000
21.87500000     0.00000000000000000000
21.97265625     0.00000000000000000000
22.07031250     0.00000000000000000000
22.16796875     0.00000000000000000000
22.26562500     0.00000000000000000000
22.36328125     0.00000000000000000000
22.46093750     0.00000000000000000000
22.55859375     0.00000000000000000000
22.65625000     0.00000000000000000000
22.75390625     0.00000000000000000000
22.85156250     0.00000000000000000000
22.94921875     0.00000000000000000000
23.04687500     0.00000000000000000000
23.14453125     0.00000000000000000000
23.24218750     0.00000000000000000000
23.33984375     0.00000000000000000000
23.43750000     0.00000000000000000000
23.53515625     0.00000000000000000000
23.63281250     0.00000000000000000000
23.73046875     0.00000000000000000000
23.82812500     0.00000000000000000000
23.92578125     0.00000000000000000000
24.02343750     0.00000000000000000000
24.12109375     0.00000000000000000000
24.21875000     0.00000000000000000000
24.31640625     0.00000000000000000000
24.41406250     0.00000000000000000000
24.51171875     0.00000000000000000000
24.60937500     0.00000000000000000000
24.70703125     0.00000000000000000000
24.80468750     0.00000000000000000000
24.90234375     0.00000000000000000000
