-50.00000000     0.00000000000000113311
-49.90234375     0.01227153828570000035
-49.80468750     0.02454122852289999934
-49.70703125     0.03680722294140000017
-49.60937500     0.04906767432740000157
-49.51171875     0.06132073630220000182
-49.41406250     0.07356456359969999748
-49.31640625     0.08579731234439999521
-49.21875000     0.09801714032960000267
-49.12109375     0.11022220729399999362
-49.02343750     0.12241067519899999361
-48.92578125     0.13458070850699999088
-48.82812500     0.14673047445500000951
-48.73046875     0.15885814333400000153
-48.63281250     0.17096188876000001367
-48.53515625     0.18303988795500000797
-48.43750000     0.19509032201599998957
-48.33984375     0.20711137619200001292
-48.24218750     0.21910124015699999900
-48.14453125     0.23105810828100001308
-48.04687500     0.24298017990299999869
-47.94921875     0.25486565960500001671
-47.85156250     0.26671275747500000630
-47.75390625     0.27851968938499999107
-47.65625000     0.29028467725399997867
-47.55859375     0.30200594931899998885
-47.46093750     0.31368174039899998640
-47.36328125     0.32531029216200002541
-47.26562500     0.33688985339200000491
-47.16796875     0.34841868024900002343
-47.07031250     0.35989503653499999025
-46.97265625     0.37131719395200002420
-46.87500000     0.38268343236500002025
-46.77734375     0.39399204006100002617
-46.67968750     0.40524131400500001954
-46.58203125     0.41642956009799997341
-46.48437500     0.42755509342999997724
-46.38671875     0.43861623853900000292
-46.28906250     0.44961132965500000269
-46.19140625     0.46053871095799997493
-46.09375000     0.47139673682599997351
-45.99609375     0.48218377207899998371
-45.89843750     0.49289819222999997628
-45.80078125     0.50353838372600001616
-45.70312500     0.51410274419299994975
-45.60546875     0.52458968267799999108
-45.50781250     0.53499761988700000881
-45.41015625     0.54532498842199994549
-45.31250000     0.55557023301999997056
-45.21484375     0.56573181078400003319
-45.11718750     0.57580819141799999272
-45.01953125     0.58579785745599999291
-44.92187500     0.59569930449200003686
-44.82421875     0.60551104140400002773
-44.72656250     0.61523159058099996521
-44.62890625     0.62485948814199998580
-44.53125000     0.63439328416399998201
-44.43359375     0.64383154288999999704
-44.33593750     0.65317284295400002136
-44.23828125     0.66241577759000003223
-44.14062500     0.67155895484700001141
-44.04296875     0.68060099779500005113
-43.94531250     0.68954054473699999406
-43.84765625     0.69837624940900000503
-43.75000000     0.70710678118699998862
-43.65234375     0.71573082528400000513
-43.55468750     0.72424708295100004296
-43.45703125     0.73265427167200003478
-43.35937500     0.74095112535499996209
-43.26171875     0.74913639452299995991
-43.16406250     0.75720884650599995513
-43.06640625     0.76516726562199999240
-42.96875000     0.77301045336300000521
-42.87109375     0.78073722857200000824
-42.77343750     0.78834642762700002372
-42.67578125     0.79583690460900002872
-42.57812500     0.80320753148099999219
-42.48046875     0.81045719825299999961
-42.38281250     0.81758481315200004502
-42.28515625     0.82458930278499997790
-42.18750000     0.83146961230299998302
-42.08984375     0.83822470555499994926
-41.99218750     0.84485356524999999372
-41.89453125     0.85135519310499996326
-41.79687500     0.85772861000000000242
-41.69921875     0.86397285612200003246
-41.60156250     0.87008699110900000750
-41.50390625     0.87607009419500003755
-41.40625000     0.88192126434800000023
-41.30859375     0.88763962040300004031
-41.21093750     0.89322430119600004783
-41.11328125     0.89867446569400000200
-41.01562500     0.90398929312300002614
-40.91796875     0.90916798309099999820
-40.82031250     0.91420975570399998222
-40.72265625     0.91911385169000003881
-40.62500000     0.92387953251099996788
-40.52734375     0.92850608047299998393
-40.42968750     0.93299279883499997013
-40.33203125     0.93733901191299995315
-40.23437500     0.94154406518300004514
-40.13671875     0.94560732538100000788
-40.03906250     0.94952818059300003739
-39.94140625     0.95330604035400001717
-39.84375000     0.95694033573199999143
-39.74609375     0.96043051941599999477
-39.64843750     0.96377606579499996986
-39.55078125     0.96697647104499995230
-39.45312500     0.97003125319500005386
-39.35546875     0.97293995220600004714
-39.25781250     0.97570213003899997073
-39.16015625     0.97831737072000002353
-39.06250000     0.98078528040299994828
-38.96484375     0.98310548743100001357
-38.86718750     0.98527764238899995242
-38.76953125     0.98730141815799998817
-38.67187500     0.98917650996499995042
-38.57421875     0.99090263542799994489
-38.47656250     0.99247953459899995732
-38.37890625     0.99390697000200001199
-38.28125000     0.99518472667199997517
-38.18359375     0.99631261218300004590
-38.08593750     0.99729045667899995919
-37.98828125     0.99811811289999996522
-37.89062500     0.99879545620499998737
-37.79296875     0.99932238458800004555
-37.69531250     0.99969881869599996893
-37.59765625     0.99992470183899995195
-37.50000000     1.00000000000000000000
-37.40234375     0.99992470183899995195
-37.30468750     0.99969881869599996893
-37.20703125     0.99932238458800004555
-37.10937500     0.99879545620499998737
-37.01171875     0.99811811289999996522
-36.91406250     0.99729045667899995919
-36.81640625     0.99631261218300004590
-36.71875000     0.99518472667199997517
-36.62109375     0.99390697000200001199
-36.52343750     0.99247953459899995732
-36.42578125     0.99090263542799994489
-36.32812500     0.98917650996499995042
-36.23046875     0.98730141815799998817
-36.13281250     0.98527764238899995242
-36.03515625     0.98310548743100001357
-35.93750000     0.98078528040299994828
-35.83984375     0.97831737072000002353
-35.74218750     0.97570213003899997073
-35.64453125     0.97293995220600004714
-35.54687500     0.97003125319500005386
-35.44921875     0.96697647104499995230
-35.35156250     0.96377606579499996986
-35.25390625     0.96043051941599999477
-35.15625000     0.95694033573199999143
-35.05859375     0.95330604035400001717
-34.96093750     0.94952818059300003739
-34.86328125     0.94560732538100000788
-34.76562500     0.94154406518300004514
-34.66796875     0.93733901191299995315
-34.57031250     0.93299279883499997013
-34.47265625     0.92850608047299998393
-34.37500000     0.92387953251099996788
-34.27734375     0.91911385169000003881
-34.17968750     0.91420975570399998222
-34.08203125     0.90916798309099999820
-33.98437500     0.90398929312300002614
-33.88671875     0.89867446569400000200
-33.78906250     0.89322430119600004783
-33.69140625     0.88763962040300004031
-33.59375000     0.88192126434800000023
-33.49609375     0.87607009419500003755
-33.39843750     0.87008699110900000750
-33.30078125     0.86397285612200003246
-33.20312500     0.85772861000000000242
-33.10546875     0.85135519310499996326
-33.00781250     0.84485356524999999372
-32.91015625     0.83822470555499994926
-32.81250000     0.83146961230299998302
-32.71484375     0.82458930278499997790
-32.61718750     0.81758481315200004502
-32.51953125     0.81045719825299999961
-32.42187500     0.80320753148099999219
-32.32421875     0.79583690460900002872
-32.22656250     0.78834642762700002372
-32.12890625     0.78073722857200000824
-32.03125000     0.77301045336300000521
-31.93359375     0.76516726562199999240
-31.83593750     0.75720884650599995513
-31.73828125     0.74913639452299995991
-31.64062500     0.74095112535499996209
-31.54296875     0.73265427167200003478
-31.44531250     0.72424708295100004296
-31.34765625     0.71573082528400000513
-31.25000000     0.70710678118699998862
-31.15234375     0.69837624940900000503
-31.05468750     0.68954054473699999406
-30.95703125     0.68060099779500005113
-30.85937500     0.67155895484700001141
-30.76171875     0.66241577759000003223
-30.66406250     0.65317284295400002136
-30.56640625     0.64383154288999999704
-30.46875000     0.63439328416399998201
-30.37109375     0.62485948814199998580
-30.27343750     0.61523159058099996521
-30.17578125     0.60551104140400002773
-30.07812500     0.59569930449200003686
-29.98046875     0.58579785745599999291
-29.88281250     0.57580819141799999272
-29.78515625     0.56573181078400003319
-29.68750000     0.55557023301999997056
-29.58984375     0.54532498842199994549
-29.49218750     0.53499761988700000881
-29.39453125     0.52458968267799999108
-29.29687500     0.51410274419299994975
-29.19921875     0.50353838372600001616
-29.10156250     0.49289819222999997628
-29.00390625     0.48218377207899998371
-28.90625000     0.47139673682599997351
-28.80859375     0.46053871095799997493
-28.71093750     0.44961132965500000269
-28.61328125     0.43861623853900000292
-28.51562500     0.42755509342999997724
-28.41796875     0.41642956009799997341
-28.32031250     0.40524131400500001954
-28.22265625     0.39399204006100002617
-28.12500000     0.38268343236500002025
-28.02734375     0.37131719395200002420
-27.92968750     0.35989503653499999025
-27.83203125     0.34841868024900002343
-27.73437500     0.33688985339200000491
-27.63671875     0.32531029216200002541
-27.53906250     0.31368174039899998640
-27.44140625     0.30200594931899998885
-27.34375000     0.29028467725399997867
-27.24609375     0.27851968938499999107
-27.14843750     0.26671275747500000630
-27.05078125     0.25486565960500001671
-26.95312500     0.24298017990299999869
-26.85546875     0.23105810828100001308
-26.75781250     0.21910124015699999900
-26.66015625     0.20711137619200001292
-26.56250000     0.19509032201599998957
-26.46484375     0.18303988795500000797
-26.36718750     0.17096188876000001367
-26.26953125     0.15885814333400000153
-26.17187500     0.14673047445500000951
-26.07421875     0.13458070850699999088
-25.97656250     0.12241067519899999361
-25.87890625     0.11022220729399999362
-25.78125000     0.09801714032960000267
-25.68359375     0.08579731234439999521
-25.58593750     0.07356456359969999748
-25.48828125     0.06132073630220000182
-25.39062500     0.04906767432740000157
-25.29296875     0.03680722294140000017
-25.19531250     0.02454122852289999934
-25.09765625     0.01227153828570000035
-25.00000000     -0.00000000000000145473
-24.90234375     -0.01227153828570000035
-24.80468750     -0.02454122852289999934
-24.70703125     -0.03680722294140000017
-24.60937500     -0.04906767432740000157
-24.51171875     -0.06132073630220000182
-24.41406250     -0.07356456359969999748
-24.31640625     -0.08579731234439999521
-24.21875000     -0.09801714032960000267
-24.12109375     -0.11022220729399999362
-24.02343750     -0.12241067519899999361
-23.92578125     -0.13458070850699999088
-23.82812500     -0.14673047445500000951
-23.73046875     -0.15885814333400000153
-23.63281250     -0.17096188876000001367
-23.53515625     -0.18303988795500000797
-23.43750000     -0.19509032201599998957
-23.33984375     -0.20711137619200001292
-23.24218750     -0.21910124015699999900
-23.14453125     -0.23105810828100001308
-23.04687500     -0.24298017990299999869
-22.94921875     -0.25486565960500001671
-22.85156250     -0.26671275747500000630
-22.75390625     -0.27851968938499999107
-22.65625000     -0.29028467725399997867
-22.55859375     -0.30200594931899998885
-22.46093750     -0.31368174039899998640
-22.36328125     -0.32531029216200002541
-22.26562500     -0.33688985339200000491
-22.16796875     -0.34841868024900002343
-22.07031250     -0.35989503653499999025
-21.97265625     -0.37131719395200002420
-21.87500000     -0.38268343236500002025
-21.77734375     -0.39399204006100002617
-21.67968750     -0.40524131400500001954
-21.58203125     -0.41642956009799997341
-21.48437500     -0.42755509342999997724
-21.38671875     -0.43861623853900000292
-21.28906250     -0.44961132965500000269
-21.19140625     -0.46053871095799997493
-21.09375000     -0.47139673682599997351
-20.99609375     -0.48218377207899998371
-20.89843750     -0.49289819222999997628
-20.80078125     -0.50353838372600001616
-20.70312500     -0.51410274419299994975
-20.60546875     -0.52458968267799999108
-20.50781250     -0.53499761988700000881
-20.41015625     -0.54532498842199994549
-20.31250000     -0.55557023301999997056
-20.21484375     -0.56573181078400003319
-20.11718750     -0.57580819141799999272
-20.01953125     -0.58579785745599999291
-19.92187500     -0.59569930449200003686
-19.82421875     -0.60551104140400002773
-19.72656250     -0.61523159058099996521
-19.62890625     -0.62485948814199998580
-19.53125000     -0.63439328416399998201
-19.43359375     -0.64383154288999999704
-19.33593750     -0.65317284295400002136
-19.23828125     -0.66241577759000003223
-19.14062500     -0.67155895484700001141
-19.04296875     -0.68060099779500005113
-18.94531250     -0.68954054473699999406
-18.84765625     -0.69837624940900000503
-18.75000000     -0.70710678118699998862
-18.65234375     -0.71573082528400000513
-18.55468750     -0.72424708295100004296
-18.45703125     -0.73265427167200003478
-18.35937500     -0.74095112535499996209
-18.26171875     -0.74913639452299995991
-18.16406250     -0.75720884650599995513
-18.06640625     -0.76516726562199999240
-17.96875000     -0.77301045336300000521
-17.87109375     -0.78073722857200000824
-17.77343750     -0.78834642762700002372
-17.67578125     -0.79583690460900002872
-17.57812500     -0.80320753148099999219
-17.48046875     -0.81045719825299999961
-17.38281250     -0.81758481315200004502
-17.28515625     -0.82458930278499997790
-17.18750000     -0.83146961230299998302
-17.08984375     -0.83822470555499994926
-16.99218750     -0.84485356524999999372
-16.89453125     -0.85135519310499996326
-16.79687500     -0.85772861000000000242
-16.69921875     -0.86397285612200003246
-16.60156250     -0.87008699110900000750
-16.50390625     -0.87607009419500003755
-16.40625000     -0.88192126434800000023
-16.30859375     -0.88763962040300004031
-16.21093750     -0.89322430119600004783
-16.11328125     -0.89867446569400000200
-16.01562500     -0.90398929312300002614
-15.91796875     -0.90916798309099999820
-15.82031250     -0.91420975570399998222
-15.72265625     -0.91911385169000003881
-15.62500000     -0.92387953251099996788
-15.52734375     -0.92850608047299998393
-15.42968750     -0.93299279883499997013
-15.33203125     -0.93733901191299995315
-15.23437500     -0.94154406518300004514
-15.13671875     -0.94560732538100000788
-15.03906250     -0.94952818059300003739
-14.94140625     -0.95330604035400001717
-14.84375000     -0.95694033573199999143
-14.74609375     -0.96043051941599999477
-14.64843750     -0.96377606579499996986
-14.55078125     -0.96697647104499995230
-14.45312500     -0.97003125319500005386
-14.35546875     -0.97293995220600004714
-14.25781250     -0.97570213003899997073
-14.16015625     -0.97831737072000002353
-14.06250000     -0.98078528040299994828
-13.96484375     -0.98310548743100001357
-13.86718750     -0.98527764238899995242
-13.76953125     -0.98730141815799998817
-13.67187500     -0.98917650996499995042
-13.57421875     -0.99090263542799994489
-13.47656250     -0.99247953459899995732
-13.37890625     -0.99390697000200001199
-13.28125000     -0.99518472667199997517
-13.18359375     -0.99631261218300004590
-13.08593750     -0.99729045667899995919
-12.98828125     -0.99811811289999996522
-12.89062500     -0.99879545620499998737
-12.79296875     -0.99932238458800004555
-12.69531250     -0.99969881869599996893
-12.59765625     -0.99992470183899995195
-12.50000000     -1.00000000000000000000
-12.40234375     -0.99992470183899995195
-12.30468750     -0.99969881869599996893
-12.20703125     -0.99932238458800004555
-12.10937500     -0.99879545620499998737
-12.01171875     -0.99811811289999996522
-11.91406250     -0.99729045667899995919
-11.81640625     -0.99631261218300004590
-11.71875000     -0.99518472667199997517
-11.62109375     -0.99390697000200001199
-11.52343750     -0.99247953459899995732
-11.42578125     -0.99090263542799994489
-11.32812500     -0.98917650996499995042
-11.23046875     -0.98730141815799998817
-11.13281250     -0.98527764238899995242
-11.03515625     -0.98310548743100001357
-10.93750000     -0.98078528040299994828
-10.83984375     -0.97831737072000002353
-10.74218750     -0.97570213003899997073
-10.64453125     -0.97293995220600004714
-10.54687500     -0.97003125319500005386
-10.44921875     -0.96697647104499995230
-10.35156250     -0.96377606579499996986
-10.25390625     -0.96043051941599999477
-10.15625000     -0.95694033573199999143
-10.05859375     -0.95330604035400001717
-9.96093750     -0.94952818059300003739
-9.86328125     -0.94560732538100000788
-9.76562500     -0.94154406518300004514
-9.66796875     -0.93733901191299995315
-9.57031250     -0.93299279883499997013
-9.47265625     -0.92850608047299998393
-9.37500000     -0.92387953251099996788
-9.27734375     -0.91911385169000003881
-9.17968750     -0.91420975570399998222
-9.08203125     -0.90916798309099999820
-8.98437500     -0.90398929312300002614
-8.88671875     -0.89867446569400000200
-8.78906250     -0.89322430119600004783
-8.69140625     -0.88763962040300004031
-8.59375000     -0.88192126434800000023
-8.49609375     -0.87607009419500003755
-8.39843750     -0.87008699110900000750
-8.30078125     -0.86397285612200003246
-8.20312500     -0.85772861000000000242
-8.10546875     -0.85135519310499996326
-8.00781250     -0.84485356524999999372
-7.91015625     -0.83822470555499994926
-7.81250000     -0.83146961230299998302
-7.71484375     -0.82458930278499997790
-7.61718750     -0.81758481315200004502
-7.51953125     -0.81045719825299999961
-7.42187500     -0.80320753148099999219
-7.32421875     -0.79583690460900002872
-7.22656250     -0.78834642762700002372
-7.12890625     -0.78073722857200000824
-7.03125000     -0.77301045336300000521
-6.93359375     -0.76516726562199999240
-6.83593750     -0.75720884650599995513
-6.73828125     -0.74913639452299995991
-6.64062500     -0.74095112535499996209
-6.54296875     -0.73265427167200003478
-6.44531250     -0.72424708295100004296
-6.34765625     -0.71573082528400000513
-6.25000000     -0.70710678118699998862
-6.15234375     -0.69837624940900000503
-6.05468750     -0.68954054473699999406
-5.95703125     -0.68060099779500005113
-5.85937500     -0.67155895484700001141
-5.76171875     -0.66241577759000003223
-5.66406250     -0.65317284295400002136
-5.56640625     -0.64383154288999999704
-5.46875000     -0.63439328416399998201
-5.37109375     -0.62485948814199998580
-5.27343750     -0.61523159058099996521
-5.17578125     -0.60551104140400002773
-5.07812500     -0.59569930449200003686
-4.98046875     -0.58579785745599999291
-4.88281250     -0.57580819141799999272
-4.78515625     -0.56573181078400003319
-4.68750000     -0.55557023301999997056
-4.58984375     -0.54532498842199994549
-4.49218750     -0.53499761988700000881
-4.39453125     -0.52458968267799999108
-4.29687500     -0.51410274419299994975
-4.19921875     -0.50353838372600001616
-4.10156250     -0.49289819222999997628
-4.00390625     -0.48218377207899998371
-3.90625000     -0.47139673682599997351
-3.80859375     -0.46053871095799997493
-3.71093750     -0.44961132965500000269
-3.61328125     -0.43861623853900000292
-3.51562500     -0.42755509342999997724
-3.41796875     -0.41642956009799997341
-3.32031250     -0.40524131400500001954
-3.22265625     -0.39399204006100002617
-3.12500000     -0.38268343236500002025
-3.02734375     -0.37131719395200002420
-2.92968750     -0.35989503653499999025
-2.83203125     -0.34841868024900002343
-2.73437500     -0.33688985339200000491
-2.63671875     -0.32531029216200002541
-2.53906250     -0.31368174039899998640
-2.44140625     -0.30200594931899998885
-2.34375000     -0.29028467725399997867
-2.24609375     -0.27851968938499999107
-2.14843750     -0.26671275747500000630
-2.05078125     -0.25486565960500001671
-1.95312500     -0.24298017990299999869
-1.85546875     -0.23105810828100001308
-1.75781250     -0.21910124015699999900
-1.66015625     -0.20711137619200001292
-1.56250000     -0.19509032201599998957
-1.46484375     -0.18303988795500000797
-1.36718750     -0.17096188876000001367
-1.26953125     -0.15885814333400000153
-1.17187500     -0.14673047445500000951
-1.07421875     -0.13458070850699999088
-0.97656250     -0.12241067519899999361
-0.87890625     -0.11022220729399999362
-0.78125000     -0.09801714032960000267
-0.68359375     -0.08579731234439999521
-0.58593750     -0.07356456359969999748
-0.48828125     -0.06132073630220000182
-0.39062500     -0.04906767432740000157
-0.29296875     -0.03680722294140000017
-0.19531250     -0.02454122852289999934
-0.09765625     -0.01227153828570000035
0.00000000     0.00000000000000178579
0.09765625     0.01227153828570000035
0.19531250     0.02454122852289999934
0.29296875     0.03680722294140000017
0.39062500     0.04906767432740000157
0.48828125     0.06132073630220000182
0.58593750     0.07356456359969999748
0.68359375     0.08579731234439999521
0.78125000     0.09801714032960000267
0.87890625     0.11022220729399999362
0.97656250     0.12241067519899999361
1.07421875     0.13458070850699999088
1.17187500     0.14673047445500000951
1.26953125     0.15885814333400000153
1.36718750     0.17096188876000001367
1.46484375     0.18303988795500000797
1.56250000     0.19509032201599998957
1.66015625     0.20711137619200001292
1.75781250     0.21910124015699999900
1.85546875     0.23105810828100001308
1.95312500     0.24298017990299999869
2.05078125     0.25486565960500001671
2.14843750     0.26671275747500000630
2.24609375     0.27851968938499999107
2.34375000     0.29028467725399997867
2.44140625     0.30200594931899998885
2.53906250     0.31368174039899998640
2.63671875     0.32531029216200002541
2.73437500     0.33688985339200000491
2.83203125     0.34841868024900002343
2.92968750     0.35989503653499999025
3.02734375     0.37131719395200002420
3.12500000     0.38268343236500002025
3.22265625     0.39399204006100002617
3.32031250     0.40524131400500001954
3.41796875     0.41642956009799997341
3.51562500     0.42755509342999997724
3.61328125     0.43861623853900000292
3.71093750     0.44961132965500000269
3.80859375     0.46053871095799997493
3.90625000     0.47139673682599997351
4.00390625     0.48218377207899998371
4.10156250     0.49289819222999997628
4.19921875     0.50353838372600001616
4.29687500     0.51410274419299994975
4.39453125     0.52458968267799999108
4.49218750     0.53499761988700000881
4.58984375     0.54532498842199994549
4.68750000     0.55557023301999997056
4.78515625     0.56573181078400003319
4.88281250     0.57580819141799999272
4.98046875     0.58579785745599999291
5.07812500     0.59569930449200003686
5.17578125     0.60551104140400002773
5.27343750     0.61523159040599995073
5.37109375     0.62485949027300002889
5.46875000     0.63439328653000004454
5.56640625     0.64383155273199998980
5.66406250     0.65317289201399997278
5.76171875     0.66241586331400004184
5.85937500     0.67155905036399998753
5.95703125     0.68060102972100000596
6.05468750     0.68954057747200003803
6.15234375     0.69837624797800001986
6.25000000     0.70710718964700003397
6.34765625     0.71573171037899996350
6.44531250     0.72424836459599994942
6.54296875     0.73265557642000000982
6.64062500     0.74095237105099998054
6.73828125     0.74913909360999997311
6.83593750     0.75721718531899995241
6.93359375     0.76518598337099996698
7.03125000     0.77304266528900000832
7.12890625     0.78078497877200003785
7.22656250     0.78841259604500002478
7.32421875     0.79592746890599996856
7.42187500     0.80333258324800005390
7.51953125     0.81063043739200002502
7.61718750     0.81782269788299999380
7.71484375     0.82491187164000001619
7.81250000     0.83190338629799998049
7.91015625     0.83880584645800004839
8.00781250     0.84562936811900002443
8.10546875     0.85238441210100002188
8.20312500     0.85908285392799998981
8.30078125     0.86574015758000000265
8.39843750     0.87237685258599995120
8.49609375     0.87901885655199996084
8.59375000     0.88569700502899995076
8.69140625     0.89244647389599995879
8.78906250     0.89930695102900004567
8.88671875     0.90632383436999996995
8.98437500     0.91354950469899998122
9.08203125     0.92104344125299997259
9.17968750     0.92887128347799996497
9.27734375     0.93710408187899996157
9.37500000     0.94581830650400000593
9.47265625     0.95509582092699996103
9.57031250     0.96502292195899996852
9.66796875     0.97568845033800000177
9.76562500     0.98718146172200005317
9.86328125     0.99958864293600002693
9.96093750     1.01299135666999995387
10.05859375     1.02746240534000010669
10.15625000     1.04306290190999995104
10.25390625     1.05983941016999994034
10.35156250     1.07782095860000004528
10.44921875     1.09701549122000008296
10.54687500     1.11740590947999995919
10.64453125     1.13894634459000010374
10.74218750     1.16155927154000004897
10.83984375     1.18513376532000003216
10.93750000     1.20952478298999999140
11.03515625     1.23455306843999990107
11.13281250     1.26000572068999994180
11.23046875     1.28563827366000005270
11.32812500     1.31117873236999993303
11.42578125     1.33633264076000002341
11.52343750     1.36078822755000006239
11.62109375     1.38422203046999992004
11.71875000     1.40630584137000003153
11.81640625     1.42671495567000006233
11.91406250     1.44513693105999996291
12.01171875     1.46128006233999996333
12.10937500     1.47488032450999995149
12.20703125     1.48568848101999995137
12.30468750     1.49348457012999991100
12.40234375     1.49818156287999992848
12.50000000     1.49995346358000003484
12.59765625     1.49872085335000004847
12.69531250     1.49397651614000004372
12.79296875     1.48597161106000008601
12.89062500     1.47513221142000006125
12.98828125     1.46157387763000001790
13.08593750     1.44546681339999993909
13.18359375     1.42707471616999992392
13.28125000     1.40669002696000000618
13.37890625     1.38462436874999994529
13.47656250     1.36120189001000002627
13.57421875     1.33675095776000008030
13.67187500     1.31159611215999993838
13.76953125     1.28605066357999997528
13.86718750     1.26041010845999990053
13.96484375     1.23494653504999996052
14.06250000     1.20990414038999993807
14.16015625     1.18549592473000009463
14.25781250     1.16190157705000007837
14.35546875     1.13926651699000003326
14.45312500     1.11770201618999998061
14.55078125     1.09728628713999998290
14.64843750     1.07806640088000005306
14.74609375     1.06006087696999995451
14.84375000     1.04326277825999991222
14.94140625     1.02764314259999989254
15.03906250     1.01315459126999996009
15.13671875     0.99973496786000004555
15.23437500     0.98731087965700004005
15.33203125     0.97580103613500002169
15.42968750     0.96511930469499995766
15.52734375     0.95517741804400002614
15.62500000     0.94588729965100004637
15.72265625     0.93716300878400005114
15.82031250     0.92892229321300001654
15.91796875     0.92108775576500001581
16.01562500     0.91358767674800001046
16.11328125     0.90635653066400001521
16.21093750     0.89933523505900003769
16.30859375     0.89247117527200003906
16.40625000     0.88571804894200001357
16.50390625     0.87903557211600003019
16.60156250     0.87238908539000004083
16.69921875     0.86574909418699996788
16.79687500     0.85909077236499997721
16.89453125     0.85239345328799998036
16.99218750     0.84564012754100004177
17.08984375     0.83881696177300002493
17.18750000     0.83191284899499995387
17.28515625     0.82491899700799997674
17.38281250     0.81782855859799996612
17.48046875     0.81063630470000003214
17.57812500     0.80333833982500002513
17.67578125     0.79593185772099994679
17.77343750     0.78841493423300001986
17.87109375     0.78078635387100003840
17.96875000     0.77304546621299996545
18.06640625     0.76519206833700004200
18.16406250     0.75722630957699998966
18.26171875     0.74914861510200003725
18.35937500     0.74095962522799996286
18.45703125     0.73266014768099996246
18.55468750     0.72425112035100003283
18.65234375     0.71573358249700003153
18.75000000     0.70710865268000000494
18.84765625     0.69837751197800002068
18.94531250     0.68954139132400005252
19.04296875     0.68060156199999999327
19.14062500     0.67155932857099998046
19.23828125     0.66241602363399998410
19.33593750     0.65317300395300004201
19.43359375     0.64383164759800004529
19.53125000     0.63439335184699996439
19.62890625     0.62485953162600005317
19.72656250     0.61523161834600004205
19.82421875     0.60551105902500002021
19.92187500     0.59569931560599997944
20.01953125     0.58579786442199999197
20.11718750     0.57580819575599995197
20.21484375     0.56573181346900003330
20.31250000     0.55557023466999999606
20.41015625     0.54532498942999996228
20.50781250     0.53499762049800003716
20.60546875     0.52458968304499997704
20.70312500     0.51410274441199999007
20.80078125     0.50353838385399996014
20.89843750     0.49289819230400000460
20.99609375     0.48218377212099999829
21.09375000     0.47139673684799998643
21.19140625     0.46053871096799997575
21.28906250     0.44961132965799999184
21.38671875     0.43861623853900000292
21.48437500     0.42755509342999997724
21.58203125     0.41642956009799997341
21.67968750     0.40524131400500001954
21.77734375     0.39399204006100002617
21.87500000     0.38268343236500002025
21.97265625     0.37131719395200002420
22.07031250     0.35989503653499999025
22.16796875     0.34841868024900002343
22.26562500     0.33688985339200000491
22.36328125     0.32531029216200002541
22.46093750     0.31368174039899998640
22.55859375     0.30200594931899998885
22.65625000     0.29028467725399997867
22.75390625     0.27851968938499999107
22.85156250     0.26671275747500000630
22.94921875     0.25486565960500001671
23.04687500     0.24298017990299999869
23.14453125     0.23105810828100001308
23.24218750     0.21910124015699999900
23.33984375     0.20711137619200001292
23.43750000     0.19509032201599998957
23.53515625     0.18303988795500000797
23.63281250     0.17096188876000001367
23.73046875     0.15885814333400000153
23.82812500     0.14673047445500000951
23.92578125     0.13458070850699999088
24.02343750     0.12241067519899999361
24.12109375     0.11022220729399999362
24.21875000     0.09801714032960000267
24.31640625     0.08579731234439999521
24.41406250     0.07356456359969999748
24.51171875     0.06132073630220000182
24.60937500     0.04906767432740000157
24.70703125     0.03680722294140000017
24.80468750     0.02454122852289999934
24.90234375     0.01227153828570000035
