-50.00000000     0.00000000000000000000
-49.90234375     0.00000000000000000000
-49.80468750     0.00000000000000000000
-49.70703125     0.00000000000000000000
-49.60937500     0.00000000000000000000
-49.51171875     0.00000000000000000000
-49.41406250     0.00000000000000000000
-49.31640625     0.00000000000000000000
-49.21875000     0.00000000000000000000
-49.12109375     0.00000000000000000000
-49.02343750     0.00000000000000000000
-48.92578125     0.00000000000000000000
-48.82812500     0.00000000000000000000
-48.73046875     0.00000000000000000000
-48.63281250     0.00000000000000000000
-48.53515625     0.00000000000000000000
-48.43750000     0.00000000000000000000
-48.33984375     0.00000000000000000000
-48.24218750     0.00000000000000000000
-48.14453125     0.00000000000000000000
-48.04687500     0.00000000000000000000
-47.94921875     0.00000000000000000000
-47.85156250     0.00000000000000000000
-47.75390625     0.00000000000000000000
-47.65625000     0.00000000000000000000
-47.55859375     0.00000000000000000000
-47.46093750     0.00000000000000000000
-47.36328125     0.00000000000000000000
-47.26562500     0.00000000000000000000
-47.16796875     0.00000000000000000000
-47.07031250     0.00000000000000000000
-46.97265625     0.00000000000000000000
-46.87500000     0.00000000000000000000
-46.77734375     0.00000000000000000000
-46.67968750     0.00000000000000000000
-46.58203125     0.00000000000000000000
-46.48437500     0.00000000000000000000
-46.38671875     0.00000000000000000000
-46.28906250     0.00000000000000000000
-46.19140625     0.00000000000000000000
-46.09375000     0.00000000000000000000
-45.99609375     0.00000000000000000000
-45.89843750     0.00000000000000000000
-45.80078125     0.00000000000000000000
-45.70312500     0.00000000000000000000
-45.60546875     0.00000000000000000000
-45.50781250     0.00000000000000000000
-45.41015625     0.00000000000000000000
-45.31250000     0.00000000000000000000
-45.21484375     0.00000000000000000000
-45.11718750     0.00000000000000000000
-45.01953125     0.00000000000000000000
-44.92187500     0.00000000000000000000
-44.82421875     0.00000000000000000000
-44.72656250     0.00000000000000000000
-44.62890625     0.00000000000000000000
-44.53125000     0.00000000000000000000
-44.43359375     0.00000000000000000000
-44.33593750     0.00000000000000000000
-44.23828125     0.00000000000000000000
-44.14062500     0.00000000000000000000
-44.04296875     0.00000000000000000000
-43.94531250     0.00000000000000000000
-43.84765625     0.00000000000000000000
-43.75000000     0.00000000000000000000
-43.65234375     0.00000000000000000000
-43.55468750     0.00000000000000000000
-43.45703125     0.00000000000000000000
-43.35937500     0.00000000000000000000
-43.26171875     0.00000000000000000000
-43.16406250     0.00000000000000000000
-43.06640625     0.00000000000000000000
-42.96875000     0.00000000000000000000
-42.87109375     0.00000000000000000000
-42.77343750     0.00000000000000000000
-42.67578125     0.00000000000000000000
-42.57812500     0.00000000000000000000
-42.48046875     0.00000000000000000000
-42.38281250     0.00000000000000000000
-42.28515625     0.00000000000000000000
-42.18750000     0.00000000000000000000
-42.08984375     0.00000000000000000000
-41.99218750     0.00000000000000000000
-41.89453125     0.00000000000000000000
-41.79687500     0.00000000000000000000
-41.69921875     0.00000000000000000000
-41.60156250     0.00000000000000000000
-41.50390625     0.00000000000000000000
-41.40625000     0.00000000000000000000
-41.30859375     0.00000000000000000000
-41.21093750     0.00000000000000000000
-41.11328125     0.00000000000000000000
-41.01562500     0.00000000000000000000
-40.91796875     0.00000000000000000000
-40.82031250     0.00000000000000000000
-40.72265625     0.00000000000000000000
-40.62500000     0.00000000000000000000
-40.52734375     0.00000000000000000000
-40.42968750     0.00000000000000000000
-40.33203125     0.00000000000000000000
-40.23437500     0.00000000000000000000
-40.13671875     0.00000000000000000000
-40.03906250     0.00000000000000000000
-39.94140625     0.00000000000000000000
-39.84375000     0.00000000000000000000
-39.74609375     0.00000000000000000000
-39.64843750     0.00000000000000000000
-39.55078125     0.00000000000000000000
-39.45312500     0.00000000000000000000
-39.35546875     0.00000000000000000000
-39.25781250     0.00000000000000000000
-39.16015625     0.00000000000000000000
-39.06250000     0.00000000000000000000
-38.96484375     0.00000000000000000000
-38.86718750     0.00000000000000000000
-38.76953125     0.00000000000000000000
-38.67187500     0.00000000000000000000
-38.57421875     0.00000000000000000000
-38.47656250     0.00000000000000000000
-38.37890625     0.00000000000000000000
-38.28125000     0.00000000000000000000
-38.18359375     0.00000000000000000000
-38.08593750     0.00000000000000000000
-37.98828125     0.00000000000000000000
-37.89062500     0.00000000000000000000
-37.79296875     0.00000000000000000000
-37.69531250     0.00000000000000000000
-37.59765625     0.00000000000000000000
-37.50000000     0.00000000000000000000
-37.40234375     0.00000000000000000000
-37.30468750     0.00000000000000000000
-37.20703125     0.00000000000000000000
-37.10937500     0.00000000000000000000
-37.01171875     0.00000000000000000000
-36.91406250     0.00000000000000000000
-36.81640625     0.00000000000000000000
-36.71875000     0.00000000000000000000
-36.62109375     0.00000000000000000000
-36.52343750     0.00000000000000000000
-36.42578125     0.00000000000000000000
-36.32812500     0.00000000000000000000
-36.23046875     0.00000000000000000000
-36.13281250     0.00000000000000000000
-36.03515625     0.00000000000000000000
-35.93750000     0.00000000000000000000
-35.83984375     0.00000000000000000000
-35.74218750     0.00000000000000000000
-35.64453125     0.00000000000000000000
-35.54687500     0.00000000000000000000
-35.44921875     0.00000000000000000000
-35.35156250     0.00000000000000000000
-35.25390625     0.00000000000000000000
-35.15625000     0.00000000000000000000
-35.05859375     0.00000000000000000000
-34.96093750     0.00000000000000000000
-34.86328125     0.00000000000000000000
-34.76562500     0.00000000000000000000
-34.66796875     0.00000000000000000000
-34.57031250     0.00000000000000000000
-34.47265625     0.00000000000000000000
-34.37500000     0.00000000000000000000
-34.27734375     0.00000000000000000000
-34.17968750     0.00000000000000000000
-34.08203125     0.00000000000000000000
-33.98437500     0.00000000000000000000
-33.88671875     0.00000000000000000000
-33.78906250     0.00000000000000000000
-33.69140625     0.00000000000000000000
-33.59375000     0.00000000000000000000
-33.49609375     0.00000000000000000000
-33.39843750     0.00000000000000000000
-33.30078125     0.00000000000000000000
-33.20312500     0.00000000000000000000
-33.10546875     0.00000000000000000000
-33.00781250     0.00000000000000000000
-32.91015625     0.00000000000000000000
-32.81250000     0.00000000000000000000
-32.71484375     0.00000000000000000000
-32.61718750     0.00000000000000000000
-32.51953125     0.00000000000000000000
-32.42187500     0.00000000000000000000
-32.32421875     0.00000000000000000000
-32.22656250     0.00000000000000000000
-32.12890625     0.00000000000000000000
-32.03125000     0.00000000000000000000
-31.93359375     0.00000000000000000000
-31.83593750     0.00000000000000000000
-31.73828125     0.00000000000000000000
-31.64062500     0.00000000000000000000
-31.54296875     0.00000000000000000000
-31.44531250     0.00000000000000000000
-31.34765625     0.00000000000000000000
-31.25000000     0.00000000000000000000
-31.15234375     0.00000000000000000000
-31.05468750     0.00000000000000000000
-30.95703125     0.00000000000000000000
-30.85937500     0.00000000000000000000
-30.76171875     0.00000000000000000000
-30.66406250     0.00000000000000000000
-30.56640625     0.00000000000000000000
-30.46875000     0.00000000000000000000
-30.37109375     0.00000000000000000000
-30.27343750     0.00000000000000000000
-30.17578125     0.00000000000000000000
-30.07812500     0.00000000000000000000
-29.98046875     0.00000000000000000000
-29.88281250     0.00000000000000000000
-29.78515625     0.00000000000000000000
-29.68750000     0.00000000000000000000
-29.58984375     0.00000000000000000000
-29.49218750     0.00000000000000000000
-29.39453125     0.00000000000000000000
-29.29687500     0.00000000000000000000
-29.19921875     0.00000000000000000000
-29.10156250     0.00000000000000000000
-29.00390625     0.00000000000000000000
-28.90625000     0.00000000000000000000
-28.80859375     0.00000000000000000000
-28.71093750     0.00000000000000000000
-28.61328125     0.00000000000000000000
-28.51562500     0.00000000000000000000
-28.41796875     0.00000000000000000000
-28.32031250     0.00000000000000000000
-28.22265625     0.00000000000000000000
-28.12500000     0.00000000000000000000
-28.02734375     0.00000000000000000000
-27.92968750     0.00000000000000000000
-27.83203125     0.00000000000000000000
-27.73437500     0.00000000000000000000
-27.63671875     0.00000000000000000000
-27.53906250     0.00000000000000000000
-27.44140625     0.00000000000000000000
-27.34375000     0.00000000000000000000
-27.24609375     0.00000000000000000000
-27.14843750     0.00000000000000000000
-27.05078125     0.00000000000000000000
-26.95312500     0.00000000000000000000
-26.85546875     0.00000000000000000000
-26.75781250     0.00000000000000000000
-26.66015625     0.00000000000000000000
-26.56250000     0.00000000000000000000
-26.46484375     0.00000000000000000000
-26.36718750     0.00000000000000000000
-26.26953125     0.00000000000000000000
-26.17187500     0.00000000000000000000
-26.07421875     0.00000000000000000000
-25.97656250     0.00000000000000000000
-25.87890625     0.00000000000000000000
-25.78125000     0.00000000000000000000
-25.68359375     0.00000000000000000000
-25.58593750     0.00000000000000000000
-25.48828125     0.00000000000000000000
-25.39062500     0.00000000000000000000
-25.29296875     0.00000000000000000000
-25.19531250     0.00000000000000000000
-25.09765625     0.00000000000000000000
-25.00000000     0.00000000000000000000
-24.90234375     0.00000000000000000000
-24.80468750     0.00000000000000000000
-24.70703125     0.00000000000000000000
-24.60937500     0.00000000000000000000
-24.51171875     0.00000000000000000000
-24.41406250     0.00000000000000000000
-24.31640625     0.00000000000000000000
-24.21875000     0.00000000000000000000
-24.12109375     0.00000000000000000000
-24.02343750     0.00000000000000000000
-23.92578125     0.00000000000000000000
-23.82812500     0.00000000000000000000
-23.73046875     0.00000000000000000000
-23.63281250     0.00000000000000000000
-23.53515625     0.00000000000000000000
-23.43750000     0.00000000000000000000
-23.33984375     0.00000000000000000000
-23.24218750     0.00000000000000000000
-23.14453125     0.00000000000000000000
-23.04687500     0.00000000000000000000
-22.94921875     0.00000000000000000000
-22.85156250     0.00000000000000000000
-22.75390625     0.00000000000000000000
-22.65625000     0.00000000000000000000
-22.55859375     0.00000000000000000000
-22.46093750     0.00000000000000000000
-22.36328125     0.00000000000000000000
-22.26562500     0.00000000000000000000
-22.16796875     0.00000000000000000000
-22.07031250     0.00000000000000000000
-21.97265625     0.00000000000000000000
-21.87500000     0.00000000000000000000
-21.77734375     0.00000000000000000000
-21.67968750     0.00000000000000000000
-21.58203125     0.00000000000000000000
-21.48437500     0.00000000000000000000
-21.38671875     0.00000000000000000000
-21.28906250     0.00000000000000000000
-21.19140625     0.00000000000000000000
-21.09375000     0.00000000000000000000
-20.99609375     0.00000000000000000000
-20.89843750     0.00000000000000000000
-20.80078125     0.00000000000000000000
-20.70312500     0.00000000000000000000
-20.60546875     0.00000000000000000000
-20.50781250     0.00000000000000000000
-20.41015625     0.00000000000000000000
-20.31250000     0.00000000000000000000
-20.21484375     0.00000000000000000000
-20.11718750     0.00000000000000000000
-20.01953125     0.00000000000000000000
-19.92187500     0.00000000000000000000
-19.82421875     0.00000000000000000000
-19.72656250     0.00000000000000000000
-19.62890625     0.00000000000000000000
-19.53125000     0.00000000000000000000
-19.43359375     0.00000000000000000000
-19.33593750     0.00000000000000000000
-19.23828125     0.00000000000000000000
-19.14062500     0.00000000000000000000
-19.04296875     0.00000000000000000000
-18.94531250     0.00000000000000000000
-18.84765625     0.00000000000000000000
-18.75000000     0.00000000000000000000
-18.65234375     0.00000000000000000000
-18.55468750     0.00000000000000000000
-18.45703125     0.00000000000000000000
-18.35937500     0.00000000000000000000
-18.26171875     0.00000000000000000000
-18.16406250     0.00000000000000000000
-18.06640625     0.00000000000000000000
-17.96875000     0.00000000000000000000
-17.87109375     0.00000000000000000000
-17.77343750     0.00000000000000000000
-17.67578125     0.00000000000000000000
-17.57812500     0.00000000000000000000
-17.48046875     0.00000000000000000000
-17.38281250     0.00000000000000000000
-17.28515625     0.00000000000000000000
-17.18750000     0.00000000000000000000
-17.08984375     0.00000000000000000000
-16.99218750     0.00000000000000000000
-16.89453125     0.00000000000000000000
-16.79687500     0.00000000000000000000
-16.69921875     0.00000000000000000000
-16.60156250     0.00000000000000000000
-16.50390625     0.00000000000000000000
-16.40625000     0.00000000000000000000
-16.30859375     0.00000000000000000000
-16.21093750     0.00000000000000000000
-16.11328125     0.00000000000000000000
-16.01562500     0.00000000000000000000
-15.91796875     0.00000000000000000000
-15.82031250     0.00000000000000000000
-15.72265625     0.00000000000000000000
-15.62500000     0.00000000000000000000
-15.52734375     0.00000000000000000000
-15.42968750     0.00000000000000000000
-15.33203125     0.00000000000000000000
-15.23437500     0.00000000000000000000
-15.13671875     0.00000000000000000000
-15.03906250     0.00000000000000000000
-14.94140625     0.00000000000000000000
-14.84375000     0.00000000000000000000
-14.74609375     0.00000000000000000000
-14.64843750     0.00000000000000000000
-14.55078125     0.00000000000000000000
-14.45312500     0.00000000000000000000
-14.35546875     0.00000000000000000000
-14.25781250     0.00000000000000000000
-14.16015625     0.00000000000000000000
-14.06250000     0.00000000000000000000
-13.96484375     0.00000000000000000000
-13.86718750     0.00000000000000000000
-13.76953125     0.00000000000000000000
-13.67187500     0.00000000000000000000
-13.57421875     0.00000000000000000000
-13.47656250     0.00000000000000000000
-13.37890625     0.00000000000000000000
-13.28125000     0.00000000000000000000
-13.18359375     0.00000000000000000000
-13.08593750     0.00000000000000000000
-12.98828125     0.00000000000000000000
-12.89062500     0.00000000000000000000
-12.79296875     0.00000000000000000000
-12.69531250     0.00000000000000000000
-12.59765625     0.00000000000000000000
-12.50000000     0.00000000000000000000
-12.40234375     0.00000000000000000000
-12.30468750     0.00000000000000000000
-12.20703125     0.00000000000000000000
-12.10937500     0.00000000000000000000
-12.01171875     0.00000000000000000000
-11.91406250     0.00000000000000000000
-11.81640625     0.00000000000000000000
-11.71875000     0.00000000000000000000
-11.62109375     0.00000000000000000000
-11.52343750     0.00000000000000000000
-11.42578125     0.00000000000000000000
-11.32812500     0.00000000000000000000
-11.23046875     0.00000000000000000000
-11.13281250     0.00000000000000000000
-11.03515625     0.00000000000000000000
-10.93750000     0.00000000000000000000
-10.83984375     0.00000000000000000000
-10.74218750     0.00000000000000000000
-10.64453125     0.00000000000000000000
-10.54687500     0.00000000000000000000
-10.44921875     0.00000000000000000000
-10.35156250     0.00000000000000000000
-10.25390625     0.00000000000000000000
-10.15625000     0.00000000000000000000
-10.05859375     0.00000000000000000000
-9.96093750     0.00000000000000000000
-9.86328125     0.00000000000000000000
-9.76562500     0.00000000000000000000
-9.66796875     0.00000000000000000000
-9.57031250     0.00000000000000000000
-9.47265625     0.00000000000000000000
-9.37500000     0.00000000000000000000
-9.27734375     0.00000000000000000000
-9.17968750     0.00000000000000000000
-9.08203125     0.00000000000000000000
-8.98437500     0.00000000000000000000
-8.88671875     0.00000000000000000000
-8.78906250     0.00000000000000000000
-8.69140625     0.00000000000000000000
-8.59375000     0.00000000000000000000
-8.49609375     0.00000000000000000000
-8.39843750     0.00000000000000000000
-8.30078125     0.00000000000000000000
-8.20312500     0.00000000000000000000
-8.10546875     0.00000000000000000000
-8.00781250     0.00000000000000000000
-7.91015625     0.00000000000000000000
-7.81250000     0.00000000000000000000
-7.71484375     0.00000000000000000000
-7.61718750     0.00000000000000000000
-7.51953125     0.00000000000000000000
-7.42187500     0.00000000000000000000
-7.32421875     0.00000000000000000000
-7.22656250     0.00000000000000000000
-7.12890625     0.00000000000000000000
-7.03125000     0.00000000000000000000
-6.93359375     0.00000000000000000000
-6.83593750     0.00000000000000000000
-6.73828125     0.00000000000000000000
-6.64062500     0.00000000000000000000
-6.54296875     0.00000000000000000000
-6.44531250     0.00000000000000000000
-6.34765625     0.00000000000000000000
-6.25000000     0.00000000000000000000
-6.15234375     0.00000000000000000000
-6.05468750     0.00000000000000000000
-5.95703125     0.00000000000000000000
-5.85937500     0.00000000000000000000
-5.76171875     0.00000000000000000000
-5.66406250     0.00000000000000000000
-5.56640625     0.00000000000000000000
-5.46875000     0.00000000000000000000
-5.37109375     0.00000000000000000000
-5.27343750     0.00000000000000000000
-5.17578125     0.00000000000000000000
-5.07812500     0.00000000000000000000
-4.98046875     0.00000000000000000000
-4.88281250     0.00000000000000000000
-4.78515625     0.00000000000000000000
-4.68750000     0.00000000000000000000
-4.58984375     0.00000000000000000000
-4.49218750     0.00000000000000000000
-4.39453125     0.00000000000000000000
-4.29687500     0.00000000000000000000
-4.19921875     0.00000000000000000000
-4.10156250     0.00000000000000000000
-4.00390625     0.00000000000000000000
-3.90625000     0.00000000000000000000
-3.80859375     0.00000000000000000000
-3.71093750     0.00000000000000000000
-3.61328125     0.00000000000000000000
-3.51562500     0.00000000000000000000
-3.41796875     0.00000000000000000000
-3.32031250     0.00000000000000000000
-3.22265625     0.00000000000000000000
-3.12500000     0.00000000000000000000
-3.02734375     0.00000000000000000000
-2.92968750     0.00000000000000000000
-2.83203125     0.00000000000000000000
-2.73437500     0.00000000000000000000
-2.63671875     0.00000000000000000000
-2.53906250     0.00000000000000000000
-2.44140625     0.00000000000000000000
-2.34375000     0.00000000000000000000
-2.24609375     0.00000000000000000000
-2.14843750     0.00000000000000000000
-2.05078125     0.00000000000000000000
-1.95312500     0.00000000000000000000
-1.85546875     0.00000000000000000000
-1.75781250     0.00000000000000000000
-1.66015625     0.00000000000000000000
-1.56250000     0.00000000000000000000
-1.46484375     0.00000000000000000000
-1.36718750     0.00000000000000000000
-1.26953125     0.00000000000000000000
-1.17187500     0.00000000000000000000
-1.07421875     0.00000000000000000000
-0.97656250     0.00000000000000000000
-0.87890625     0.00000000000000000000
-0.78125000     0.00000000000000000000
-0.68359375     0.00000000000000000000
-0.58593750     0.00000000000000000000
-0.48828125     0.00000000000000000000
-0.39062500     0.00000000000000000000
-0.29296875     0.00000000000000000000
-0.19531250     0.00000000000000000000
-0.09765625     0.00000000000000000000
0.00000000     0.00000000000000000000
0.09765625     0.00000000000000000000
0.19531250     0.00000000000000000000
0.29296875     0.00000000000000000000
0.39062500     0.00000000000000000000
0.48828125     0.00000000000000000000
0.58593750     0.00000000000000000000
0.68359375     0.00000000000000000000
0.78125000     0.00000000000000000000
0.87890625     0.00000000000000000000
0.97656250     0.00000000000000000000
1.07421875     0.00000000000000000000
1.17187500     0.00000000000000000000
1.26953125     0.00000000000000000000
1.36718750     0.00000000000000000000
1.46484375     0.00000000000000000000
1.56250000     0.00000000000000000000
1.66015625     0.00000000000000000000
1.75781250     0.00000000000000000000
1.85546875     0.00000000000000000000
1.95312500     0.00000000000000000000
2.05078125     0.00000000000000000000
2.14843750     0.00000000000000000000
2.24609375     0.00000000000000000000
2.34375000     0.00000000000000000000
2.44140625     0.00000000000000000000
2.53906250     0.00000000000000000000
2.63671875     0.00000000000000000000
2.73437500     0.00000000000000000000
2.83203125     0.00000000000000000000
2.92968750     0.00000000000000000000
3.02734375     0.00000000000000000000
3.12500000     0.00000000000000000000
3.22265625     0.00000000000000000000
3.32031250     0.00000000000000000000
3.41796875     0.00000000000000000000
3.51562500     0.00000000000000000000
3.61328125     0.00000000000000000000
3.71093750     0.00000000000000000000
3.80859375     0.00000000000000000000
3.90625000     0.00000000000000000000
4.00390625     0.00000000000000000000
4.10156250     0.00000000000000000000
4.19921875     0.00000000000000000000
4.29687500     0.00000000000000000000
4.39453125     0.00000000000000000000
4.49218750     0.00000000000000000000
4.58984375     0.00000000000000000000
4.68750000     0.00000000000000000000
4.78515625     0.00000000000000000000
4.88281250     0.00000000000000000000
4.98046875     0.00000000000000000000
5.07812500     0.00000000000000000000
5.17578125     0.00000000000000000000
5.27343750     0.00000000000000000000
5.37109375     0.00000000000000000000
5.46875000     0.00000000000000000000
5.56640625     0.00000000000000000000
5.66406250     0.00000000000000000000
5.76171875     0.00000000000000000000
5.85937500     0.00000000000000000000
5.95703125     0.00000000000000000000
6.05468750     0.00000000000000000000
6.15234375     0.00000000000000000000
6.25000000     -13.66205724729999992917
6.34765625     -7.71866890841999975237
6.44531250     -6.89218265156999976284
6.54296875     -6.78687493411000009047
6.64062500     -6.08856837805999973057
6.73828125     -2.67060269998999988417
6.83593750     -1.01962374829999991022
6.93359375     -0.52372185024999995395
7.03125000     -0.33581269977200001176
7.12890625     -0.24290026306400000489
7.22656250     -0.18194509005699999182
7.32421875     -0.13539454541500001161
7.42187500     -0.10058546610799999621
7.51953125     -0.07657919718590000535
7.61718750     -0.05922740142980000011
7.71484375     -0.04479888209340000121
7.81250000     -0.03190468174209999674
7.91015625     -0.02125373824069999931
8.00781250     -0.01376787769180000051
8.10546875     -0.00918836540627999965
8.20312500     -0.00643848190845000036
8.30078125     -0.00452523591573000036
8.39843750     -0.00287001150607000015
8.49609375     -0.00125719611785999989
8.59375000     0.00034192435389999998
8.69140625     0.00196102630797000002
8.78906250     0.00371575631333999996
8.88671875     0.00574659595470999960
8.98437500     0.00812925419313000053
9.08203125     0.01086498220429999925
9.17968750     0.01395059428599999991
9.27734375     0.01744280785189999960
9.37500000     0.02145950646480000029
9.47265625     0.02613976642419999982
9.57031250     0.03160747102550000298
9.66796875     0.03796249512500000228
9.76562500     0.04529083774570000220
9.86328125     0.05367473559210000217
9.96093750     0.06319631610310000314
10.05859375     0.07393084492380000428
10.15625000     0.08593717759940000533
10.25390625     0.09925582829949999852
10.35156250     0.11391273891200000279
10.44921875     0.12991956250500000247
10.54687500     0.14726687641899999237
10.64453125     0.16591517713600001382
10.74218750     0.18578960498899999010
10.83984375     0.20677917117399999269
10.93750000     0.22873717782399999310
11.03515625     0.25148125722899999923
11.13281250     0.27479544573600001023
11.23046875     0.29843553168100001027
11.32812500     0.32213397573399998874
11.42578125     0.34560130556899998355
11.52343750     0.36852713183599999924
11.62109375     0.39058560419100002425
11.71875000     0.41144504005999998908
11.81640625     0.43077802234899997824
11.91406250     0.44827009001299999991
12.01171875     0.46362760955799997564
12.10937500     0.47658562510500002141
12.20703125     0.48691548586999999770
12.30468750     0.49443037683699997409
12.40234375     0.49902262368200001053
12.50000000     0.50067122898200000503
12.59765625     0.49941464343699998318
12.69531250     0.49505601433200002726
12.79296875     0.48756051832699998094
12.89062500     0.47720815355500001420
12.98828125     0.46424685675700000376
13.08593750     0.44889326816899999262
13.18359375     0.43140437515199997476
13.28125000     0.41207145406099998652
13.37890625     0.39120707607499999314
13.47656250     0.36913645480700002510
13.57421875     0.34618911771299998303
13.67187500     0.32269070850400000117
13.76953125     0.29895542124699997499
13.86718750     0.27527931523900001087
13.96484375     0.25193467911200001508
14.06250000     0.22916556268499999049
14.16015625     0.20718453286599999852
14.25781250     0.18617064798800000980
14.35546875     0.16626859079500000416
14.45312500     0.14758885873600000038
14.55078125     0.13020888405899999629
14.64843750     0.11417494474599999832
14.74609375     0.09950472524160000609
14.84375000     0.08619038313959999364
14.94140625     0.07420196796120000216
15.03906250     0.06349103789349999638
15.13671875     0.05399432485339999976
15.23437500     0.04563730870390000222
15.33203125     0.03833759907729999972
15.42968750     0.03200827966219999682
15.52734375     0.02656112169850000093
15.62500000     0.02190645748219999939
15.72265625     0.01795543880480000160
15.82031250     0.01462501505780000079
15.91796875     0.01183728428690000029
16.01562500     0.00951995235353999929
16.11328125     0.00760685422881000016
16.21093750     0.00603821486973999972
16.30859375     0.00476068343753000001
16.40625000     0.00372718506982000009
16.50390625     0.00289663233593999989
16.60156250     0.00223353477032000019
16.69921875     0.00170754252672999994
16.79687500     0.00129295064876000011
16.89453125     0.00096819122379499997
16.99218750     0.00071533166242400002
17.08984375     0.00051959372215099997
17.18750000     0.00036890377823500000
17.28515625     0.00025348133688300002
17.38281250     0.00016546935755600001
17.48046875     0.00009860750758280000
17.57812500     0.00004794767364540000
17.67578125     0.00000961131168049000
17.77343750     -0.00001942949161550000
17.87109375     -0.00004149594034890000
17.96875000     -0.00005837471213250000
18.06640625     -0.00007141516852160000
18.16406250     -0.00008164784907539999
18.26171875     -0.00008984783882560000
18.35937500     -0.00009659406206410000
18.45703125     -0.00010231710801300000
18.55468750     -0.00010732742912600000
18.65234375     -0.00011185343246500000
18.75000000     -0.00011604405733500000
18.84765625     -0.00012038717188200000
18.94531250     -0.00012447293495499999
19.04296875     -0.00012855035010500001
19.14062500     -0.00013270798093799999
19.23828125     -0.00013698232853300000
19.33593750     -0.00014136628590199999
19.43359375     -0.00014577656071399999
19.53125000     -0.00015000014536500000
19.62890625     -0.00015362913328600001
19.72656250     -0.00015602060851600000
19.82421875     -0.00015635511472900001
19.92187500     -0.00015383628869399999
20.01953125     -0.00016187387571600000
20.11718750     -0.00015478419828799999
20.21484375     -0.00014452279930899999
20.31250000     -0.00013245321729299999
20.41015625     -0.00011953314215799999
20.50781250     -0.00010643793991800000
20.60546875     -0.00009355042870030000
20.70312500     -0.00008104426931880000
20.80078125     -0.00006897508235760000
20.89843750     -0.00005734570148480000
20.99609375     -0.00004614372636430000
21.09375000     -0.00003535966003450000
21.19140625     -0.00002552856953370000
21.28906250     -0.00001363272288540000
21.38671875     0.00000000000000000000
21.48437500     0.00000000000000000000
21.58203125     0.00000000000000000000
21.67968750     0.00000000000000000000
21.77734375     0.00000000000000000000
21.87500000     0.00000000000000000000
21.97265625     0.00000000000000000000
22.07031250     0.00000000000000000000
22.16796875     0.00000000000000000000
22.26562500     0.00000000000000000000
22.36328125     0.00000000000000000000
22.46093750     0.00000000000000000000
22.55859375     0.00000000000000000000
22.65625000     0.00000000000000000000
22.75390625     0.00000000000000000000
22.85156250     0.00000000000000000000
22.94921875     0.00000000000000000000
23.04687500     0.00000000000000000000
23.14453125     0.00000000000000000000
23.24218750     0.00000000000000000000
23.33984375     0.00000000000000000000
23.43750000     0.00000000000000000000
23.53515625     0.00000000000000000000
23.63281250     0.00000000000000000000
23.73046875     0.00000000000000000000
23.82812500     0.00000000000000000000
23.92578125     0.00000000000000000000
24.02343750     0.00000000000000000000
24.12109375     0.00000000000000000000
24.21875000     0.00000000000000000000
24.31640625     0.00000000000000000000
24.41406250     0.00000000000000000000
24.51171875     0.00000000000000000000
24.60937500     0.00000000000000000000
24.70703125     0.00000000000000000000
24.80468750     0.00000000000000000000
24.90234375     0.00000000000000000000
