-50.00000000     0.00000000000000000000
-49.90234375     0.00000000000000000000
-49.80468750     0.00000000000000000000
-49.70703125     0.00000000000000000000
-49.60937500     0.00000000000000000000
-49.51171875     0.00000000000000000000
-49.41406250     0.00000000000000000000
-49.31640625     0.00000000000000000000
-49.21875000     0.00000000000000000000
-49.12109375     0.00000000000000000000
-49.02343750     0.00000000000000000000
-48.92578125     0.00000000000000000000
-48.82812500     0.00000000000000000000
-48.73046875     0.00000000000000000000
-48.63281250     0.00000000000000000000
-48.53515625     0.00000000000000000000
-48.43750000     0.00000000000000000000
-48.33984375     0.00000000000000000000
-48.24218750     0.00000000000000000000
-48.14453125     0.00000000000000000000
-48.04687500     0.00000000000000000000
-47.94921875     0.00000000000000000000
-47.85156250     0.00000000000000000000
-47.75390625     0.00000000000000000000
-47.65625000     0.00000000000000000000
-47.55859375     0.00000000000000000000
-47.46093750     0.00000000000000000000
-47.36328125     0.00000000000000000000
-47.26562500     0.00000000000000000000
-47.16796875     0.00000000000000000000
-47.07031250     0.00000000000000000000
-46.97265625     0.00000000000000000000
-46.87500000     0.00000000000000000000
-46.77734375     0.00000000000000000000
-46.67968750     0.00000000000000000000
-46.58203125     0.00000000000000000000
-46.48437500     0.00000000000000000000
-46.38671875     0.00000000000000000000
-46.28906250     0.00000000000000000000
-46.19140625     0.00000000000000000000
-46.09375000     0.00000000000000000000
-45.99609375     0.00000000000000000000
-45.89843750     0.00000000000000000000
-45.80078125     0.00000000000000000000
-45.70312500     0.00000000000000000000
-45.60546875     0.00000000000000000000
-45.50781250     0.00000000000000000000
-45.41015625     0.00000000000000000000
-45.31250000     0.00000000000000000000
-45.21484375     0.00000000000000000000
-45.11718750     0.00000000000000000000
-45.01953125     0.00000000000000000000
-44.92187500     0.00000000000000000000
-44.82421875     0.00000000000000000000
-44.72656250     0.00000000000000000000
-44.62890625     0.00000000000000000000
-44.53125000     0.00000000000000000000
-44.43359375     0.00000000000000000000
-44.33593750     0.00000000000000000000
-44.23828125     0.00000000000000000000
-44.14062500     0.00000000000000000000
-44.04296875     0.00000000000000000000
-43.94531250     0.00000000000000000000
-43.84765625     0.00000000000000000000
-43.75000000     0.00000000000000000000
-43.65234375     0.00000000000000000000
-43.55468750     0.00000000000000000000
-43.45703125     0.00000000000000000000
-43.35937500     0.00000000000000000000
-43.26171875     0.00000000000000000000
-43.16406250     0.00000000000000000000
-43.06640625     0.00000000000000000000
-42.96875000     0.00000000000000000000
-42.87109375     0.00000000000000000000
-42.77343750     0.00000000000000000000
-42.67578125     0.00000000000000000000
-42.57812500     0.00000000000000000000
-42.48046875     0.00000000000000000000
-42.38281250     0.00000000000000000000
-42.28515625     0.00000000000000000000
-42.18750000     0.00000000000000000000
-42.08984375     0.00000000000000000000
-41.99218750     0.00000000000000000000
-41.89453125     0.00000000000000000000
-41.79687500     0.00000000000000000000
-41.69921875     0.00000000000000000000
-41.60156250     0.00000000000000000000
-41.50390625     0.00000000000000000000
-41.40625000     0.00000000000000000000
-41.30859375     0.00000000000000000000
-41.21093750     0.00000000000000000000
-41.11328125     0.00000000000000000000
-41.01562500     0.00000000000000000000
-40.91796875     0.00000000000000000000
-40.82031250     0.00000000000000000000
-40.72265625     0.00000000000000000000
-40.62500000     0.00000000000000000000
-40.52734375     0.00000000000000000000
-40.42968750     0.00000000000000000000
-40.33203125     0.00000000000000000000
-40.23437500     0.00000000000000000000
-40.13671875     0.00000000000000000000
-40.03906250     0.00000000000000000000
-39.94140625     0.00000000000000000000
-39.84375000     0.00000000000000000000
-39.74609375     0.00000000000000000000
-39.64843750     0.00000000000000000000
-39.55078125     0.00000000000000000000
-39.45312500     0.00000000000000000000
-39.35546875     0.00000000000000000000
-39.25781250     0.00000000000000000000
-39.16015625     0.00000000000000000000
-39.06250000     0.00000000000000000000
-38.96484375     0.00000000000000000000
-38.86718750     0.00000000000000000000
-38.76953125     0.00000000000000000000
-38.67187500     0.00000000000000000000
-38.57421875     0.00000000000000000000
-38.47656250     0.00000000000000000000
-38.37890625     0.00000000000000000000
-38.28125000     0.00000000000000000000
-38.18359375     0.00000000000000000000
-38.08593750     0.00000000000000000000
-37.98828125     0.00000000000000000000
-37.89062500     0.00000000000000000000
-37.79296875     0.00000000000000000000
-37.69531250     0.00000000000000000000
-37.59765625     0.00000000000000000000
-37.50000000     0.00000000000000000000
-37.40234375     0.00000000000000000000
-37.30468750     0.00000000000000000000
-37.20703125     0.00000000000000000000
-37.10937500     0.00000000000000000000
-37.01171875     0.00000000000000000000
-36.91406250     0.00000000000000000000
-36.81640625     0.00000000000000000000
-36.71875000     0.00000000000000000000
-36.62109375     0.00000000000000000000
-36.52343750     0.00000000000000000000
-36.42578125     0.00000000000000000000
-36.32812500     0.00000000000000000000
-36.23046875     0.00000000000000000000
-36.13281250     0.00000000000000000000
-36.03515625     0.00000000000000000000
-35.93750000     0.00000000000000000000
-35.83984375     0.00000000000000000000
-35.74218750     0.00000000000000000000
-35.64453125     0.00000000000000000000
-35.54687500     0.00000000000000000000
-35.44921875     0.00000000000000000000
-35.35156250     0.00000000000000000000
-35.25390625     0.00000000000000000000
-35.15625000     0.00000000000000000000
-35.05859375     0.00000000000000000000
-34.96093750     0.00000000000000000000
-34.86328125     0.00000000000000000000
-34.76562500     0.00000000000000000000
-34.66796875     0.00000000000000000000
-34.57031250     0.00000000000000000000
-34.47265625     0.00000000000000000000
-34.37500000     0.00000000000000000000
-34.27734375     0.00000000000000000000
-34.17968750     0.00000000000000000000
-34.08203125     0.00000000000000000000
-33.98437500     0.00000000000000000000
-33.88671875     0.00000000000000000000
-33.78906250     0.00000000000000000000
-33.69140625     0.00000000000000000000
-33.59375000     0.00000000000000000000
-33.49609375     0.00000000000000000000
-33.39843750     0.00000000000000000000
-33.30078125     0.00000000000000000000
-33.20312500     0.00000000000000000000
-33.10546875     0.00000000000000000000
-33.00781250     0.00000000000000000000
-32.91015625     0.00000000000000000000
-32.81250000     0.00000000000000000000
-32.71484375     0.00000000000000000000
-32.61718750     0.00000000000000000000
-32.51953125     0.00000000000000000000
-32.42187500     0.00000000000000000000
-32.32421875     0.00000000000000000000
-32.22656250     0.00000000000000000000
-32.12890625     0.00000000000000000000
-32.03125000     0.00000000000000000000
-31.93359375     0.00000000000000000000
-31.83593750     0.00000000000000000000
-31.73828125     0.00000000000000000000
-31.64062500     0.00000000000000000000
-31.54296875     0.00000000000000000000
-31.44531250     0.00000000000000000000
-31.34765625     0.00000000000000000000
-31.25000000     0.00000000000000000000
-31.15234375     0.00000000000000000000
-31.05468750     0.00000000000000000000
-30.95703125     0.00000000000000000000
-30.85937500     0.00000000000000000000
-30.76171875     0.00000000000000000000
-30.66406250     0.00000000000000000000
-30.56640625     0.00000000000000000000
-30.46875000     0.00000000000000000000
-30.37109375     0.00000000000000000000
-30.27343750     0.00000000000000000000
-30.17578125     0.00000000000000000000
-30.07812500     0.00000000000000000000
-29.98046875     0.00000000000000000000
-29.88281250     0.00000000000000000000
-29.78515625     0.00000000000000000000
-29.68750000     0.00000000000000000000
-29.58984375     0.00000000000000000000
-29.49218750     0.00000000000000000000
-29.39453125     0.00000000000000000000
-29.29687500     0.00000000000000000000
-29.19921875     0.00000000000000000000
-29.10156250     0.00000000000000000000
-29.00390625     0.00000000000000000000
-28.90625000     0.00000000000000000000
-28.80859375     0.00000000000000000000
-28.71093750     0.00000000000000000000
-28.61328125     0.00000000000000000000
-28.51562500     0.00000000000000000000
-28.41796875     0.00000000000000000000
-28.32031250     0.00000000000000000000
-28.22265625     0.00000000000000000000
-28.12500000     0.00000000000000000000
-28.02734375     0.00000000000000000000
-27.92968750     0.00000000000000000000
-27.83203125     0.00000000000000000000
-27.73437500     0.00000000000000000000
-27.63671875     0.00000000000000000000
-27.53906250     0.00000000000000000000
-27.44140625     0.00000000000000000000
-27.34375000     0.00000000000000000000
-27.24609375     0.00000000000000000000
-27.14843750     0.00000000000000000000
-27.05078125     0.00000000000000000000
-26.95312500     0.00000000000000000000
-26.85546875     0.00000000000000000000
-26.75781250     0.00000000000000000000
-26.66015625     0.00000000000000000000
-26.56250000     0.00000000000000000000
-26.46484375     0.00000000000000000000
-26.36718750     0.00000000000000000000
-26.26953125     0.00000000000000000000
-26.17187500     0.00000000000000000000
-26.07421875     0.00000000000000000000
-25.97656250     0.00000000000000000000
-25.87890625     0.00000000000000000000
-25.78125000     0.00000000000000000000
-25.68359375     0.00000000000000000000
-25.58593750     0.00000000000000000000
-25.48828125     0.00000000000000000000
-25.39062500     0.00000000000000000000
-25.29296875     0.00000000000000000000
-25.19531250     0.00000000000000000000
-25.09765625     0.00000000000000000000
-25.00000000     0.00000000000000000000
-24.90234375     0.00000000000000000000
-24.80468750     0.00000000000000000000
-24.70703125     0.00000000000000000000
-24.60937500     0.00000000000000000000
-24.51171875     0.00000000000000000000
-24.41406250     0.00000000000000000000
-24.31640625     0.00000000000000000000
-24.21875000     0.00000000000000000000
-24.12109375     0.00000000000000000000
-24.02343750     0.00000000000000000000
-23.92578125     0.00000000000000000000
-23.82812500     0.00000000000000000000
-23.73046875     0.00000000000000000000
-23.63281250     0.00000000000000000000
-23.53515625     0.00000000000000000000
-23.43750000     0.00000000000000000000
-23.33984375     0.00000000000000000000
-23.24218750     0.00000000000000000000
-23.14453125     0.00000000000000000000
-23.04687500     0.00000000000000000000
-22.94921875     0.00000000000000000000
-22.85156250     0.00000000000000000000
-22.75390625     0.00000000000000000000
-22.65625000     0.00000000000000000000
-22.55859375     0.00000000000000000000
-22.46093750     0.00000000000000000000
-22.36328125     0.00000000000000000000
-22.26562500     0.00000000000000000000
-22.16796875     0.00000000000000000000
-22.07031250     0.00000000000000000000
-21.97265625     0.00000000000000000000
-21.87500000     0.00000000000000000000
-21.77734375     0.00000000000000000000
-21.67968750     0.00000000000000000000
-21.58203125     0.00000000000000000000
-21.48437500     0.00000000000000000000
-21.38671875     0.00000000000000000000
-21.28906250     0.00000000000000000000
-21.19140625     0.00000000000000000000
-21.09375000     0.00000000000000000000
-20.99609375     0.00000000000000000000
-20.89843750     0.00000000000000000000
-20.80078125     0.00000000000000000000
-20.70312500     0.00000000000000000000
-20.60546875     0.00000000000000000000
-20.50781250     0.00000000000000000000
-20.41015625     0.00000000000000000000
-20.31250000     0.00000000000000000000
-20.21484375     0.00000000000000000000
-20.11718750     0.00000000000000000000
-20.01953125     0.00000000000000000000
-19.92187500     0.00000000000000000000
-19.82421875     0.00000000000000000000
-19.72656250     0.00000000000000000000
-19.62890625     0.00000000000000000000
-19.53125000     0.00000000000000000000
-19.43359375     0.00000000000000000000
-19.33593750     0.00000000000000000000
-19.23828125     0.00000000000000000000
-19.14062500     0.00000000000000000000
-19.04296875     0.00000000000000000000
-18.94531250     0.00000000000000000000
-18.84765625     0.00000000000000000000
-18.75000000     0.00000000000000000000
-18.65234375     0.00000000000000000000
-18.55468750     0.00000000000000000000
-18.45703125     0.00000000000000000000
-18.35937500     0.00000000000000000000
-18.26171875     0.00000000000000000000
-18.16406250     0.00000000000000000000
-18.06640625     0.00000000000000000000
-17.96875000     0.00000000000000000000
-17.87109375     0.00000000000000000000
-17.77343750     0.00000000000000000000
-17.67578125     0.00000000000000000000
-17.57812500     0.00000000000000000000
-17.48046875     0.00000000000000000000
-17.38281250     0.00000000000000000000
-17.28515625     0.00000000000000000000
-17.18750000     0.00000000000000000000
-17.08984375     0.00000000000000000000
-16.99218750     0.00000000000000000000
-16.89453125     0.00000000000000000000
-16.79687500     0.00000000000000000000
-16.69921875     0.00000000000000000000
-16.60156250     0.00000000000000000000
-16.50390625     0.00000000000000000000
-16.40625000     0.00000000000000000000
-16.30859375     0.00000000000000000000
-16.21093750     0.00000000000000000000
-16.11328125     0.00000000000000000000
-16.01562500     0.00000000000000000000
-15.91796875     0.00000000000000000000
-15.82031250     0.00000000000000000000
-15.72265625     0.00000000000000000000
-15.62500000     0.00000000000000000000
-15.52734375     0.00000000000000000000
-15.42968750     0.00000000000000000000
-15.33203125     0.00000000000000000000
-15.23437500     0.00000000000000000000
-15.13671875     0.00000000000000000000
-15.03906250     0.00000000000000000000
-14.94140625     0.00000000000000000000
-14.84375000     0.00000000000000000000
-14.74609375     0.00000000000000000000
-14.64843750     0.00000000000000000000
-14.55078125     0.00000000000000000000
-14.45312500     0.00000000000000000000
-14.35546875     0.00000000000000000000
-14.25781250     0.00000000000000000000
-14.16015625     0.00000000000000000000
-14.06250000     0.00000000000000000000
-13.96484375     0.00000000000000000000
-13.86718750     0.00000000000000000000
-13.76953125     0.00000000000000000000
-13.67187500     0.00000000000000000000
-13.57421875     0.00000000000000000000
-13.47656250     0.00000000000000000000
-13.37890625     0.00000000000000000000
-13.28125000     0.00000000000000000000
-13.18359375     0.00000000000000000000
-13.08593750     0.00000000000000000000
-12.98828125     0.00000000000000000000
-12.89062500     0.00000000000000000000
-12.79296875     0.00000000000000000000
-12.69531250     0.00000000000000000000
-12.59765625     0.00000000000000000000
-12.50000000     0.00000000000000000000
-12.40234375     0.00000000000000000000
-12.30468750     0.00000000000000000000
-12.20703125     0.00000000000000000000
-12.10937500     0.00000000000000000000
-12.01171875     0.00000000000000000000
-11.91406250     0.00000000000000000000
-11.81640625     0.00000000000000000000
-11.71875000     0.00000000000000000000
-11.62109375     0.00000000000000000000
-11.52343750     0.00000000000000000000
-11.42578125     0.00000000000000000000
-11.32812500     0.00000000000000000000
-11.23046875     0.00000000000000000000
-11.13281250     0.00000000000000000000
-11.03515625     0.00000000000000000000
-10.93750000     0.00000000000000000000
-10.83984375     0.00000000000000000000
-10.74218750     0.00000000000000000000
-10.64453125     0.00000000000000000000
-10.54687500     0.00000000000000000000
-10.44921875     0.00000000000000000000
-10.35156250     0.00000000000000000000
-10.25390625     0.00000000000000000000
-10.15625000     0.00000000000000000000
-10.05859375     0.00000000000000000000
-9.96093750     0.00000000000000000000
-9.86328125     0.00000000000000000000
-9.76562500     0.00000000000000000000
-9.66796875     0.00000000000000000000
-9.57031250     0.00000000000000000000
-9.47265625     0.00000000000000000000
-9.37500000     0.00000000000000000000
-9.27734375     0.00000000000000000000
-9.17968750     0.00000000000000000000
-9.08203125     0.00000000000000000000
-8.98437500     0.00000000000000000000
-8.88671875     0.00000000000000000000
-8.78906250     0.00000000000000000000
-8.69140625     0.00000000000000000000
-8.59375000     0.00000000000000000000
-8.49609375     0.00000000000000000000
-8.39843750     0.00000000000000000000
-8.30078125     0.00000000000000000000
-8.20312500     0.00000000000000000000
-8.10546875     0.00000000000000000000
-8.00781250     0.00000000000000000000
-7.91015625     0.00000000000000000000
-7.81250000     0.00000000000000000000
-7.71484375     0.00000000000000000000
-7.61718750     0.00000000000000000000
-7.51953125     0.00000000000000000000
-7.42187500     0.00000000000000000000
-7.32421875     0.00000000000000000000
-7.22656250     -10.53595391340000020364
-7.12890625     -6.00690776345000010394
-7.03125000     -3.68384006565000010625
-6.93359375     -2.36298081330000009359
-6.83593750     -1.76999339777999997736
-6.73828125     -1.79782431165999989631
-6.64062500     -1.91963580072000006282
-6.54296875     -2.18233703191999994786
-6.44531250     -2.82014920740000007982
-6.34765625     -2.89460204328999992640
-6.25000000     -2.46609272024999981454
-6.15234375     -1.93378905886999996611
-6.05468750     -1.77493720772000007635
-5.95703125     -1.73583429310999992623
-5.85937500     -1.62715429584000004226
-5.76171875     -1.22750492300999991535
-5.66406250     -0.70887224757300004718
-5.56640625     -0.43920484060499997980
-5.46875000     -0.30967628000800001553
-5.37109375     -0.23453188731099999798
-5.27343750     -0.17960365011400000745
-5.17578125     -0.13544929815400000295
-5.07812500     -0.10215171629500000017
-4.98046875     -0.07945371950389999716
-4.88281250     -0.06307127612040000497
-4.78515625     -0.04894172458439999956
-4.68750000     -0.03586631660519999654
-4.58984375     -0.02472314571789999832
-4.49218750     -0.01664673356630000031
-4.39453125     -0.01151918743850000038
-4.29687500     -0.00829914586514000040
-4.19921875     -0.00598673029952999976
-4.10156250     -0.00399711841894999972
-4.00390625     -0.00212368907357999995
-3.90625000     -0.00035187534985400002
-3.80859375     0.00135678257015999990
-3.71093750     0.00314877659147999979
-3.61328125     0.00520391534179999969
-3.51562500     0.00762335213676999975
-3.41796875     0.01041253330749999928
-3.32031250     0.01355955363240000065
-3.22265625     0.01711110099209999999
-3.12500000     0.02117980025050000131
-3.02734375     0.02590392893679999836
-2.92968750     0.03140842975839999718
-2.83203125     0.03779328389949999922
-2.73437500     0.04514387129970000301
-2.63671875     0.05354316836570000016
-2.53906250     0.06307552951460000668
-2.44140625     0.07381920289580000405
-2.34375000     0.08583520315909999587
-2.24609375     0.09916454949530000007
-2.14843750     0.11383242079300000260
-2.05078125     0.12984941073699998726
-1.95312500     0.14720549063999999184
-1.85546875     0.16586120467000001200
-1.75781250     0.18574214866499999532
-1.66015625     0.20673774808000000558
-1.56250000     0.22870131981600000382
-1.46484375     0.25145012778800002184
-1.36718750     0.27476783906099999655
-1.26953125     0.29841020133399998038
-1.17187500     0.32210987922799999561
-1.07421875     0.34557753976400001905
-0.97656250     0.36850277069999998192
-0.87890625     0.39055968033499999237
-0.78125000     0.41141659336800001645
-0.68359375     0.43074606399400000578
-0.58593750     0.44823354225000000550
-0.48828125     0.46358535702900000031
-0.39062500     0.47653662857799999886
-0.29296875     0.48685790560199998511
-0.19531250     0.49436357223400001493
-0.09765625     0.49894988794799999265
0.00000000     0.50059719082599996032
0.09765625     0.49933951867300002680
0.19531250     0.49497606793900000843
0.29296875     0.48748165819299998924
0.39062500     0.47713039526899997389
0.48828125     0.46416905985599998807
0.58593750     0.44881627653500000275
0.68359375     0.43132922817600000132
0.78125000     0.41199924330499998471
0.87890625     0.39113897291999999428
0.97656250     0.36907367242799998808
1.07421875     0.34613285765899998170
1.17187500     0.32264210316100000453
1.26953125     0.29891547526399997459
1.36718750     0.27524885089399997451
1.46484375     0.25191429190999997667
1.56250000     0.22915559397999998859
1.66015625     0.20718506530999999948
1.75781250     0.18618152641200000352
1.85546875     0.16628946588699999865
1.95312500     0.14761924573900001012
2.05078125     0.13024822589900000858
2.14843750     0.11422266877400000240
2.24609375     0.09956028431190000472
2.34375000     0.08625327711039999790
2.44140625     0.07427174962049999662
2.53906250     0.06356731052130000503
2.63671875     0.05407673746680000115
2.73437500     0.04572555315710000179
2.83203125     0.03843139872589999839
2.92968750     0.03210727972289999926
3.02734375     0.02666499097919999839
3.12500000     0.02201517419839999976
3.22265625     0.01806900313589999973
3.32031250     0.01474325407340000040
3.41796875     0.01196003878300000087
3.51562500     0.00964708236184000020
3.61328125     0.00773823829382999998
3.71093750     0.00617374890828000043
3.80859375     0.00490027937268000015
3.90625000     0.00387076937171999987
4.00390625     0.00304414451814000002
4.10156250     0.00238492594665999993
4.19921875     0.00186277311571000003
4.29687500     0.00145199006416000002
4.39453125     0.00113101591610999990
4.49218750     0.00088192399720000004
4.58984375     0.00068994069917400005
4.68750000     0.00054299601819299997
4.78515625     0.00043131211041399998
4.88281250     0.00034703363019499998
4.98046875     0.00028390111248500002
5.07812500     0.00023696684168900001
5.17578125     0.00020235248363300001
5.27343750     0.00017704289867700001
5.37109375     0.00015869274088099999
5.46875000     0.00014552538481000000
5.56640625     0.00013617942210200000
5.66406250     0.00012962572579600001
5.76171875     0.00012511417591700000
5.85937500     0.00012208753088900000
5.95703125     0.00012011962167900001
6.05468750     0.00011890294277300000
6.15234375     0.00011821584931000001
6.25000000     0.00011791914054500000
6.34765625     0.00011817019041700000
6.44531250     0.00011840359328200000
6.54296875     0.00011882575577600000
6.64062500     0.00011939358088300000
6.73828125     0.00012007909632000000
6.83593750     0.00012083543249199999
6.93359375     0.00012156706308900000
7.03125000     0.00012208867972499999
7.12890625     0.00012208062167099999
7.22656250     0.00012107014786200001
7.32421875     0.00011849256983700000
7.42187500     0.00011389824918300000
7.51953125     0.00011701334803900000
7.61718750     0.00010913828882100001
7.71484375     0.00009940353763890000
7.81250000     0.00008882215004800000
7.91015625     0.00007811257027790000
8.00781250     0.00006774821480149999
8.10546875     0.00005797275204950000
8.20312500     0.00004887568724910000
8.30078125     0.00004046438910420000
8.39843750     0.00003271198615180000
8.49609375     0.00002558309672900000
8.59375000     0.00001904513257540000
8.69140625     0.00001335176668220000
8.78906250     0.00000692060692611000
8.88671875     0.00000000000000000000
8.98437500     0.00000000000000000000
9.08203125     0.00000000000000000000
9.17968750     0.00000000000000000000
9.27734375     0.00000000000000000000
9.37500000     0.00000000000000000000
9.47265625     0.00000000000000000000
9.57031250     0.00000000000000000000
9.66796875     0.00000000000000000000
9.76562500     0.00000000000000000000
9.86328125     0.00000000000000000000
9.96093750     0.00000000000000000000
10.05859375     0.00000000000000000000
10.15625000     0.00000000000000000000
10.25390625     0.00000000000000000000
10.35156250     0.00000000000000000000
10.44921875     0.00000000000000000000
10.54687500     0.00000000000000000000
10.64453125     0.00000000000000000000
10.74218750     0.00000000000000000000
10.83984375     0.00000000000000000000
10.93750000     0.00000000000000000000
11.03515625     0.00000000000000000000
11.13281250     0.00000000000000000000
11.23046875     0.00000000000000000000
11.32812500     0.00000000000000000000
11.42578125     0.00000000000000000000
11.52343750     0.00000000000000000000
11.62109375     0.00000000000000000000
11.71875000     0.00000000000000000000
11.81640625     0.00000000000000000000
11.91406250     0.00000000000000000000
12.01171875     0.00000000000000000000
12.10937500     0.00000000000000000000
12.20703125     0.00000000000000000000
12.30468750     0.00000000000000000000
12.40234375     0.00000000000000000000
12.50000000     0.00000000000000000000
12.59765625     0.00000000000000000000
12.69531250     0.00000000000000000000
12.79296875     0.00000000000000000000
12.89062500     0.00000000000000000000
12.98828125     0.00000000000000000000
13.08593750     0.00000000000000000000
13.18359375     0.00000000000000000000
13.28125000     0.00000000000000000000
13.37890625     0.00000000000000000000
13.47656250     0.00000000000000000000
13.57421875     0.00000000000000000000
13.67187500     0.00000000000000000000
13.76953125     0.00000000000000000000
13.86718750     0.00000000000000000000
13.96484375     0.00000000000000000000
14.06250000     0.00000000000000000000
14.16015625     0.00000000000000000000
14.25781250     0.00000000000000000000
14.35546875     0.00000000000000000000
14.45312500     0.00000000000000000000
14.55078125     0.00000000000000000000
14.64843750     0.00000000000000000000
14.74609375     0.00000000000000000000
14.84375000     0.00000000000000000000
14.94140625     0.00000000000000000000
15.03906250     0.00000000000000000000
15.13671875     0.00000000000000000000
15.23437500     0.00000000000000000000
15.33203125     0.00000000000000000000
15.42968750     0.00000000000000000000
15.52734375     0.00000000000000000000
15.62500000     0.00000000000000000000
15.72265625     0.00000000000000000000
15.82031250     0.00000000000000000000
15.91796875     0.00000000000000000000
16.01562500     0.00000000000000000000
16.11328125     0.00000000000000000000
16.21093750     0.00000000000000000000
16.30859375     0.00000000000000000000
16.40625000     0.00000000000000000000
16.50390625     0.00000000000000000000
16.60156250     0.00000000000000000000
16.69921875     0.00000000000000000000
16.79687500     0.00000000000000000000
16.89453125     0.00000000000000000000
16.99218750     0.00000000000000000000
17.08984375     0.00000000000000000000
17.18750000     0.00000000000000000000
17.28515625     0.00000000000000000000
17.38281250     0.00000000000000000000
17.48046875     0.00000000000000000000
17.57812500     0.00000000000000000000
17.67578125     0.00000000000000000000
17.77343750     0.00000000000000000000
17.87109375     0.00000000000000000000
17.96875000     0.00000000000000000000
18.06640625     0.00000000000000000000
18.16406250     0.00000000000000000000
18.26171875     0.00000000000000000000
18.35937500     0.00000000000000000000
18.45703125     0.00000000000000000000
18.55468750     0.00000000000000000000
18.65234375     0.00000000000000000000
18.75000000     0.00000000000000000000
18.84765625     0.00000000000000000000
18.94531250     0.00000000000000000000
19.04296875     0.00000000000000000000
19.14062500     0.00000000000000000000
19.23828125     0.00000000000000000000
19.33593750     0.00000000000000000000
19.43359375     0.00000000000000000000
19.53125000     0.00000000000000000000
19.62890625     0.00000000000000000000
19.72656250     0.00000000000000000000
19.82421875     0.00000000000000000000
19.92187500     0.00000000000000000000
20.01953125     0.00000000000000000000
20.11718750     0.00000000000000000000
20.21484375     0.00000000000000000000
20.31250000     0.00000000000000000000
20.41015625     0.00000000000000000000
20.50781250     0.00000000000000000000
20.60546875     0.00000000000000000000
20.70312500     0.00000000000000000000
20.80078125     0.00000000000000000000
20.89843750     0.00000000000000000000
20.99609375     0.00000000000000000000
21.09375000     0.00000000000000000000
21.19140625     0.00000000000000000000
21.28906250     0.00000000000000000000
21.38671875     0.00000000000000000000
21.48437500     0.00000000000000000000
21.58203125     0.00000000000000000000
21.67968750     0.00000000000000000000
21.77734375     0.00000000000000000000
21.87500000     0.00000000000000000000
21.97265625     0.00000000000000000000
22.07031250     0.00000000000000000000
22.16796875     0.00000000000000000000
22.26562500     0.00000000000000000000
22.36328125     0.00000000000000000000
22.46093750     0.00000000000000000000
22.55859375     0.00000000000000000000
22.65625000     0.00000000000000000000
22.75390625     0.00000000000000000000
22.85156250     0.00000000000000000000
22.94921875     0.00000000000000000000
23.04687500     0.00000000000000000000
23.14453125     0.00000000000000000000
23.24218750     0.00000000000000000000
23.33984375     0.00000000000000000000
23.43750000     0.00000000000000000000
23.53515625     0.00000000000000000000
23.63281250     0.00000000000000000000
23.73046875     0.00000000000000000000
23.82812500     0.00000000000000000000
23.92578125     0.00000000000000000000
24.02343750     0.00000000000000000000
24.12109375     0.00000000000000000000
24.21875000     0.00000000000000000000
24.31640625     0.00000000000000000000
24.41406250     0.00000000000000000000
24.51171875     0.00000000000000000000
24.60937500     0.00000000000000000000
24.70703125     0.00000000000000000000
24.80468750     0.00000000000000000000
24.90234375     0.00000000000000000000
