-50.00000000     0.00010973233074100000
-49.90234375     0.00009547134522540001
-49.80468750     0.00007821791172080000
-49.70703125     0.00005854568009110000
-49.60937500     0.00003703540901450000
-49.51171875     0.00001428061715560000
-49.41406250     -0.00000910816881120000
-49.31640625     -0.00003252278725120000
-49.21875000     -0.00005537475313870000
-49.12109375     -0.00007711397878230001
-49.02343750     -0.00009723250430950000
-48.92578125     -0.00011523406435600000
-48.82812500     -0.00013070009001699999
-48.73046875     -0.00014374391733799999
-48.63281250     -0.00015498509382600001
-48.53515625     -0.00016257040701199999
-48.43750000     -0.00016462934078300000
-48.33984375     -0.00016397869024100000
-48.24218750     -0.00016193019229900001
-48.14453125     -0.00015767971184300000
-48.04687500     -0.00015087453660400001
-47.94921875     -0.00014195659242700000
-47.85156250     -0.00013134824224800000
-47.75390625     -0.00011948901987900000
-47.65625000     -0.00010678537656099999
-47.55859375     -0.00009362788264440000
-47.46093750     -0.00008038987616610001
-47.36328125     -0.00006741470652500001
-47.26562500     -0.00005500833847300000
-47.16796875     -0.00004343218233370000
-47.07031250     -0.00003289842993740000
-46.97265625     -0.00002357844347620000
-46.87500000     -0.00001562016189660000
-46.77734375     -0.00000907030468979000
-46.67968750     -0.00000365325177702000
-46.58203125     0.00000067332038673100
-46.48437500     0.00000279649339666000
-46.38671875     0.00000288930502598000
-46.28906250     0.00000235575189737000
-46.19140625     0.00000087997382364600
-46.09375000     -0.00000160537485132000
-45.99609375     -0.00000525616588608000
-45.89843750     -0.00000991952916190000
-45.80078125     -0.00001546389130710000
-45.70312500     -0.00002179317049810000
-45.60546875     -0.00002880134983190000
-45.50781250     -0.00003636850213600000
-45.41015625     -0.00004435424421370000
-45.31250000     -0.00005259764840080000
-45.21484375     -0.00006091113300780000
-45.11718750     -0.00006905347756119999
-45.01953125     -0.00007672900366909999
-44.92187500     -0.00008378928409000000
-44.82421875     -0.00009049037471109999
-44.72656250     -0.00009640773817060000
-44.62890625     -0.00009950105116420000
-44.53125000     -0.00010004419487600000
-44.43359375     -0.00009962727461020000
-44.33593750     -0.00009789497163220000
-44.23828125     -0.00009447445817009999
-44.14062500     -0.00008922182844530000
-44.04296875     -0.00008232957933160000
-43.94531250     -0.00007420230901629999
-43.84765625     -0.00006523233397500000
-43.75000000     -0.00005588821144620000
-43.65234375     -0.00004671129914360000
-43.55468750     -0.00003816065296910000
-43.45703125     -0.00003022781694320000
-43.35937500     -0.00002291372490710000
-43.26171875     -0.00001834304077020000
-43.16406250     -0.00001748107348590000
-43.06640625     -0.00001806162709430000
-42.96875000     -0.00001958897905170000
-42.87109375     -0.00002247754225960000
-42.77343750     -0.00002693069148280000
-42.67578125     -0.00003243489044570000
-42.57812500     -0.00003849131165900000
-42.48046875     -0.00004463159337390000
-42.38281250     -0.00005041850821810000
-42.28515625     -0.00005550811463410000
-42.18750000     -0.00005970558986370000
-42.08984375     -0.00006288385376480000
-41.99218750     -0.00006485469570210000
-41.89453125     -0.00006561941673430001
-41.79687500     -0.00006566812424389999
-41.69921875     -0.00006539331511720000
-41.60156250     -0.00006497655445900000
-41.50390625     -0.00006463559220210000
-41.40625000     -0.00006436132236610000
-41.30859375     -0.00006410283297800000
-41.21093750     -0.00006374545893820000
-41.11328125     -0.00006311520886480000
-41.01562500     -0.00006198070204050001
-40.91796875     -0.00006010080794870000
-40.82031250     -0.00005725359147260000
-40.72265625     -0.00005342708324890000
-40.62500000     -0.00004876119799120000
-40.52734375     -0.00004316036322080000
-40.42968750     -0.00003664319319670000
-40.33203125     -0.00003123436673400000
-40.23437500     -0.00002909484814900000
-40.13671875     -0.00002878990257920000
-40.03906250     -0.00002950629893440000
-39.94140625     -0.00003158074336670000
-39.84375000     -0.00003565390663290000
-39.74609375     -0.00004140713689780000
-39.64843750     -0.00004831834029770000
-39.55078125     -0.00005615033272180000
-39.45312500     -0.00006374342716240000
-39.35546875     -0.00006790617650220000
-39.25781250     -0.00006863728060290001
-39.16015625     -0.00006843974763960000
-39.06250000     -0.00006703635721430000
-38.96484375     -0.00006399973406720001
-38.86718750     -0.00005933089622520000
-38.76953125     -0.00005370324431980000
-38.67187500     -0.00004773085673290000
-38.57421875     -0.00004186141905780000
-38.47656250     -0.00003754200818030000
-38.37890625     -0.00003538596575020000
-38.28125000     -0.00003472998575160000
-38.18359375     -0.00003524373808880000
-38.08593750     -0.00003677526727560000
-37.98828125     -0.00003944696642280000
-37.89062500     -0.00004281771064290000
-37.79296875     -0.00004639294864930000
-37.69531250     -0.00005020308331630000
-37.59765625     -0.00005421813442550000
-37.50000000     -0.00005743608039970000
-37.40234375     -0.00005888694021440000
-37.30468750     -0.00005901768905250000
-37.20703125     -0.00005807150555970000
-37.10937500     -0.00005527241918780000
-37.01171875     -0.00005107849652300000
-36.91406250     -0.00004690153762600000
-36.81640625     -0.00004291728408040000
-36.71875000     -0.00003846775575830000
-36.62109375     -0.00003364276249360000
-36.52343750     -0.00002998722864210000
-36.42578125     -0.00002855586558100000
-36.32812500     -0.00002855781851770000
-36.23046875     -0.00003086645693230000
-36.13281250     -0.00003757096108780000
-36.03515625     -0.00004728831092930000
-35.93750000     -0.00005761816240400000
-35.83984375     -0.00006783189085650000
-35.74218750     -0.00007674807242230000
-35.64453125     -0.00008253097897160000
-35.54687500     -0.00008484909731700000
-35.44921875     -0.00008542255297890000
-35.35156250     -0.00007918918208740000
-35.25390625     -0.00005991781562420000
-35.15625000     -0.00003411391188150000
-35.05859375     -0.00000908740009462000
-34.96093750     0.00001317555755160000
-34.86328125     0.00002997492499230000
-34.76562500     0.00004013141560780000
-34.66796875     0.00004413467418110000
-34.57031250     0.00004375639764520000
-34.47265625     0.00002512664500120000
-34.37500000     -0.00001694578786000000
-34.27734375     -0.00006476501460689999
-34.17968750     -0.00010874380728500000
-34.08203125     -0.00014691235569900000
-33.98437500     -0.00017567002649600000
-33.88671875     -0.00019253487107100001
-33.78906250     -0.00019872149228000000
-33.69140625     -0.00019899737077800001
-33.59375000     -0.00017527639321800000
-33.49609375     -0.00011634203751400000
-33.39843750     -0.00004706748047880000
-33.30078125     0.00001779694215280000
-33.20312500     0.00007787587023070000
-33.10546875     0.00012920099446100001
-33.00781250     0.00016596427761400001
-32.91015625     0.00018654952737400001
-32.81250000     0.00019359234860800000
-32.71484375     0.00019270452363300000
-32.61718750     0.00016215922508100000
-32.51953125     0.00009149911687569999
-32.42187500     0.00001011327910820000
-32.32421875     -0.00006830460186380000
-32.22656250     -0.00014501384778200000
-32.12890625     -0.00021694554212000000
-32.03125000     -0.00027703662807300000
-31.93359375     -0.00031975597968199998
-31.83593750     -0.00034366406156400003
-31.73828125     -0.00035221642375800002
-31.64062500     -0.00035197166211900000
-31.54296875     -0.00032339563610800002
-31.44531250     -0.00025185366950600003
-31.34765625     -0.00016509436999700001
-31.25000000     -0.00007793813697450000
-31.15234375     0.00001188260102070000
-31.05468750     0.00010203600094500000
-30.95703125     0.00018632534231700001
-30.85937500     0.00025878193254999998
-30.76171875     0.00031384882388199998
-30.66406250     0.00034758511543800001
-30.56640625     0.00036421841152700001
-30.46875000     0.00036800683682200003
-30.37109375     0.00035633877408100003
-30.27343750     0.00030185940955100002
-30.17578125     0.00021616848579499999
-30.07812500     0.00012529596600600000
-29.98046875     0.00002923360366240000
-29.88281250     -0.00007282006252040000
-29.78515625     -0.00017610023475900000
-29.68750000     -0.00027468613037599999
-29.58984375     -0.00036329495026200001
-29.49218750     -0.00043713614549100002
-29.39453125     -0.00049181439179000000
-29.29687500     -0.00052431764019399997
-29.19921875     -0.00053922660694300005
-29.10156250     -0.00054170351638500001
-29.00390625     -0.00052522500532300000
-28.90625000     -0.00046467620809999998
-28.80859375     -0.00037629933228399998
-28.71093750     -0.00028152630862200001
-28.61328125     -0.00017787699011200000
-28.51562500     -0.00006500527839430000
-28.41796875     0.00005242521991860000
-28.32031250     0.00016903093164400001
-28.22265625     0.00027999467695800001
-28.12500000     0.00038086366661199998
-28.02734375     0.00046755098711700002
-27.92968750     0.00053534110873400004
-27.83203125     0.00058117131606800002
-27.73437500     0.00060602885460000002
-27.63671875     0.00061365870134100003
-27.53906250     0.00061005629483999995
-27.44140625     0.00057304944586200005
-27.34375000     0.00049447010328399995
-27.24609375     0.00040034748843199999
-27.14843750     0.00029745312494100002
-27.05078125     0.00018204824849700000
-26.95312500     0.00005634985628460000
-26.85546875     -0.00007478686198050000
-26.75781250     -0.00020673178798100001
-26.66015625     -0.00033520087423699997
-26.56250000     -0.00045603315701400000
-26.46484375     -0.00056529173357599996
-26.36718750     -0.00065935487366600002
-26.26953125     -0.00073426229024700000
-26.17187500     -0.00078714833460900001
-26.07421875     -0.00081692277354300004
-25.97656250     -0.00082853297084999999
-25.87890625     -0.00082748125355300002
-25.78125000     -0.00080081487026100004
-25.68359375     -0.00073038985670899998
-25.58593750     -0.00063696398818800001
-25.48828125     -0.00053358888868200005
-25.39062500     -0.00041591111933499998
-25.29296875     -0.00028431166728800001
-25.19531250     -0.00014282417247800001
-25.09765625     0.00000438003413654000
-25.00000000     0.00015341665553100000
-24.90234375     0.00030041782640700000
-24.80468750     0.00044154758502300002
-24.70703125     0.00057313576338799996
-24.60937500     0.00069179472717500004
-24.51171875     0.00079437175198100003
-24.41406250     0.00087792405207200001
-24.31640625     0.00093928458532899998
-24.21875000     0.00097668880051899991
-24.12109375     0.00099461502492799989
-24.02343750     0.00099587456318599990
-23.92578125     0.00098126740696900003
-23.82812500     0.00092578123032099999
-23.73046875     0.00083793186685600005
-23.63281250     0.00073833424019900001
-23.53515625     0.00062459652811899997
-23.43750000     0.00049472357490799998
-23.33984375     0.00035156591533899999
-23.24218750     0.00019878499793600000
-23.14453125     0.00003974201086810000
-23.04687500     -0.00012223163082400001
-22.94921875     -0.00028375095759999999
-22.85156250     -0.00044146686926399998
-22.75390625     -0.00059214177408299998
-22.65625000     -0.00073270536677799995
-22.55859375     -0.00086031469920000003
-22.46093750     -0.00097243054198500000
-22.36328125     -0.00106678137779999999
-22.26562500     -0.00114076320474000006
-22.16796875     -0.00119260797863000000
-22.07031250     -0.00122147718969999996
-21.97265625     -0.00123311337292999991
-21.87500000     -0.00122954731935999992
-21.77734375     -0.00120531439950000000
-21.67968750     -0.00114261202856999998
-21.58203125     -0.00105566640203000003
-21.48437500     -0.00095731265688800003
-21.38671875     -0.00084355205978799998
-21.28906250     -0.00071373240816799996
-21.19140625     -0.00057046166916600004
-21.09375000     -0.00041652578699600000
-20.99609375     -0.00025450167559399998
-20.89843750     -0.00008702876824310000
-20.80078125     0.00008316248886780000
-20.70312500     0.00025331912172200000
-20.60546875     0.00042072268381200003
-20.50781250     0.00058273942595900004
-20.41015625     0.00073686539410799999
-20.31250000     0.00088076034713199997
-20.21484375     0.00101228601620999997
-20.11718750     0.00112954736015999997
-20.01953125     0.00123090937735000007
-19.92187500     0.00131494408727000000
-19.82421875     0.00137986552096000005
-19.72656250     0.00142476282692999994
-19.62890625     0.00144927707795999990
-19.53125000     0.00145867659773999997
-19.43359375     0.00145385540635999989
-19.33593750     0.00143114206322000003
-19.23828125     0.00137616026484999997
-19.14062500     0.00130032485091000007
-19.04296875     0.00121387709447000011
-18.94531250     0.00111338971921999996
-18.84765625     0.00099826093580999997
-18.75000000     0.00087046006088500004
-18.65234375     0.00073204097923999995
-18.55468750     0.00058487985733000002
-18.45703125     0.00043089359974899998
-18.35937500     0.00027205499878200001
-18.26171875     0.00011034158405399999
-18.16406250     -0.00005229734078090000
-18.06640625     -0.00021396104717400001
-17.96875000     -0.00037281404788100001
-17.87109375     -0.00052710034333899999
-17.77343750     -0.00067515596785700004
-17.67578125     -0.00081542128111499997
-17.57812500     -0.00094645407038200003
-17.48046875     -0.00106694405812999995
-17.38281250     -0.00117572766287999991
-17.28515625     -0.00127179715585000008
-17.18750000     -0.00135431578707999995
-17.08984375     -0.00142258735804999992
-16.99218750     -0.00147577418744999998
-16.89453125     -0.00151320036658000000
-16.79687500     -0.00153491322207999995
-16.69921875     -0.00154438045143999989
-16.60156250     -0.00154132378177999994
-16.50390625     -0.00152754712382000002
-16.40625000     -0.00149236966306000004
-16.30859375     -0.00143801945706999992
-16.21093750     -0.00137475211829999992
-16.11328125     -0.00130138603059000001
-16.01562500     -0.00121648161878000005
-15.91796875     -0.00112098127245999993
-15.82031250     -0.00101615343112000005
-15.72265625     -0.00090309864463400001
-15.62500000     -0.00078291890447499996
-15.52734375     -0.00065676852989700004
-15.42968750     -0.00052582522272999997
-15.33203125     -0.00039126586805599998
-15.23437500     -0.00025425139529600002
-15.13671875     -0.00011591428969300000
-15.03906250     0.00002265121781740000
-14.94140625     0.00016039523101699999
-14.84375000     0.00029631479673900002
-14.74609375     0.00042945445943600000
-14.64843750     0.00055890657871999995
-14.55078125     0.00068381272279199998
-14.45312500     0.00080336691643800005
-14.35546875     0.00091682168350100000
-14.25781250     0.00102349720768000010
-14.16015625     0.00112279098861000010
-14.06250000     0.00121418364887000002
-13.96484375     0.00129724133512999990
-13.86718750     0.00137161956443000005
-13.76953125     0.00143706586541999994
-13.67187500     0.00149340913856000007
-13.57421875     0.00154052008152000004
-13.47656250     0.00157829760518000007
-13.37890625     0.00160645361002000010
-13.28125000     0.00162505330900000007
-13.18359375     0.00163474894956999999
-13.08593750     0.00163734126210999999
-12.98828125     0.00163454608303999997
-12.89062500     0.00162175964611000010
-12.79296875     0.00159551472444999991
-12.69531250     0.00156232424050000004
-12.59765625     0.00152401256659999993
-12.50000000     0.00147905183802000007
-12.40234375     0.00142754522515999992
-12.30468750     0.00137017152438000003
-12.20703125     0.00130749179154000003
-12.10937500     0.00124000142041999994
-12.01171875     0.00116819568546999990
-11.91406250     0.00109256596553999994
-11.81640625     0.00101359305167000001
-11.71875000     0.00093174918101399996
-11.62109375     0.00084750242787999996
-11.52343750     0.00076132042312700003
-11.42578125     0.00067367218874200005
-11.32812500     0.00058502709221600003
-11.23046875     0.00049585046943300000
-11.13281250     0.00040659634142799998
-11.03515625     0.00031769849815099999
-10.93750000     0.00022956177784199999
-10.83984375     0.00014255544504900001
-10.74218750     0.00005701009487000000
-10.64453125     -0.00002678140255290000
-10.54687500     -0.00010855947783800001
-10.44921875     -0.00018809140750500000
-10.35156250     -0.00026516469876099999
-10.25390625     -0.00033958202903600001
-10.15625000     -0.00041115881764200001
-10.05859375     -0.00047972363723799999
-9.96093750     -0.00054512088759100001
-9.86328125     -0.00060721471609300002
-9.76562500     -0.00066589314782800003
-9.66796875     -0.00072107159473699999
-9.57031250     -0.00077269505635200000
-9.47265625     -0.00082073832350399996
-9.37500000     -0.00086520360667200001
-9.27734375     -0.00090611552651299995
-9.17968750     -0.00094351425961199998
-9.08203125     -0.00097744839257099991
-8.98437500     -0.00100796908407999996
-8.88671875     -0.00103512609511999991
-8.78906250     -0.00105896630092000002
-8.69140625     -0.00107953740366999998
-8.59375000     -0.00109689089217999990
-8.49609375     -0.00111107817960999999
-8.39843750     -0.00112214331270999996
-8.30078125     -0.00113009446150000000
-8.20312500     -0.00113507882845000009
-8.10546875     -0.00113773143326000004
-8.00781250     -0.00113869722966999996
-7.91015625     -0.00113783651228000003
-7.81250000     -0.00113300580149000010
-7.71484375     -0.00112570027966999993
-7.61718750     -0.00111722465154999993
-7.51953125     -0.00110705367885000007
-7.42187500     -0.00109506888390000011
-7.32421875     -0.00108141510865000009
-7.22656250     -0.00106621707029999993
-7.12890625     -0.00104958433613000003
-7.03125000     -0.00103163934919000004
-6.93359375     -0.00101251679584000000
-6.83593750     -0.00099235633709499993
-6.73828125     -0.00097129560578399995
-6.64062500     -0.00094946353675800003
-6.54296875     -0.00092697497143199995
-6.44531250     -0.00090392772979600001
-6.34765625     -0.00088040272242499999
-6.25000000     -0.00085646698768699996
-6.15234375     -0.00083217897498099995
-6.05468750     -0.00080759498287099999
-5.95703125     -0.00078277542970400002
-5.85937500     -0.00075778960579500002
-5.76171875     -0.00073271775216099996
-5.66406250     -0.00070764975261899997
-5.56640625     -0.00068268040364900004
-5.46875000     -0.00065790205393300002
-5.37109375     -0.00063339619620400003
-5.27343750     -0.00060922609131499998
-5.17578125     -0.00058543247024600001
-5.07812500     -0.00056203369387600004
-4.98046875     -0.00053903057676399997
-4.88281250     -0.00051641474361900001
-4.78515625     -0.00049417833642500001
-4.68750000     -0.00047232250473399999
-4.58984375     -0.00045086253279900002
-4.49218750     -0.00042982852505500001
-4.39453125     -0.00040926189266199999
-4.29687500     -0.00038920899929099998
-4.19921875     -0.00036971389349199998
-4.10156250     -0.00035081197487099998
-4.00390625     -0.00033252585574900000
-3.90625000     -0.00031486388885499999
-3.80859375     -0.00029782114899100002
-3.71093750     -0.00028138227837300000
-3.61328125     -0.00026552553937499998
-3.51562500     -0.00025022750705700001
-3.41796875     -0.00023546786557000001
-3.32031250     -0.00022123362983799999
-3.22265625     -0.00020752187632899999
-3.12500000     -0.00019433998723400000
-3.02734375     -0.00018170275888199999
-2.92968750     -0.00016962657110600001
-2.83203125     -0.00015812192005000000
-2.73437500     -0.00014718650364400001
-2.63671875     -0.00013680124081799999
-2.53906250     -0.00012693089816399999
-2.44140625     -0.00011752958588100000
-2.34375000     -0.00010854977811900000
-2.24609375     -0.00009995230041640000
-2.14843750     -0.00009171433224859999
-2.05078125     -0.00008383301334270000
-1.95312500     -0.00007632353087210000
-1.85546875     -0.00006921219978210000
-1.75781250     -0.00006252653532409999
-1.66015625     -0.00005628518643390000
-1.56250000     -0.00005049054569900000
-1.46484375     -0.00004512588512280000
-1.36718750     -0.00004015737721070000
-1.26953125     -0.00003553997475880000
-1.17187500     -0.00003122535114380000
-1.07421875     -0.00002717003130810000
-0.97656250     -0.00002334215705330000
-0.87890625     -0.00001972567373230000
-0.78125000     -0.00001632104292400000
-0.68359375     -0.00001314210009910000
-0.58593750     -0.00001020955995060000
-0.48828125     -0.00000754273647978000
-0.39062500     -0.00000515173013160000
-0.29296875     -0.00000303210463269000
-0.19531250     -0.00000116306613457000
-0.09765625     0.00000049068644524500
0.00000000     0.00000197336799515000
0.09765625     0.00000332890439918000
0.19531250     0.00000459012112160000
0.29296875     0.00000577135103810000
0.39062500     0.00000686364552401000
0.48828125     0.00000785259447582000
0.58593750     0.00000871352590723000
0.68359375     0.00000945589449046000
0.78125000     0.00000999710766591000
0.87890625     0.00001030602469050000
0.97656250     0.00001044350649670000
1.07421875     0.00001043343636430000
1.17187500     0.00001022436511340000
1.26953125     0.00000984919868765000
1.36718750     0.00000943678282882000
1.46484375     0.00000903598645506000
1.56250000     0.00000866211467296000
1.66015625     0.00000831719583147000
1.75781250     0.00000798024319902000
1.85546875     0.00000761094468305000
1.95312500     0.00000716284791300000
2.05078125     0.00000659764239389000
2.14843750     0.00000589573569180000
2.24609375     0.00000506027942929000
2.34375000     0.00000411382112841000
2.44140625     0.00000308931893448000
2.53906250     0.00000201932539417000
2.63671875     0.00000092759881709100
2.73437500     -0.00000017420672598900
2.83203125     -0.00000128507324080000
2.92968750     -0.00000241122141634000
3.02734375     -0.00000356402857945000
3.12500000     -0.00000476037130900000
3.22265625     -0.00000602338058991000
3.32031250     -0.00000737999215886000
3.41796875     -0.00000885315510149000
3.51562500     -0.00001045044971210000
3.61328125     -0.00001215458258790000
3.71093750     -0.00001392203794400000
3.80859375     -0.00001569303915090000
3.90625000     -0.00001741035718430000
4.00390625     -0.00001903956589590000
4.10156250     -0.00002058211149050000
4.19921875     -0.00002207588564290000
4.29687500     -0.00002358378616420000
4.39453125     -0.00002517546869470000
4.49218750     -0.00002690889538390000
4.58984375     -0.00002881686899860000
4.68750000     -0.00003090139233630000
4.78515625     -0.00003313647603710000
4.88281250     -0.00003547782492900000
4.98046875     -0.00003787571882070000
5.07812500     -0.00004028651266350000
5.17578125     -0.00004268004433390000
5.27343750     -0.00004504384099430000
5.37109375     -0.00004738543621000000
5.46875000     -0.00004973096347920000
5.56640625     -0.00005212133441540000
5.66406250     -0.00005461462684560000
5.76171875     -0.00005729331725520000
5.85937500     -0.00006026017739290000
5.95703125     -0.00006362262868970000
6.05468750     -0.00006748266974820000
6.15234375     -0.00007193976558020000
6.25000000     -0.00007707535889450001
6.34765625     -0.00008298307526540001
6.44531250     -0.00009014501176350000
6.54296875     -0.00009887305733700000
6.64062500     -0.00010936001631100001
6.73828125     -0.00012241352511000001
6.83593750     -0.00013894866226100001
6.93359375     -0.00016005403015200001
7.03125000     -0.00018708261611700001
7.12890625     -0.00022164161373000000
7.22656250     -0.00026560022292999999
7.32421875     -0.00032126778998900002
7.42187500     -0.00039123074764900001
7.51953125     -0.00047842757003500002
7.61718750     -0.00058613458106000001
7.71484375     -0.00071789875901499996
7.81250000     -0.00087751017195400005
7.91015625     -0.00106894247322000010
8.00781250     -0.00129617099508000009
8.10546875     -0.00156281533635999992
8.20312500     -0.00187165558576000003
8.30078125     -0.00222414276507000011
8.39843750     -0.00261993565931999996
8.49609375     -0.00305633620082000016
8.59375000     -0.00352755199933999994
8.69140625     -0.00402396731680000012
8.78906250     -0.00453153965406999978
8.88671875     -0.00503104446004000016
8.98437500     -0.00549695862416000030
9.08203125     -0.00589468182073000016
9.17968750     -0.00618267083123999993
9.27734375     -0.00633303684936000009
9.37500000     -0.00629864252520999975
9.47265625     -0.00597450927213000020
9.57031250     -0.00527607480865999959
9.66796875     -0.00413939116562000043
9.76562500     -0.00246783526907999986
9.86328125     -0.00014441659136200000
9.96093750     0.00297669159941999981
10.05859375     0.00707065010249000037
10.15625000     0.01234446576809999918
10.25390625     0.01905003582269999829
10.35156250     0.02749605178180000026
10.44921875     0.03805899299160000332
10.54687500     0.05119075185549999685
10.64453125     0.06742312204030000145
10.74218750     0.08737013577589999858
10.83984375     0.11172251873800000121
10.93750000     0.14122361871700001013
11.03515625     0.17662433594699999961
11.13281250     0.21862467587699999094
11.23046875     0.26780157002400001298
11.32812500     0.32451071765200001362
11.42578125     0.38876786786500000526
11.52343750     0.46014205907200000922
11.62109375     0.53767447892200004311
11.71875000     0.61980472317699997209
11.81640625     0.70432910539299997676
11.91406250     0.78846751233699996497
12.01171875     0.86903256974900000564
12.10937500     0.94257724603299997135
12.20703125     1.00542979992999992334
12.30468750     1.05388066002999991611
12.40234375     1.08486998760000008524
12.50000000     1.09928786384000010123
12.59765625     1.09939093908000007360
12.69531250     1.08118512188999993384
12.79296875     1.03756163693000003079
12.89062500     0.97850933171599996374
12.98828125     0.91016502398999998835
13.08593750     0.83315212858300002896
13.18359375     0.75043434060799996121
13.28125000     0.66560800893799998423
13.37890625     0.58176396798700003021
13.47656250     0.50141029373099998967
13.57421875     0.42645879452399998444
13.67187500     0.35820230058899998893
13.76953125     0.29734955210500002565
13.86718750     0.24410748769900000865
13.96484375     0.19828714467700001012
14.06250000     0.15941585304600000561
14.16015625     0.12684284218700001001
14.25781250     0.09982951244259999357
14.35546875     0.07761995594670000054
14.45312500     0.05949096918789999883
14.55078125     0.04478333418149999662
14.64843750     0.03291760955069999994
14.74609375     0.02339832490839999918
14.84375000     0.01581042533989999999
14.94140625     0.00981111316285999957
15.03906250     0.00511935696558999970
15.13671875     0.00150511696304999991
15.23437500     -0.00122011320833000005
15.33203125     -0.00320797076283000021
15.42968750     -0.00459076240843999967
15.52734375     -0.00548700250149999989
15.62500000     -0.00599536176445999991
15.72265625     -0.00620916746215000037
15.82031250     -0.00619501884480999979
15.91796875     -0.00597623549773000032
16.01562500     -0.00561237186737999997
16.11328125     -0.00517370866547000024
16.21093750     -0.00468792997956000036
16.30859375     -0.00418110719488000004
16.40625000     -0.00367608350266999994
16.50390625     -0.00318975701400999985
16.60156250     -0.00273397011393999986
16.69921875     -0.00231638338654999989
16.79687500     -0.00194121393587000000
16.89453125     -0.00160994148338000002
16.99218750     -0.00132196234751000004
17.08984375     -0.00107516985613999999
17.18750000     -0.00086645147741799995
17.28515625     -0.00069209972655200004
17.38281250     -0.00054813858448499999
17.48046875     -0.00043057101466600000
17.57812500     -0.00033555676407800002
17.67578125     -0.00025953163620700002
17.77343750     -0.00019927891479100000
17.87109375     -0.00015196166718399999
17.96875000     -0.00011512741779700000
18.06640625     -0.00008669661811780000
18.16406250     -0.00006491608789480000
18.26171875     -0.00004835565440070000
18.35937500     -0.00003586849392470000
18.45703125     -0.00002651790347560000
18.55468750     -0.00001956018362210000
18.65234375     -0.00001441308591840000
18.75000000     -0.00001062489292930000
18.84765625     -0.00000784872563777000
18.94531250     -0.00000582107840024000
19.04296875     -0.00000434367013730000
19.14062500     -0.00000326823741978000
19.23828125     -0.00000248418514077000
19.33593750     -0.00000191184654562000
19.43359375     -0.00000149129563625000
19.53125000     -0.00000118860455505000
19.62890625     -0.00000095376711327000
19.72656250     -0.00000077520149056300
19.82421875     -0.00000064000113720700
19.92187500     -0.00000053472229731800
20.01953125     -0.00000045126894929400
20.11718750     -0.00000038413928510000
20.21484375     -0.00000032931474991000
20.31250000     -0.00000028390642183700
20.41015625     -0.00000024583521374100
20.50781250     -0.00000021358473444300
20.60546875     -0.00000018603267016400
20.70312500     -0.00000016233458468300
20.80078125     -0.00000014184319684800
20.89843750     -0.00000012405250975700
20.99609375     -0.00000010855920241900
21.09375000     -0.00000009503584161390
21.19140625     -0.00000008321219089540
21.28906250     -0.00000007286205246160
21.38671875     -0.00000006379386370110
21.48437500     -0.00000005584388470260
21.58203125     -0.00000004887114061380
21.67968750     -0.00000004275358832710
21.77734375     -0.00000003738514641980
21.87500000     -0.00000003267333552110
21.97265625     -0.00000002853735975360
22.07031250     -0.00000002490652491220
22.16796875     -0.00000002171890535370
22.26562500     -0.00000001892021838980
22.36328125     -0.00000001646286380140
22.46093750     -0.00000001430508075330
22.55859375     -0.00000001241022879370
22.65625000     -0.00000001074614915740
22.75390625     -0.00000000928461402177
22.85156250     -0.00000000800085643603
22.94921875     -0.00000000687313236519
23.04687500     -0.00000000588234895307
23.14453125     -0.00000000501175227662
23.24218750     -0.00000000424663983930
23.33984375     -0.00000000357410830501
23.43750000     -0.00000000298282892358
23.53515625     -0.00000000246285914046
23.63281250     -0.00000000200547612992
23.73046875     -0.00000000160302244496
23.82812500     -0.00000000124877788850
23.92578125     -0.00000000093684849107
24.02343750     -0.00000000066206110197
24.12109375     -0.00000000041987381860
24.21875000     -0.00000000020630329823
24.31640625     -0.00000000001785536570
24.41406250     0.00000000014853833375
24.51171875     0.00000000029556981778
24.60937500     0.00000000042560095711
24.70703125     0.00000000054070690332
24.80468750     0.00000000064270585519
24.90234375     0.00000000073318502896
