-50.00000000     0.99996564849600000358
-49.90234375     0.99996891650099994919
-49.80468750     0.99997287756700004024
-49.70703125     0.99997740687799996362
-49.60937500     0.99998237227300001972
-49.51171875     0.99998763673900004090
-49.41406250     0.99999306035599999642
-49.31640625     0.99999850379400001543
-49.21875000     1.00000383205999998637
-49.12109375     1.00000891807000003020
-49.02343750     1.00001364575999995843
-48.92578125     1.00001791172000009666
-48.82812500     1.00002162684999995612
-48.73046875     1.00002473327000007686
-48.63281250     1.00002723902000001388
-48.53515625     1.00002909027999997704
-48.43750000     1.00003006562000007484
-48.33984375     1.00003021567000005554
-48.24218750     1.00002982635000003953
-48.14453125     1.00002894591000002222
-48.04687500     1.00002751255999999813
-47.94921875     1.00002556769000006121
-47.85156250     1.00002321445000008637
-47.75390625     1.00002054222999992028
-47.65625000     1.00001764081000010798
-47.55859375     1.00001459796999991880
-47.46093750     1.00001149866999994309
-47.36328125     1.00000842286999991337
-47.26562500     1.00000544361000009985
-47.16796875     1.00000262550000007522
-47.07031250     1.00000002367999996089
-46.97265625     0.99999768340200001493
-46.87500000     0.99999564075199998125
-46.77734375     0.99999392179900004063
-46.67968750     0.99999253037299995484
-46.58203125     0.99999144725199995420
-46.48437500     0.99999072804699995487
-46.38671875     0.99999045467900005146
-46.28906250     0.99999051113399994861
-46.19140625     0.99999080362899994689
-46.09375000     0.99999136895700002636
-45.99609375     0.99999221037899999054
-45.89843750     0.99999330864100000049
-45.80078125     0.99999462612500000791
-45.70312500     0.99999613121499997259
-45.60546875     0.99999778990300003390
-45.50781250     0.99999956498599995580
-45.41015625     1.00000141561999988937
-45.31250000     1.00000329716999991625
-45.21484375     1.00000516141000006520
-45.11718750     1.00000695647000004129
-45.01953125     1.00000862696999992529
-44.92187500     1.00001012060000005199
-44.82421875     1.00001140972999991163
-44.72656250     1.00001246977999991294
-44.62890625     1.00001314133999996692
-44.53125000     1.00001332733000003472
-44.43359375     1.00001317925999999581
-44.33593750     1.00001275507999998204
-44.23828125     1.00001198941999991376
-44.14062500     1.00001088106999991290
-44.04296875     1.00000947835999998148
-43.94531250     1.00000785339000008989
-43.84765625     1.00000608227000009620
-43.75000000     1.00000424936000009701
-43.65234375     1.00000244422999995386
-43.55468750     1.00000075529000009844
-43.45703125     0.99999925287299995524
-43.35937500     0.99999797220800001885
-43.26171875     0.99999700800900004349
-43.16406250     0.99999652797000004867
-43.06640625     0.99999647434000005219
-42.96875000     0.99999668058099999701
-42.87109375     0.99999713412799995371
-42.77343750     0.99999785112499994799
-42.67578125     0.99999878389399998735
-42.57812500     0.99999984433099997627
-42.48046875     1.00000095723999993247
-42.38281250     1.00000205166999989181
-42.28515625     1.00000306650999992719
-42.18750000     1.00000395423000010275
-42.08984375     1.00000468430999989167
-41.99218750     1.00000524721000005890
-41.89453125     1.00000564606999997608
-41.79687500     1.00000589800999994949
-41.69921875     1.00000603054000003489
-41.60156250     1.00000606956999993358
-41.50390625     1.00000604884999999555
-41.40625000     1.00000598265000006926
-41.30859375     1.00000586167000005133
-41.21093750     1.00000567612000001994
-41.11328125     1.00000540876000010293
-41.01562500     1.00000503810000007654
-40.91796875     1.00000454455000009624
-40.82031250     1.00000391909000008184
-40.72265625     1.00000317252000003876
-40.62500000     1.00000233731999998987
-40.52734375     1.00000145603999990307
-40.42968750     1.00000057058999991533
-40.33203125     0.99999980021500001204
-40.23437500     0.99999938263499998925
-40.13671875     0.99999933252700001773
-40.03906250     0.99999951358899996645
-39.94140625     0.99999993623799998677
-39.84375000     1.00000064314999992376
-39.74609375     1.00000159863999993348
-39.64843750     1.00000269334999991599
-39.55078125     1.00000382881999994034
-39.45312500     1.00000490268999997490
-39.35546875     1.00000567551999997029
-39.25781250     1.00000596184999990257
-39.16015625     1.00000592519999997876
-39.06250000     1.00000568141000001354
-38.96484375     1.00000517395999999337
-38.86718750     1.00000443312999998113
-38.76953125     1.00000355984999989012
-38.67187500     1.00000267034000001054
-38.57421875     1.00000186248000000333
-38.47656250     1.00000130422999999880
-38.37890625     1.00000110198999991873
-38.28125000     1.00000112549000008677
-38.18359375     1.00000128709999991372
-38.08593750     1.00000161121000008535
-37.98828125     1.00000204341000009656
-37.89062500     1.00000249424000009490
-37.79296875     1.00000289707999989730
-37.69531250     1.00000319946000004734
-37.59765625     1.00000336987999993710
-37.50000000     1.00000342256000007701
-37.40234375     1.00000340703999990311
-37.30468750     1.00000335332999990001
-37.20703125     1.00000327035999991843
-37.10937500     1.00000319434000006780
-37.01171875     1.00000316197000005403
-36.91406250     1.00000319348999999747
-36.81640625     1.00000332105999989452
-36.71875000     1.00000355025999998482
-36.62109375     1.00000382867999992875
-36.52343750     1.00000406167999988938
-36.42578125     1.00000417928000007173
-36.32812500     1.00000414010999993941
-36.23046875     1.00000382680999999607
-36.13281250     1.00000314280000002221
-36.03515625     1.00000215013000004483
-35.93750000     1.00000098150999994218
-35.83984375     0.99999979373000003058
-35.74218750     0.99999883480100004718
-35.64453125     0.99999830140400003398
-35.54687500     0.99999815578600004251
-35.44921875     0.99999864156300000140
-35.35156250     1.00000028356999992596
-35.25390625     1.00000294297999992033
-35.15625000     1.00000605598999992019
-35.05859375     1.00000920992999997594
-34.96093750     1.00001197519000006864
-34.86328125     1.00001392947999989680
-34.76562500     1.00001487122000010110
-34.66796875     1.00001491475999992886
-34.57031250     1.00001336663999995658
-34.47265625     1.00000940613000000035
-34.37500000     1.00000382733000003910
-34.27734375     0.99999772241899997915
-34.17968750     0.99999169963900003122
-34.08203125     0.99998643813999998908
-33.98437500     0.99998265476899994564
-33.88671875     0.99998069351399998528
-33.78906250     0.99998020963800005045
-33.69140625     0.99998199711400004297
-33.59375000     0.99998751367000004997
-33.49609375     0.99999582371600004294
-33.39843750     1.00000520062999997961
-33.30078125     1.00001486567000008598
-33.20312500     1.00002403881999990531
-33.10546875     1.00003177580999991214
-33.00781250     1.00003723107000008774
-32.91015625     1.00004009463000009816
-32.81250000     1.00004088146999992048
-32.71484375     1.00003868114999994177
-32.61718750     1.00003172787999994320
-32.51953125     1.00002120018999995921
-32.42187500     1.00000913634000010433
-32.32421875     0.99999628936899997989
-32.22656250     0.99998341380099997622
-32.12890625     0.99997148973200000732
-32.03125000     0.99996153326799996908
-31.93359375     0.99995444640099995226
-31.83593750     0.99995051687000002794
-31.73828125     0.99994914444700000455
-31.64062500     0.99995106256900001540
-31.54296875     0.99995825744499999832
-31.44531250     0.99996988077699999753
-31.34765625     0.99998375823200003065
-31.25000000     0.99999914141599999251
-31.15234375     1.00001539819999996084
-31.05468750     1.00003157642000006788
-30.95703125     1.00004664508000007395
-30.85937500     1.00005963031000000285
-30.76171875     1.00006951900999996319
-30.66406250     1.00007586736000009253
-30.56640625     1.00007885524999995397
-30.46875000     1.00007877812000001150
-30.37109375     1.00007393324999993567
-30.27343750     1.00006326979000004229
-30.17578125     1.00004892677999990269
-30.07812500     1.00003228686000000813
-29.98046875     1.00001373789000003178
-29.88281250     0.99999404406699998749
-29.78515625     0.99997420205300002749
-29.68750000     0.99995522865200003881
-29.58984375     0.99993809748100004331
-29.49218750     0.99992370704400002079
-29.39453125     0.99991299118900001108
-29.29687500     0.99990627299000001127
-29.19921875     0.99990318198000005534
-29.10156250     0.99990360836400005162
-29.00390625     0.99990945363100003362
-28.90625000     0.99992141151400004695
-28.80859375     0.99993728545700000243
-28.71093750     0.99995599385800004733
-28.61328125     0.99997725979100005045
-28.51562500     1.00000036389999991115
-28.41796875     1.00002435979000003918
-28.32031250     1.00004826645999989054
-28.22265625     1.00007111641000001612
-28.12500000     1.00009198257000009313
-28.02734375     1.00010999708000003494
-27.92968750     1.00012429212999998107
-27.83203125     1.00013422224000003702
-27.73437500     1.00013971861000006136
-27.63671875     1.00014159283999992667
-27.53906250     1.00013892472000009981
-27.44140625     1.00012952238999996979
-27.34375000     1.00011450238999999307
-27.24609375     1.00009583787000000399
-27.14843750     1.00007382682000001139
-27.05078125     1.00004884845000008298
-26.95312500     1.00002169390999995358
-26.85546875     0.99999327359099998702
-26.75781250     0.99996452091800003270
-26.66015625     0.99993637415299996274
-26.56250000     0.99990975384299995987
-26.46484375     0.99988553401099999896
-26.36718750     0.99986453139200004436
-26.26953125     0.99984751374600000506
-26.17187500     0.99983522997300000590
-26.07421875     0.99982780581999997072
-25.97656250     0.99982457048799999733
-25.87890625     0.99982575379100002699
-25.78125000     0.99983354579700001175
-25.68359375     0.99984800475000001896
-25.58593750     0.99986695656799995380
-25.48828125     0.99988981160900003431
-25.39062500     0.99991644111199995404
-25.29296875     0.99994622507700003933
-25.19531250     0.99997835639999999024
-25.09765625     1.00001198448999994994
-25.00000000     1.00004623102000000934
-24.90234375     1.00008020251999996120
-24.80468750     1.00011301273999997363
-24.70703125     1.00014380652999990140
-24.60937500     1.00017178014000007735
-24.51171875     1.00019619395999992406
-24.41406250     1.00021638120000000427
-24.31640625     1.00023161223999990099
-24.21875000     1.00024163888999995109
-24.12109375     1.00024668871000010917
-24.02343750     1.00024750302999998475
-23.92578125     1.00024247093999996139
-23.82812500     1.00022991867000010657
-23.73046875     1.00021186900999992098
-23.63281250     1.00018957133999997211
-23.53515625     1.00016294325000010268
-23.43750000     1.00013236793000004354
-23.33984375     1.00009851595999998963
-23.24218750     1.00006212103000002855
-23.14453125     1.00002394989000009673
-23.04687500     0.99998480014400004112
-22.94921875     0.99994548590499998664
-22.85156250     0.99990682009999998225
-22.75390625     0.99986959755899995628
-22.65625000     0.99983457913700002351
-22.55859375     0.99980247671499999917
-22.46093750     0.99977394041699996219
-22.36328125     0.99974955991299996327
-22.26562500     0.99972987400799995239
-22.16796875     0.99971546400599997639
-22.07031250     0.99970635957700004770
-21.97265625     0.99970205604299999802
-21.87500000     0.99970222260599994613
-21.77734375     0.99970872530199994532
-21.67968750     0.99972235695199995753
-21.58203125     0.99974104470500002595
-21.48437500     0.99976411128999997935
-21.38671875     0.99979166410399999965
-21.28906250     0.99982333204399997939
-21.19140625     0.99985855368499998441
-21.09375000     0.99989673067300000042
-20.99609375     0.99993723293900005356
-20.89843750     0.99997939815799996577
-20.80078125     1.00002254236999998938
-20.70312500     1.00006597255000007074
-20.60546875     1.00010899859000002010
-20.50781250     1.00015094488999989331
-20.41015625     1.00019116142000008551
-20.31250000     1.00022903418999997704
-20.21484375     1.00026399484000005913
-20.11718750     1.00029552847999991805
-20.01953125     1.00032317919000002249
-19.92187500     1.00034654430999991881
-19.82421875     1.00036525788999997033
-19.72656250     1.00037891233999998164
-19.62890625     1.00038756688999996847
-19.53125000     1.00039169364999991352
-19.43359375     1.00039168886999996211
-19.33593750     1.00038596939999990809
-19.23828125     1.00037379047000007937
-19.14062500     1.00035697155000002923
-19.04296875     1.00033607473000007992
-18.94531250     1.00031095589000007529
-18.84765625     1.00028188717000010577
-18.75000000     1.00024929327000000612
-18.65234375     1.00021362136999991677
-18.55468750     1.00017534029999999312
-18.45703125     1.00013494268999991732
-18.35937500     1.00009293786000008630
-18.26171875     1.00004984370000005178
-18.16406250     1.00000617965999993864
-18.06640625     0.99996246035500002680
-17.96875000     0.99991918978799998463
-17.87109375     0.99987685597300002271
-17.77343750     0.99983592603100002183
-17.67578125     0.99979684157000003886
-17.57812500     0.99976001432999994645
-17.48046875     0.99972582210200000574
-17.38281250     0.99969460506200003014
-17.28515625     0.99966666249100000208
-17.18750000     0.99964225093400005395
-17.08984375     0.99962158721100002889
-16.99218750     0.99960485280300004352
-16.89453125     0.99959228414099998705
-16.79687500     0.99958388395800001902
-16.69921875     0.99957940632899999756
-16.60156250     0.99957816821500000692
-16.50390625     0.99958094978900002836
-16.40625000     0.99958892906200003114
-16.30859375     0.99960097931199998200
-16.21093750     0.99961627293199994959
-16.11328125     0.99963496033499998905
-16.01562500     0.99965695617200001077
-15.91796875     0.99968200310400001651
-15.82031250     0.99970982547300002441
-15.72265625     0.99974013935999994640
-15.62500000     0.99977264596199999502
-15.52734375     0.99980703386900005025
-15.42968750     0.99984298347900002479
-15.33203125     0.99988017101199999637
-15.23437500     0.99991827216600004391
-15.13671875     0.99995696548199997089
-15.03906250     0.99999593527999997011
-14.94140625     1.00003487413000002881
-14.84375000     1.00007348481999991385
-14.74609375     1.00011148200000010711
-14.64843750     1.00014859357000007734
-14.55078125     1.00018456206000005970
-14.45312500     1.00021914605000006304
-14.35546875     1.00025212180000000473
-14.25781250     1.00028328472000005434
-14.16015625     1.00031245086000009081
-14.06250000     1.00033945812000002462
-13.96484375     1.00036416707000008763
-13.86718750     1.00038646129999997392
-13.76953125     1.00040624709999992348
-13.67187500     1.00042345228999995932
-13.57421875     1.00043802490000000027
-13.47656250     1.00044992992000003618
-13.37890625     1.00045910151999994930
-13.28125000     1.00046551146000006760
-13.18359375     1.00046932321999992865
-13.08593750     1.00047094787000001581
-12.98828125     1.00047033240999994064
-12.89062500     1.00046669863999992955
-12.79296875     1.00046021715000010843
-12.69531250     1.00045163663000002963
-12.59765625     1.00044100657000001320
-12.50000000     1.00042829659999998881
-12.40234375     1.00041362791999999260
-12.30468750     1.00039714594000006542
-12.20703125     1.00037899258999996022
-12.10937500     1.00035931134000000142
-12.01171875     1.00033824808000004758
-11.91406250     1.00031594981000004907
-11.81640625     1.00029256382999998110
-11.71875000     1.00026823717000001857
-11.62109375     1.00024311631000006884
-11.52343750     1.00021734664999994990
-11.42578125     1.00019107198000001269
-11.32812500     1.00016443355999995468
-11.23046875     1.00013756916000007280
-11.13281250     1.00011061184000005220
-11.03515625     1.00008368871999997474
-10.93750000     1.00005691999000001502
-10.83984375     1.00003041810999993011
-10.74218750     1.00000428747999992041
-10.64453125     0.99997862450899999143
-10.54687500     0.99995351804699994513
-10.44921875     0.99992904996900000558
-10.35156250     0.99990529581200005005
-10.25390625     0.99988232522700004612
-10.15625000     0.99986020214199999856
-10.05859375     0.99983898461800002622
-9.96093750     0.99981872444800001798
-9.86328125     0.99979946663700003384
-9.76562500     0.99978124891800002061
-9.66796875     0.99976410142500005129
-9.57031250     0.99974804660899996289
-9.47265625     0.99973309943199994976
-9.37500000     0.99971926781599995682
-9.27734375     0.99970655332799995829
-9.17968750     0.99969495201100000425
-9.08203125     0.99968445525299998167
-8.98437500     0.99967505061399997146
-8.88671875     0.99966672251300003893
-8.78906250     0.99965945272099998586
-8.69140625     0.99965322074899998217
-8.59375000     0.99964800402999998141
-8.49609375     0.99964377832700002102
-8.39843750     0.99964053106100003721
-8.30078125     0.99963824354399999361
-8.20312500     0.99963683698700001035
-8.10546875     0.99963618934400000349
-8.00781250     0.99963623114300004247
-7.91015625     0.99963715705000000256
-7.81250000     0.99963898535200002016
-7.71484375     0.99964146078200000201
-7.61718750     0.99964453511200002112
-7.51953125     0.99964822130700003999
-7.42187500     0.99965248658500005519
-7.32421875     0.99965729035700001681
-7.22656250     0.99966259403500001834
-7.12890625     0.99966835880500004574
-7.03125000     0.99967454472700001400
-6.93359375     0.99968111107400003945
-6.83593750     0.99968801701499998558
-6.73828125     0.99969522247400000037
-6.64062500     0.99970268902699999103
-6.54296875     0.99971038064999995232
-6.44531250     0.99971826418099996037
-6.34765625     0.99972630938700002279
-6.25000000     0.99973448864400005220
-6.15234375     0.99974277631499997021
-6.05468750     0.99975114798399999927
-5.95703125     0.99975957974200002631
-5.85937500     0.99976804770100002884
-5.76171875     0.99977652786600001988
-5.66406250     0.99978499636899997860
-5.56640625     0.99979343001300002847
-5.46875000     0.99980180695800002777
-5.37109375     0.99981010737900000152
-5.27343750     0.99981831392499997957
-5.17578125     0.99982641188400001031
-5.07812500     0.99983438902599997000
-4.98046875     0.99984223517000003767
-4.88281250     0.99984994156600004445
-4.78515625     0.99985750022599995113
-4.68750000     0.99986490332800004310
-4.58984375     0.99987214279199998490
-4.49218750     0.99987921014000002984
-4.39453125     0.99988609666299999024
-4.29687500     0.99989279389300000922
-4.19921875     0.99989929429299995167
-4.10156250     0.99990559200200002099
-4.00390625     0.99991168345100001069
-3.90625000     0.99991756766499995113
-3.80859375     0.99992324613299998770
-3.71093750     0.99992872224700002359
-3.61328125     0.99993400042900004721
-3.51562500     0.99993908514899998430
-3.41796875     0.99994398006999996031
-3.32031250     0.99994868750800003365
-3.22265625     0.99995320831199996370
-3.12500000     0.99995754214699994478
-3.02734375     0.99996168807999996631
-2.92968750     0.99996564530400000592
-2.83203125     0.99996941383799997638
-2.73437500     0.99997299507100001481
-2.63671875     0.99997639206699995285
-2.53906250     0.99997960958900000694
-2.44140625     0.99998265385100004732
-2.34375000     0.99998553201600004492
-2.24609375     0.99998825151699999303
-2.14843750     0.99999081931800004597
-2.05078125     0.99999324127699995568
-1.95312500     0.99999552180399997603
-1.85546875     0.99999766393300004719
-1.75781250     0.99999966983699994927
-1.66015625     1.00000154165000010309
-1.56250000     1.00000328238000002479
-1.46484375     1.00000489651999990848
-1.36718750     1.00000639029000004676
-1.26953125     1.00000777124999995493
-1.17187500     1.00000904754000008445
-1.07421875     1.00001022680999995806
-0.97656250     1.00001131533000009455
-0.87890625     1.00001231739999996151
-0.78125000     1.00001323518999996054
-0.68359375     1.00001406914999990683
-0.58593750     1.00001481876999998022
-0.48828125     1.00001548347999991151
-0.39062500     1.00001606362999995170
-0.29296875     1.00001656125000004671
-0.19531250     1.00001698040000008838
-0.09765625     1.00001732718999991611
0.00000000     1.00001760924999993918
0.09765625     1.00001783472999994373
0.19531250     1.00001801106000010044
0.29296875     1.00001814325999993649
0.39062500     1.00001823448999993538
0.48828125     1.00001828719000007695
0.58593750     1.00001830675999991982
0.68359375     1.00001828811999993185
0.78125000     1.00001821906999999179
0.87890625     1.00001810395000001463
0.97656250     1.00001795099000001521
1.07421875     1.00001776211999993116
1.17187500     1.00001754026000000408
1.26953125     1.00001728995999994432
1.36718750     1.00001701592999991952
1.46484375     1.00001672162999999394
1.56250000     1.00001640864000007625
1.66015625     1.00001607698999994689
1.75781250     1.00001572557999995894
1.85546875     1.00001535249999995436
1.95312500     1.00001495549999996904
2.05078125     1.00001453246000004960
2.14843750     1.00001408225000010255
2.24609375     1.00001360539999994970
2.34375000     1.00001310468000004228
2.44140625     1.00001258506999990416
2.53906250     1.00001205297000006489
2.63671875     1.00001151488999995287
2.73437500     1.00001097589999998760
2.83203125     1.00001043831999991696
2.92968750     1.00000990121000010724
3.02734375     1.00000936073000001869
3.12500000     1.00000881126000007448
3.22265625     1.00000824694000001180
3.32031250     1.00000766315999989331
3.41796875     1.00000705755999996782
3.51562500     1.00000643035000003067
3.61328125     1.00000578394000005922
3.71093750     1.00000512206999991882
3.80859375     1.00000444880999994623
3.90625000     1.00000376756999997951
4.00390625     1.00000308061999998444
4.10156250     1.00000238893000004126
4.19921875     1.00000169226999990890
4.29687500     1.00000098945999993383
4.39453125     1.00000027848999994973
4.49218750     0.99999955667399997861
4.58984375     0.99999882112600002593
4.68750000     0.99999806962100001861
4.78515625     0.99999730158900002053
4.88281250     0.99999651868700001334
4.98046875     0.99999572451200002821
5.07812500     0.99999492343200002686
5.17578125     0.99999411908900004420
5.27343750     0.99999331335999996906
5.37109375     0.99999250641100001502
5.46875000     0.99999169782499996995
5.56640625     0.99999088810799996452
5.66406250     0.99999007991999999678
5.76171875     0.99998927903299994480
5.85937500     0.99998849530000000208
5.95703125     0.99998774412099999953
6.05468750     0.99998704979899999401
6.15234375     0.99998645397499996701
6.25000000     0.99998601875000003858
6.34765625     0.99998579060199999091
6.44531250     0.99998586850000004134
6.54296875     0.99998647380799998707
6.64062500     0.99998782849500000847
6.73828125     0.99999017828699998667
6.83593750     0.99999390300199997306
6.93359375     0.99999952422899995863
7.03125000     1.00000774728999997087
7.12890625     1.00001952433000007581
7.22656250     1.00003611202000008973
7.32421875     1.00005917809999989032
7.42187500     1.00009092074999994537
7.51953125     1.00013417905000001618
7.61718750     1.00019259839999996586
7.71484375     1.00027083147999995560
7.81250000     1.00037477305000011008
7.91015625     1.00051183560000001016
8.00781250     1.00069126618000003859
8.10546875     1.00092450405000010782
8.20312500     1.00122558013000007016
8.30078125     1.00161155746999996907
8.39843750     1.00210300588000000843
8.49609375     1.00272449981000000285
8.59375000     1.00350512749999998263
8.69140625     1.00447899367000004212
8.78906250     1.00568569003999996880
8.88671875     1.00717070738000002983
8.98437500     1.00898576314000010257
9.08203125     1.01118900130000000104
9.17968750     1.01384501056000009278
9.27734375     1.01702461472999994285
9.37500000     1.02080446089999998804
9.47265625     1.02526642669000001007
9.57031250     1.03049644966999998097
9.66796875     1.03658286656000009351
9.76562500     1.04361471994000010177
9.86328125     1.05167958352999990623
9.96093750     1.06086096992000000760
10.05859375     1.07123537158000003977
10.15625000     1.08286896435000001837
10.25390625     1.09581409883000002736
10.35156250     1.11010567248000002749
10.44921875     1.12575750675000008094
10.54687500     1.14275886984999996976
10.64453125     1.16107128926999991769
10.74218750     1.18062580059000010735
10.83984375     1.20132079506000000180
10.93750000     1.22302067110000001193
11.03515625     1.24555548958000006365
11.13281250     1.26872168755000003237
11.23046875     1.29228379349999999981
11.32812500     1.31597727551000009960
11.42578125     1.33951281852000003703
11.52343750     1.36258183858999992744
11.62109375     1.38486253212000010038
11.71875000     1.40602658577000005913
11.81640625     1.42574759790000005211
11.91406250     1.44371042901000001812
12.01171875     1.45961822062999990735
12.10937500     1.47319388834999998039
12.20703125     1.48418076540000010155
12.30468750     1.49231640201999993245
12.40234375     1.49749805600999996713
12.50000000     1.49994497514000002525
12.59765625     1.49974355549000004650
12.69531250     1.49624260696000010995
12.79296875     1.48921950433000005454
12.89062500     1.47947754656000007856
12.98828125     1.46724326344999989047
13.08593750     1.45255357479000002385
13.18359375     1.43564674170000006193
13.28125000     1.41681697235999992657
13.37890625     1.39637304298000008984
13.47656250     1.37463665455999994869
13.57421875     1.35193617869999993530
13.67187500     1.32859822005999994587
13.76953125     1.30493989760999995475
13.86718750     1.28126202909000008745
13.96484375     1.25784326260000001163
14.06250000     1.23493529079999997400
14.16015625     1.21275923716000000319
14.25781250     1.19150324216000003119
14.35546875     1.17132122434999996763
14.45312500     1.15233274735000001954
14.55078125     1.13462388781999989895
14.64843750     1.11824896888999991695
14.74609375     1.10323300217000008772
14.84375000     1.08957467334000002168
14.94140625     1.07724970855999990782
15.03906250     1.06621445789999991227
15.13671875     1.05640953834000006495
15.23437500     1.04776340707999993107
15.33203125     1.04019575975000000412
15.42968750     1.03362066638000005270
15.52734375     1.02794934565999995790
15.62500000     1.02309263632999991600
15.72265625     1.01896306410000003773
15.82031250     1.01547651892999990508
15.91796875     1.01255356819999997597
16.01562500     1.01012024623000007395
16.11328125     1.00810848231999994340
16.21093750     1.00645664159000003401
16.30859375     1.00510960014999994883
16.40625000     1.00401858873999993982
16.50390625     1.00314092942999999458
16.60156250     1.00243966583000010395
16.69921875     1.00188311635999993676
16.79687500     1.00144438354999998353
16.89453125     1.00110084540000010556
16.99218750     1.00083364893000004159
17.08984375     1.00062722166000006574
17.18750000     1.00046881234000006877
17.28515625     1.00034806862999992028
17.38281250     1.00025665589999990246
17.48046875     1.00018791905000004050
17.57812500     1.00013658702000007850
17.67578125     1.00009851826999995872
17.77343750     1.00007048435999990055
17.87109375     1.00004998834000002894
17.96875000     1.00003511401999989339
18.06640625     1.00002440422999994141
18.16406250     1.00001675683000001982
18.26171875     1.00001134019999993185
18.35937500     1.00000753620000004673
18.45703125     1.00000489116999990991
18.55468750     1.00000307252999998120
18.65234375     1.00000183830000000107
18.75000000     1.00000101366999993857
18.84765625     1.00000047342000009110
18.94531250     1.00000012850999997482
19.04296875     0.99999991622200001817
19.14062500     0.99999979273700001503
19.23828125     0.99999972756699995191
19.33593750     0.99999969964799995115
19.43359375     0.99999969397999999288
19.53125000     0.99999970350400002594
19.62890625     0.99999972285600002841
19.72656250     0.99999974556500004219
19.82421875     0.99999976926800004939
19.92187500     0.99999979274200001544
20.01953125     0.99999981508299995436
20.11718750     0.99999983581300000424
20.21484375     0.99999985472899999284
20.31250000     0.99999987179200000575
20.41015625     0.99999988705900000330
20.50781250     0.99999990064300003922
20.60546875     0.99999991267900001368
20.70312500     0.99999992331400000545
20.80078125     0.99999993268999998186
20.89843750     0.99999994094499999875
20.99609375     0.99999994820399995543
21.09375000     0.99999995458400003923
21.19140625     0.99999996018799997000
21.28906250     0.99999996510800004401
21.38671875     0.99999996942699997948
21.48437500     0.99999997321699996000
21.58203125     0.99999997654299999095
21.67968750     0.99999997946100005475
21.77734375     0.99999998202100004452
21.87500000     0.99999998426600000823
21.97265625     0.99999998623599994918
22.07031250     0.99999998796300004766
22.16796875     0.99999998947799995097
22.26562500     0.99999999080599999424
22.36328125     0.99999999197099997961
22.46093750     0.99999999299300001976
22.55859375     0.99999999388799998279
22.65625000     0.99999999467300004774
22.75390625     0.99999999536100003805
22.85156250     0.99999999596300004345
22.94921875     0.99999999649100002053
23.04687500     0.99999999695399999222
23.14453125     0.99999999735900002573
23.24218750     0.99999999771299996620
23.33984375     0.99999999802399996973
23.43750000     0.99999999829499996995
23.53515625     0.99999999853199994515
23.63281250     0.99999999874000000677
23.73046875     0.99999999892099999954
23.82812500     0.99999999907899994600
23.92578125     0.99999999921700000183
24.02343750     0.99999999933700001176
24.12109375     0.99999999944200002044
24.21875000     0.99999999953200002789
24.31640625     0.99999999961099994561
24.41406250     0.99999999967899999564
24.51171875     0.99999999973800002273
24.60937500     0.99999999978900000475
24.70703125     0.99999999983300003059
24.80468750     0.99999999986999998924
24.90234375     0.99999999990199994748
