-50.00000000     1.00004394158999998510
-49.90234375     1.00004168109999991287
-49.80468750     1.00003911673000001059
-49.70703125     1.00003625626000003379
-49.60937500     1.00003311109000003754
-49.51171875     1.00002969632999993976
-49.41406250     1.00002603093999997697
-49.31640625     1.00002213773000003805
-49.21875000     1.00001804343999989300
-49.12109375     1.00001377862000007113
-49.02343750     1.00000937762000008391
-48.92578125     1.00000487831999995691
-48.82812500     1.00000032196999999456
-48.73046875     0.99999575282599995063
-48.63281250     0.99999121782900002309
-48.53515625     0.99998676610600001347
-48.43750000     0.99998244848200001922
-48.33984375     0.99997831687500005060
-48.24218750     0.99997442359099997233
-48.14453125     0.99997082054200003842
-48.04687500     0.99996755915099999612
-47.94921875     0.99996469120700004485
-47.85156250     0.99996226088899997642
-47.75390625     0.99996027268300002877
-47.65625000     0.99995874986400001827
-47.55859375     0.99995789114699995537
-47.46093750     0.99995774466499998123
-47.36328125     0.99995811880100005098
-47.26562500     0.99995899778499997002
-47.16796875     0.99996047615299998856
-47.07031250     0.99996258466499998718
-46.97265625     0.99996529982399995351
-46.87500000     0.99996858492899998172
-46.77734375     0.99997240511100005111
-46.67968750     0.99997671663499998473
-46.58203125     0.99998146648700003691
-46.48437500     0.99998659292500002849
-46.38671875     0.99999202608500004086
-46.28906250     0.99999768886700002302
-46.19140625     1.00000349803000010418
-46.09375000     1.00000936546999996679
-45.99609375     1.00001519975999997314
-45.89843750     1.00002090773999996465
-45.80078125     1.00002639643000001968
-45.70312500     1.00003157493999994543
-45.60546875     1.00003635633000009797
-45.50781250     1.00004065811000009134
-45.41015625     1.00004440326999999300
-45.31250000     1.00004753970999993307
-45.21484375     1.00005007927000000301
-45.11718750     1.00005194393999996549
-45.01953125     1.00005286725999997799
-44.92187500     1.00005293137999995423
-44.82421875     1.00005240054999999799
-44.72656250     1.00005125981999998253
-44.62890625     1.00004943934999990240
-44.53125000     1.00004695530999998532
-44.43359375     1.00004389693000006467
-44.33593750     1.00004034531999996815
-44.23828125     1.00003638712999998184
-44.14062500     1.00003211457999996448
-44.04296875     1.00002762451999993587
-43.94531250     1.00002301563000006723
-43.84765625     1.00001838565000000791
-43.75000000     1.00001382851999998103
-43.65234375     1.00000943176999990136
-43.55468750     1.00000527411000006417
-43.45703125     1.00000142338000008735
-43.35937500     0.99999793494699995566
-43.26171875     0.99999485071799998348
-43.16406250     0.99999219934000005416
-43.06640625     0.99998999687400003111
-42.96875000     0.99998823921000001835
-42.87109375     0.99998689008800001332
-42.77343750     0.99998595724299998988
-42.67578125     0.99998551668900004241
-42.57812500     0.99998549253000001968
-42.48046875     0.99998575538699996379
-42.38281250     0.99998630641099994776
-42.28515625     0.99998717074099996438
-42.18750000     0.99998834437399997110
-42.08984375     0.99998980256199998529
-41.99218750     0.99999152856700002090
-41.89453125     0.99999350359399996613
-41.79687500     0.99999570386000002920
-41.69921875     0.99999809803799999397
-41.60156250     1.00000064568999991188
-41.50390625     1.00000329657000008865
-41.40625000     1.00000599106000009897
-41.30859375     1.00000866128000009958
-41.21093750     1.00001123191000007573
-41.11328125     1.00001362336000010345
-41.01562500     1.00001577138999997452
-40.91796875     1.00001765387000007834
-40.82031250     1.00001915992999990124
-40.72265625     1.00001997459000002699
-40.62500000     1.00002009049000006868
-40.52734375     1.00001975799000009104
-40.42968750     1.00001898927999999245
-40.33203125     1.00001770823999991400
-40.23437500     1.00001596048000007677
-40.13671875     1.00001391050000010274
-40.03906250     1.00001174361000000346
-39.94140625     1.00000965895000004657
-39.84375000     1.00000783758999989281
-39.74609375     1.00000641426000003165
-39.64843750     1.00000543817000009383
-39.55078125     1.00000481327999990455
-39.45312500     1.00000438226999999181
-39.35546875     1.00000401718999998302
-39.25781250     1.00000360045999991954
-39.16015625     1.00000304753999991192
-39.06250000     1.00000231513999993105
-38.96484375     1.00000138025000007147
-38.86718750     1.00000022791999998439
-38.76953125     0.99999896449299996437
-38.67187500     0.99999810008500000791
-38.57421875     0.99999792142400001360
-38.47656250     0.99999825970900002581
-38.37890625     0.99999917380900005259
-38.28125000     1.00000088216999993840
-38.18359375     1.00000344796999995900
-38.08593750     1.00000664887999990427
-37.98828125     1.00001008384999989786
-37.89062500     1.00001294267999996102
-37.79296875     1.00001437441000007311
-37.69531250     1.00001458698999989849
-37.59765625     1.00001383467000004579
-37.50000000     1.00001161339000010919
-37.40234375     1.00000784969000000579
-37.30468750     1.00000343801000002308
-37.20703125     0.99999973580500001180
-37.10937500     0.99999759041699998185
-37.01171875     0.99999689204099995177
-36.91406250     0.99999786427500003683
-36.81640625     1.00000196109999994754
-36.71875000     1.00000933162000005261
-36.62109375     1.00001783742999994509
-36.52343750     1.00002527456000001038
-36.42578125     1.00003030036999995822
-36.32812500     1.00003255779999999930
-36.23046875     1.00003230874000004214
-36.13281250     1.00002754576000008058
-36.03515625     1.00001656685000006597
-35.93750000     1.00000216019999998984
-35.83984375     0.99998763342499996654
-35.74218750     0.99997477700699999303
-35.64453125     0.99996537659399997722
-35.54687500     0.99996023568100000922
-35.44921875     0.99995850023400001394
-35.35156250     0.99996132265500003999
-35.25390625     0.99997190625800003172
-35.15625000     0.99998871066600003576
-35.05859375     1.00000749723999993179
-34.96093750     1.00002635893000002554
-34.86328125     1.00004398180999998225
-34.76562500     1.00005892213000002755
-34.66796875     1.00006976976000006019
-34.57031250     1.00007610146999992295
-34.47265625     1.00007867806999994897
-34.37500000     1.00007707152000002715
-34.27734375     1.00006876793999999187
-34.17968750     1.00005430778999993002
-34.08203125     1.00003688850999994386
-33.98437500     1.00001776611000003925
-33.88671875     0.99999758944399996796
-33.78906250     0.99997738679500003389
-33.69140625     0.99995829265199998037
-33.59375000     0.99994136606600003692
-33.49609375     0.99992757334199999786
-33.39843750     0.99991774470299998878
-33.30078125     0.99991203869300004925
-33.20312500     0.99990975301899998051
-33.10546875     0.99991136350200005012
-33.00781250     0.99991896384000000797
-32.91015625     0.99993204847799999069
-32.81250000     0.99994840087299996512
-32.71484375     0.99996740797000005507
-32.61718750     0.99998872022100004919
-32.51953125     1.00001158252999999831
-32.42187500     1.00003511366000008564
-32.32421875     1.00005844155000001017
-32.22656250     1.00008073135999997483
-32.12890625     1.00010120377999989216
-32.03125000     1.00011914942999990963
-31.93359375     1.00013394044000003547
-31.83593750     1.00014493371999990678
-31.73828125     1.00015197204000005904
-31.64062500     1.00015534713999998395
-31.54296875     1.00015544018999991138
-31.44531250     1.00015080918999998971
-31.34765625     1.00014057927999999720
-31.25000000     1.00012653711000010226
-31.15234375     1.00010951993000007931
-31.05468750     1.00008954803000005285
-30.95703125     1.00006701808999998171
-30.85937500     1.00004250901000002472
-30.76171875     1.00001662638000010652
-30.66406250     0.99998998224799995338
-30.56640625     0.99996319154799995221
-30.46875000     0.99993686025200001488
-30.37109375     0.99991157199799995947
-30.27343750     0.99988787627499997601
-30.17578125     0.99986627850900000603
-30.07812500     0.99984723062400004956
-29.98046875     0.99983113153299996156
-29.88281250     0.99981836142199997930
-29.78515625     0.99980925952900001619
-29.68750000     0.99980378090900001720
-29.58984375     0.99980140012600005051
-29.49218750     0.99980223818600000296
-29.39453125     0.99980766984199997971
-29.29687500     0.99981760176000000762
-29.19921875     0.99983068872000002703
-29.10156250     0.99984670884500004284
-29.00390625     0.99986567297499995277
-28.90625000     0.99988730086900001748
-28.80859375     0.99991123211499999268
-28.71093750     0.99993709574199995949
-28.61328125     0.99996450661900004864
-28.51562500     0.99999306530999998444
-28.41796875     1.00002236427999990909
-28.32031250     1.00005199504999997551
-28.22265625     1.00008155523999997527
-28.12500000     1.00011065543000010614
-28.02734375     1.00013892542999993651
-27.92968750     1.00016601977999997075
-27.83203125     1.00019162218000001729
-27.73437500     1.00021544868999989752
-27.63671875     1.00023724976000005782
-27.53906250     1.00025681133000010625
-27.44140625     1.00027395447999989386
-27.34375000     1.00028853357000002688
-27.24609375     1.00030043340000007746
-27.14843750     1.00030950980000010730
-27.05078125     1.00031572339999996757
-26.95312500     1.00031922760999991695
-26.85546875     1.00032050082000001368
-26.75781250     1.00031922019999996998
-26.66015625     1.00031452991000002761
-26.56250000     1.00030697509999999539
-26.46484375     1.00029727158000003584
-26.36718750     1.00028538518999998708
-26.26953125     1.00027135373000009011
-26.17187500     1.00025535648000007960
-26.07421875     1.00023758659999995047
-25.97656250     1.00021823374000007334
-25.87890625     1.00019748871000002666
-25.78125000     1.00017554303999989251
-25.68359375     1.00015258719000010856
-25.58593750     1.00012880978000007204
-25.48828125     1.00010439712000009926
-25.39062500     1.00007953283000006195
-25.29296875     1.00005439705999998878
-25.19531250     1.00002916533999997029
-25.09765625     1.00000400690000001980
-25.00000000     0.99997908259500001282
-24.90234375     0.99995454263000005390
-24.80468750     0.99993052452899999771
-24.70703125     0.99990715165699994849
-24.60937500     0.99988453266999999247
-24.51171875     0.99986276193900003317
-24.41406250     0.99984192076199995824
-24.31640625     0.99982207895499997097
-24.21875000     0.99980329644300003356
-24.12109375     0.99978562449599994721
-24.02343750     0.99976910645799998978
-23.92578125     0.99975377788800001699
-23.82812500     0.99973966619700005420
-23.73046875     0.99972678995499997257
-23.63281250     0.99971515815300004970
-23.53515625     0.99970476982599998372
-23.43750000     0.99969561431400000284
-23.33984375     0.99968767214400000576
-23.24218750     0.99968091635199995970
-23.14453125     0.99967531428099998259
-23.04687500     0.99967082915700000711
-22.94921875     0.99966744153099995618
-22.85156250     0.99966511417600001366
-22.75390625     0.99966375992000000572
-22.65625000     0.99966321177299999334
-22.55859375     0.99966348586300002310
-22.46093750     0.99966480903300003469
-22.36328125     0.99966705974699998638
-22.26562500     0.99967000221699997553
-22.16796875     0.99967362721599994924
-22.07031250     0.99967792160299995263
-21.97265625     0.99968282908399996867
-21.87500000     0.99968829013899995761
-21.77734375     0.99969424843900001054
-21.67968750     0.99970065054299994678
-21.58203125     0.99970744686599999351
-21.48437500     0.99971459232399995098
-21.38671875     0.99972204606199999155
-21.28906250     0.99972977059099998876
-21.19140625     0.99973773073600002981
-21.09375000     0.99974589266500002438
-20.99609375     0.99975422306499994729
-20.89843750     0.99976268845500004812
-20.80078125     0.99977125467700000971
-20.70312500     0.99977988678300000469
-20.60546875     0.99978854962999996747
-20.50781250     0.99979720928199999896
-20.41015625     0.99980583499300001993
-20.31250000     0.99981440111999997367
-20.21484375     0.99982288818499998051
-20.11718750     0.99983128257800002459
-20.01953125     0.99983957491200003975
-19.92187500     0.99984775755900001659
-19.82421875     0.99985582221500002298
-19.72656250     0.99986375825600004585
-19.62890625     0.99987155238500002863
-19.53125000     0.99987918968699995848
-19.43359375     0.99988665584500002748
-19.33593750     0.99989393997900000155
-19.23828125     0.99990103744699998511
-19.14062500     0.99990795208000005090
-19.04296875     0.99991469779499997372
-18.94531250     0.99992130009900004328
-18.84765625     0.99992779835900003071
-18.75000000     0.99993424960800003642
-18.65234375     0.99994073422100004933
-18.55468750     0.99994736345699997138
-18.45703125     0.99995428925600005066
-18.35937500     0.99996171796499999651
-18.26171875     0.99996993029100000872
-18.16406250     0.99997930876499996344
-18.06640625     0.99999037409400004517
-17.96875000     1.00000382932999998253
-17.87109375     1.00002062627999999123
-17.77343750     1.00004203664000002050
-17.67578125     1.00006973656999997857
-17.57812500     1.00010591501000001280
-17.48046875     1.00015340746000003236
-17.38281250     1.00021586044999999388
-17.28515625     1.00029792938000006153
-17.18750000     1.00040551246999998014
-17.08984375     1.00054602391999991617
-16.99218750     1.00072870918999989875
-16.89453125     1.00096500423000001057
-16.79687500     1.00126893632000002476
-16.69921875     1.00165756350000001440
-16.60156250     1.00215144929000010698
-16.50390625     1.00277516399999999663
-16.40625000     1.00355779347999995998
-16.30859375     1.00453343517999993395
-16.21093750     1.00574166758999994364
-16.11328125     1.00722797169999989109
-16.01562500     1.00904406095999998882
-15.91796875     1.01124806793999999499
-15.82031250     1.01390456178999999182
-15.72265625     1.01708435752999992729
-15.62500000     1.02086409984000003881
-15.52734375     1.02532568932000001105
-15.42968750     1.03055502463999992813
-15.33203125     1.03664042628999997220
-15.23437500     1.04367094574999996759
-15.13671875     1.05173416799000007948
-15.03906250     1.06091362222999996412
-14.94140625     1.07128581491999996800
-14.84375000     1.08291694140999994467
-14.74609375     1.09585938181999997809
-14.64843750     1.11014807010999994041
-14.55078125     1.12579686889999996957
-14.45312500     1.14279509494000008907
-14.35546875     1.16110433308999994040
-14.25781250     1.18065567878999999607
-14.16015625     1.20134758143000008879
-14.06250000     1.22304450541000009345
-13.96484375     1.24557659176999990791
-13.86718750     1.26874035174999999498
-13.76953125     1.29230035990000002855
-13.67187500     1.31599212510999996617
-13.57421875     1.33952640507999998221
-13.47656250     1.36259469024999990694
-13.37890625     1.38487518503000006653
-13.28125000     1.40603954468000003075
-13.18359375     1.42576139783000011008
-13.08593750     1.44372567050999989213
-12.98828125     1.45963544548000001555
-12.89062500     1.47321348210000002688
-12.79296875     1.48420315004999991970
-12.69531250     1.49234210292999991410
-12.59765625     1.49752732840999991382
-12.50000000     1.49997724935000009694
-12.40234375     1.49977937783999992760
-12.30468750     1.49628337680999989878
-12.20703125     1.48926403921000005681
-12.10937500     1.47952491409999997707
-12.01171875     1.46729349595999991607
-11.91406250     1.45260641672999990526
-11.81640625     1.43570175620000006766
-11.71875000     1.41687367974999989251
-11.62109375     1.39643093961000008818
-11.52343750     1.37469521987999998558
-11.42578125     1.35199488913999998907
-11.32812500     1.32865656327000003500
-11.23046875     1.30499738475000004456
-11.13281250     1.28131820510000005164
-11.03515625     1.25789771494999991219
-10.93750000     1.23498765666999998913
-10.83984375     1.21280920871999997601
-10.74218750     1.19155056968999994993
-10.64453125     1.17136571755000007400
-10.54687500     1.15237427445000006898
-10.44921875     1.13466237194999997051
-10.35156250     1.11828438368000004921
-10.25390625     1.10326536909000005870
-10.15625000     1.08960405869999998885
-10.05859375     1.07727621504999993007
-9.96093750     1.06623821384999994955
-9.86328125     1.05643069430999991809
-9.76562500     1.04778213605999992453
-9.66796875     1.04021224904000009204
-9.57031250     1.03363510645000000743
-9.47265625     1.02796193150999992660
-9.37500000     1.02310356474999997189
-9.27734375     1.01897252106000002492
-9.17968750     1.01548467265999997622
-9.08203125     1.01256054569999998094
-8.98437500     1.01012619360000011071
-8.88671875     1.00811354759000004755
-8.78906250     1.00646094779999994984
-8.69140625     1.00511325511999993765
-8.59375000     1.00402168845999995028
-8.49609375     1.00314355805000010591
-8.39843750     1.00244189632999991524
-8.30078125     1.00188501152999998034
-8.20312500     1.00144599703000003466
-8.10546875     1.00110222268999993211
-8.00781250     1.00083482835999992844
-7.91015625     1.00062823536000000679
-7.81250000     1.00046968709000005937
-7.71484375     1.00034882668000002504
-7.61718750     1.00025731568000009197
-7.51953125     1.00018849576000001811
-7.42187500     1.00013709320999999441
-7.32421875     1.00009896426000000069
-7.22656250     1.00007087873999989114
-7.12890625     1.00005033820000011069
-7.03125000     1.00003542520000010541
-6.93359375     1.00002468116999998493
-6.83593750     1.00001700368000001617
-6.73828125     1.00001156097999999162
-6.64062500     1.00000773395999997817
-6.54296875     1.00000506848999992648
-6.44531250     1.00000323165000004622
-6.34765625     1.00000198113000005051
-6.25000000     1.00000114188999988940
-6.15234375     1.00000058854000006825
-6.05468750     1.00000023190000009166
-5.95703125     1.00000000907000008432
-5.85937500     0.99999987606600004852
-5.76171875     0.99999980241099994949
-5.66406250     0.99999976716100003049
-5.56640625     0.99999975522200001965
-5.46875000     0.99999975804800000923
-5.37109375     0.99999977110100002342
-5.27343750     0.99999978894499996773
-5.17578125     0.99999980811400002167
-5.07812500     0.99999982746399995737
-4.98046875     0.99999984610699998999
-4.88281250     0.99999986351600000933
-4.78515625     0.99999987945099999553
-4.68750000     0.99999989383900000917
-4.58984375     0.99999990670799998593
-4.49218750     0.99999991814199995499
-4.39453125     0.99999992825299999222
-4.29687500     0.99999993716400004118
-4.19921875     0.99999994499800004544
-4.10156250     0.99999995187299994814
-4.00390625     0.99999995789999995832
-3.90625000     0.99999996317899997322
-3.80859375     0.99999996780000000030
-3.71093750     0.99999997184300004616
-3.61328125     0.99999997537999996133
-3.51562500     0.99999997847400001749
-3.41796875     0.99999998117900001926
-3.32031250     0.99999998354399999290
-3.22265625     0.99999998561299996425
-3.12500000     0.99999998742200002511
-3.02734375     0.99999998900300002269
-2.92968750     0.99999999038700004839
-2.83203125     0.99999999159700003748
-2.73437500     0.99999999265499994738
-2.63671875     0.99999999358100000180
-2.53906250     0.99999999439200004669
-2.44140625     0.99999999510100001654
-2.34375000     0.99999999572099995682
-2.24609375     0.99999999626400004615
-2.14843750     0.99999999673999995231
-2.05078125     0.99999999715700005343
-1.95312500     0.99999999752199997261
-1.85546875     0.99999999784199999908
-1.75781250     0.99999999812300000013
-1.66015625     0.99999999836899999828
-1.56250000     0.99999999858599997182
-1.46484375     0.99999999877599998754
-1.36718750     0.99999999894299995695
-1.26953125     0.99999999908899994683
-1.17187500     0.99999999921899995758
-1.07421875     0.99999999933299998922
-0.97656250     0.99999999943299999750
-0.87890625     0.99999999952200002706
-0.78125000     0.99999999959999996690
-0.68359375     0.99999999966999997270
-0.58593750     0.99999999973200004444
-0.48828125     0.99999999978599996009
-0.39062500     0.99999999983499998635
-0.29296875     0.99999999987900001219
-0.19531250     0.99999999991800003762
-0.09765625     0.99999999995300004052
0.00000000     0.99999999998400002088
0.09765625     1.00000000001000000083
0.19531250     1.00000000004000000331
0.29296875     1.00000000006000000496
0.39062500     1.00000000008000000662
0.48828125     1.00000000010000000827
0.58593750     1.00000000012000000993
0.68359375     1.00000000013000001076
0.78125000     1.00000000015000001241
0.87890625     1.00000000016000001324
0.97656250     1.00000000018000001489
1.07421875     1.00000000019000001572
1.17187500     1.00000000020000001655
1.26953125     1.00000000021000001738
1.36718750     1.00000000022000001820
1.46484375     1.00000000023000001903
1.56250000     1.00000000024000001986
1.66015625     1.00000000025000002069
1.75781250     1.00000000025000002069
1.85546875     1.00000000026000002151
1.95312500     1.00000000027000002234
2.05078125     1.00000000028000002317
2.14843750     1.00000000028000002317
2.24609375     1.00000000029000002399
2.34375000     1.00000000030000002482
2.44140625     1.00000000030000002482
2.53906250     1.00000000031000002565
2.63671875     1.00000000031000002565
2.73437500     1.00000000032000002648
2.83203125     1.00000000032000002648
2.92968750     1.00000000033000002730
3.02734375     1.00000000033000002730
3.12500000     1.00000000034000002813
3.22265625     1.00000000034000002813
3.32031250     1.00000000035000002896
3.41796875     1.00000000035000002896
3.51562500     1.00000000036000002979
3.61328125     1.00000000036000002979
3.71093750     1.00000000037000003061
3.80859375     1.00000000037000003061
3.90625000     1.00000000038000003144
4.00390625     1.00000000038000003144
4.10156250     1.00000000038000003144
4.19921875     1.00000000039000003227
4.29687500     1.00000000039000003227
4.39453125     1.00000000040000003310
4.49218750     1.00000000040000003310
4.58984375     1.00000000040000003310
4.68750000     1.00000000041000003392
4.78515625     1.00000000041000003392
4.88281250     1.00000000041000003392
4.98046875     1.00000000042000003475
5.07812500     1.00000000042000003475
5.17578125     1.00000000042000003475
5.27343750     1.00000000043000003558
5.37109375     1.00000000043000003558
5.46875000     1.00000000043000003558
5.56640625     1.00000000044000003641
5.66406250     1.00000000044000003641
5.76171875     1.00000000044000003641
5.85937500     1.00000000045000003723
5.95703125     1.00000000045000003723
6.05468750     1.00000000045000003723
6.15234375     1.00000000045000003723
6.25000000     1.00000000046000003806
6.34765625     1.00000000046000003806
6.44531250     1.00000000046000003806
6.54296875     1.00000000046000003806
6.64062500     1.00000000047000003889
6.73828125     1.00000000047000003889
6.83593750     1.00000000047000003889
6.93359375     1.00000000047000003889
7.03125000     1.00000000047000003889
7.12890625     1.00000000048000003972
7.22656250     1.00000000048000003972
7.32421875     1.00000000048000003972
7.42187500     1.00000000048000003972
7.51953125     1.00000000048000003972
7.61718750     1.00000000049000004054
7.71484375     1.00000000049000004054
7.81250000     1.00000000049000004054
7.91015625     1.00000000049000004054
8.00781250     1.00000000049000004054
8.10546875     1.00000000049000004054
8.20312500     1.00000000050000004137
8.30078125     1.00000000050000004137
8.39843750     1.00000000050000004137
8.49609375     1.00000000050000004137
8.59375000     1.00000000050000004137
8.69140625     1.00000000050000004137
8.78906250     1.00000000050000004137
8.88671875     1.00000000051000004220
8.98437500     1.00000000051000004220
9.08203125     1.00000000051000004220
9.17968750     1.00000000051000004220
9.27734375     1.00000000051000004220
9.37500000     1.00000000051000004220
9.47265625     1.00000000051000004220
9.57031250     1.00000000051000004220
9.66796875     1.00000000051000004220
9.76562500     1.00000000052000004302
9.86328125     1.00000000052000004302
9.96093750     1.00000000052000004302
10.05859375     1.00000000052000004302
10.15625000     1.00000000052000004302
10.25390625     1.00000000052000004302
10.35156250     1.00000000052000004302
10.44921875     1.00000000052000004302
10.54687500     1.00000000052000004302
10.64453125     1.00000000052000004302
10.74218750     1.00000000052000004302
10.83984375     1.00000000052000004302
10.93750000     1.00000000052000004302
11.03515625     1.00000000052000004302
11.13281250     1.00000000053000004385
11.23046875     1.00000000053000004385
11.32812500     1.00000000053000004385
11.42578125     1.00000000053000004385
11.52343750     1.00000000053000004385
11.62109375     1.00000000053000004385
11.71875000     1.00000000053000004385
11.81640625     1.00000000053000004385
11.91406250     1.00000000053000004385
12.01171875     1.00000000053000004385
12.10937500     1.00000000053000004385
12.20703125     1.00000000053000004385
12.30468750     1.00000000053000004385
12.40234375     1.00000000053000004385
12.50000000     1.00000000053000004385
12.59765625     1.00000000053000004385
12.69531250     1.00000000053000004385
12.79296875     1.00000000053000004385
12.89062500     1.00000000053000004385
12.98828125     1.00000000053000004385
13.08593750     1.00000000053000004385
13.18359375     1.00000000053000004385
13.28125000     1.00000000053000004385
13.37890625     1.00000000053000004385
13.47656250     1.00000000053000004385
13.57421875     1.00000000053000004385
13.67187500     1.00000000053000004385
13.76953125     1.00000000053000004385
13.86718750     1.00000000053000004385
13.96484375     1.00000000052000004302
14.06250000     1.00000000052000004302
14.16015625     1.00000000052000004302
14.25781250     1.00000000052000004302
14.35546875     1.00000000052000004302
14.45312500     1.00000000052000004302
14.55078125     1.00000000052000004302
14.64843750     1.00000000052000004302
14.74609375     1.00000000052000004302
14.84375000     1.00000000052000004302
14.94140625     1.00000000052000004302
15.03906250     1.00000000052000004302
15.13671875     1.00000000052000004302
15.23437500     1.00000000052000004302
15.33203125     1.00000000051000004220
15.42968750     1.00000000051000004220
15.52734375     1.00000000051000004220
15.62500000     1.00000000051000004220
15.72265625     1.00000000051000004220
15.82031250     1.00000000051000004220
15.91796875     1.00000000051000004220
16.01562500     1.00000000051000004220
16.11328125     1.00000000051000004220
16.21093750     1.00000000050000004137
16.30859375     1.00000000050000004137
16.40625000     1.00000000050000004137
16.50390625     1.00000000050000004137
16.60156250     1.00000000050000004137
16.69921875     1.00000000050000004137
16.79687500     1.00000000050000004137
16.89453125     1.00000000049000004054
16.99218750     1.00000000049000004054
17.08984375     1.00000000049000004054
17.18750000     1.00000000049000004054
17.28515625     1.00000000049000004054
17.38281250     1.00000000049000004054
17.48046875     1.00000000048000003972
17.57812500     1.00000000048000003972
17.67578125     1.00000000048000003972
17.77343750     1.00000000048000003972
17.87109375     1.00000000048000003972
17.96875000     1.00000000047000003889
18.06640625     1.00000000047000003889
18.16406250     1.00000000047000003889
18.26171875     1.00000000047000003889
18.35937500     1.00000000047000003889
18.45703125     1.00000000046000003806
18.55468750     1.00000000046000003806
18.65234375     1.00000000046000003806
18.75000000     1.00000000046000003806
18.84765625     1.00000000045000003723
18.94531250     1.00000000045000003723
19.04296875     1.00000000045000003723
19.14062500     1.00000000045000003723
19.23828125     1.00000000044000003641
19.33593750     1.00000000044000003641
19.43359375     1.00000000044000003641
19.53125000     1.00000000043000003558
19.62890625     1.00000000043000003558
19.72656250     1.00000000043000003558
19.82421875     1.00000000042000003475
19.92187500     1.00000000042000003475
20.01953125     1.00000000042000003475
20.11718750     1.00000000041000003392
20.21484375     1.00000000041000003392
20.31250000     1.00000000041000003392
20.41015625     1.00000000040000003310
20.50781250     1.00000000040000003310
20.60546875     1.00000000040000003310
20.70312500     1.00000000039000003227
20.80078125     1.00000000039000003227
20.89843750     1.00000000039000003227
20.99609375     1.00000000038000003144
21.09375000     1.00000000038000003144
21.19140625     1.00000000037000003061
21.28906250     1.00000000037000003061
21.38671875     1.00000000036000002979
21.48437500     1.00000000036000002979
21.58203125     1.00000000036000002979
21.67968750     1.00000000035000002896
21.77734375     1.00000000035000002896
21.87500000     1.00000000034000002813
21.97265625     1.00000000034000002813
22.07031250     1.00000000033000002730
22.16796875     1.00000000033000002730
22.26562500     1.00000000032000002648
22.36328125     1.00000000032000002648
22.46093750     1.00000000031000002565
22.55859375     1.00000000031000002565
22.65625000     1.00000000030000002482
22.75390625     1.00000000030000002482
22.85156250     1.00000000029000002399
22.94921875     1.00000000029000002399
23.04687500     1.00000000028000002317
23.14453125     1.00000000027000002234
23.24218750     1.00000000027000002234
23.33984375     1.00000000026000002151
23.43750000     1.00000000026000002151
23.53515625     1.00000000025000002069
23.63281250     1.00000000024000001986
23.73046875     1.00000000024000001986
23.82812500     1.00000000023000001903
23.92578125     1.00000000023000001903
24.02343750     1.00000000022000001820
24.12109375     1.00000000021000001738
24.21875000     1.00000000021000001738
24.31640625     1.00000000020000001655
24.41406250     1.00000000019000001572
24.51171875     1.00000000018000001489
24.60937500     1.00000000018000001489
24.70703125     1.00000000017000001407
24.80468750     1.00000000016000001324
24.90234375     1.00000000016000001324
