-50.00000000     1.00002296521999989309
-49.90234375     1.01228689326999998777
-49.80468750     1.02454897128999999900
-49.70703125     1.03680746983000005024
-49.60937500     1.04906065942000004121
-49.51171875     1.06130680863999993235
-49.41406250     1.07354418210000002176
-49.31640625     1.08577103894999993372
-49.21875000     1.09798563354000000558
-49.12109375     1.11018621151000007607
-49.02343750     1.12237097357000004116
-48.92578125     1.13453805386000006195
-48.82812500     1.14668580896000005254
-48.73046875     1.15881270181000006758
-48.63281250     1.17091661593999996072
-48.53515625     1.18299547932999993272
-48.43750000     1.19504759501999990867
-48.33984375     1.20707117613999992400
-48.24218750     1.21906436840999998772
-48.14453125     1.23102525560000009008
-48.04687500     1.24295193919999991117
-47.94921875     1.25484251682999992106
-47.85156250     1.26669508375999995131
-47.75390625     1.27850773480000001747
-47.65625000     1.29027856705000010251
-47.55859375     1.30200568311999997917
-47.46093750     1.31368719439999992460
-47.36328125     1.32532122437000010606
-47.26562500     1.33690591167999994759
-47.16796875     1.34843941253000010327
-47.07031250     1.35991990135000007101
-46.97265625     1.37134557728000006094
-46.87500000     1.38271469720999995445
-46.77734375     1.39402556584000003603
-46.67968750     1.40527631133999997282
-46.58203125     1.41646506808999994576
-46.48437500     1.42759042811000003148
-46.38671875     1.43865089974000004425
-46.28906250     1.44964472792999998774
-46.19140625     1.46057026939000000887
-46.09375000     1.47142594826000006059
-45.99609375     1.48221023081000002897
-45.89843750     1.49292158239999994684
-45.80078125     1.50355848035999994927
-45.70312500     1.51411941305999997454
-45.60546875     1.52460287744000000387
-45.50781250     1.53500737706999990095
-45.41015625     1.54533142020999991750
-45.31250000     1.55557351840999991133
-45.21484375     1.56573218542999992309
-45.11718750     1.57580593682999992033
-45.01953125     1.58579329040000005513
-44.92187500     1.59569276747000010630
-44.82421875     1.60550288925000006479
-44.72656250     1.61522216162999998623
-44.62890625     1.62484911616000005097
-44.53125000     1.63438238112000000513
-44.43359375     1.64382052388000010623
-44.33593750     1.65316199017000009519
-44.23828125     1.66240533356999997672
-44.14062500     1.67154920244000004814
-44.04296875     1.68059221563999994231
-43.94531250     1.68953298417999997483
-43.84765625     1.69837013497000000051
-43.75000000     1.70710231221999997331
-43.65234375     1.71572817331000004870
-43.55468750     1.72424638675999997162
-43.45703125     1.73265563134999989181
-43.35937500     1.74095459557000009632
-43.26171875     1.74914197750999989012
-43.16406250     1.75721648505000005436
-43.06640625     1.76517683660000002099
-42.96875000     1.77302176852000004104
-42.87109375     1.78075005963000010389
-42.77343750     1.78836051913000004809
-42.67578125     1.79585182473999993569
-42.57812500     1.80322271240999998376
-42.48046875     1.81047224631000003292
-42.38281250     1.81759942508000005290
-42.28515625     1.82460310406999992594
-42.18750000     1.83148223395000009361
-42.08984375     1.83823583908999999004
-41.99218750     1.84486299222999994285
-41.89453125     1.85136278686999999898
-41.79687500     1.85773434162000006253
-41.69921875     1.86397679554999995410
-41.60156250     1.87008929883999996946
-41.50390625     1.87607099396999998930
-41.40625000     1.88192102320000009819
-41.30859375     1.88763862630000001097
-41.21093750     1.89322302542999998387
-41.11328125     1.89867321412000000791
-41.01562500     1.90398824328999993760
-40.91796875     1.90916732143000000832
-40.82031250     1.91420961158000002555
-40.72265625     1.91911427222000008364
-40.62500000     1.92388050295999990524
-40.52734375     1.92850755909000004529
-40.42968750     1.93299475216999994132
-40.33203125     1.93734143584000007010
-40.23437500     1.94154699405000008561
-40.13671875     1.94561083451000005340
-40.03906250     1.94953238309999998812
-39.94140625     1.95331107247000002047
-39.84375000     1.95694632944000002084
-39.74609375     1.96043757864999990126
-39.64843750     1.96378425828000002795
-39.55078125     1.96698575746000003939
-39.45312500     1.97004124721999995806
-39.35546875     1.97295010945999993446
-39.25781250     1.97571209277000003901
-39.16015625     1.97832680435999996860
-39.06250000     1.98079374513999995067
-38.96484375     1.98311255313000001088
-38.86718750     1.98528302471999995582
-38.76953125     1.98730499995000009505
-38.67187500     1.98917835310000001847
-38.57421875     1.99090323781000000380
-38.47656250     1.99247970043999989009
-38.37890625     1.99390721417000005289
-38.28125000     1.99518539076999990023
-38.18359375     1.99631414793999995005
-38.08593750     1.99729323174000006347
-37.98828125     1.99812228829000004815
-37.89062500     1.99880099862999993654
-37.79296875     1.99932901028000009624
-37.69531250     1.99970599159999995464
-37.59765625     1.99993195269999990415
-37.50000000     2.00000702633000004838
-37.40234375     1.99993121108000004860
-37.30468750     1.99970462050999997494
-37.20703125     1.99932749293000000534
-37.10937500     1.99880010183999989870
-37.01171875     1.99812260198000002376
-36.91406250     1.99729514087999993066
-36.81640625     1.99631808621000006454
-36.71875000     1.99519162690000007032
-36.62109375     1.99391559299000009631
-36.52343750     1.99248971120999995854
-36.42578125     1.99091381516000009988
-36.32812500     1.98918808221000009695
-36.23046875     1.98731259154000006184
-36.13281250     1.98528690254999995446
-36.03515625     1.98311117405000003622
-35.93750000     1.98078652198000004780
-35.83984375     1.97831408292000010540
-35.74218750     1.97569498602999993331
-35.64453125     1.97293024853999998669
-35.54687500     1.97002040502000008715
-35.44921875     1.96696597440000009449
-35.35156250     1.96376871017000009800
-35.25390625     1.96042978329999995069
-35.15625000     1.95694817248999997084
-35.05859375     1.95332287897999989923
-34.96093750     1.94955352573000006977
-34.86328125     1.94563953932999988972
-34.76562500     1.94158074910999989271
-34.66796875     1.93737773788999989577
-34.57031250     1.93303121166999991587
-34.47265625     1.92854008431000001345
-34.37500000     1.92390409842999998702
-34.27734375     1.91912622862999993067
-34.17968750     1.91420915259000001818
-34.08203125     1.90915455486999996459
-33.98437500     1.90396426927000006479
-33.88671875     1.89864035812999998321
-33.78906250     1.89318431670999998140
-33.69140625     1.88759689944000008666
-33.59375000     1.88187865989999991712
-33.49609375     1.87603223419999998178
-33.39843750     1.87005960589000008731
-33.30078125     1.86395925333000000990
-33.20312500     1.85773024998999991553
-33.10546875     1.85137285551999997146
-33.00781250     1.84488710520999998899
-32.91015625     1.83827287812999995431
-32.81250000     1.83153011943999999289
-32.71484375     1.82465883340000001311
-32.61718750     1.81765973439000005918
-32.51953125     1.81053440664999998333
-32.42187500     1.80328366337000001174
-32.32421875     1.79590658383999990377
-32.22656250     1.78840432546999994479
-32.12890625     1.78078036547000007062
-32.03125000     1.77303685304000002709
-31.93359375     1.76517543408000010530
-31.83593750     1.75719815139999990805
-31.73828125     1.74910721084000009284
-31.64062500     1.74090480601000008321
-31.54296875     1.73259307490000002971
-31.44531250     1.72417416986999993966
-31.34765625     1.71564993480000005377
-31.25000000     1.70702170323999991020
-31.15234375     1.69829005877000005498
-31.05468750     1.68945742378999996802
-30.95703125     1.68052699035999997257
-30.85937500     1.67149860504000002948
-30.76171875     1.66237187617999992995
-30.66406250     1.65314790602000005748
-30.56640625     1.64382758366000003569
-30.46875000     1.63441149521999995464
-30.37109375     1.62490017216000004474
-30.27343750     1.61529417278000009262
-30.17578125     1.60559410357000009739
-30.07812500     1.59580063890999990228
-29.98046875     1.58591454030999989833
-29.88281250     1.57593655054000003624
-29.78515625     1.56586786098000008138
-29.68750000     1.55571012155999999216
-29.58984375     1.54546544650999995163
-29.49218750     1.53513401007999994441
-29.39453125     1.52471595173999996398
-29.29687500     1.51421460192000001399
-29.19921875     1.50363275164000009809
-29.10156250     1.49297205610999994541
-29.00390625     1.48223456103000006401
-28.90625000     1.47142257967000000818
-28.80859375     1.46053849243000000158
-28.71093750     1.44958470466999989057
-28.61328125     1.43856363512999996246
-28.51562500     1.42747769603999996590
-28.41796875     1.41632927205000003212
-28.32031250     1.40512070096999996949
-28.22265625     1.39385426504000009551
-28.12500000     1.38253227241999998576
-28.02734375     1.37115682157000007280
-27.92968750     1.35972958210999994577
-27.83203125     1.34825153704999989301
-27.73437500     1.33672523969000001109
-27.63671875     1.32515422170000007895
-27.53906250     1.31353919358000004181
-27.44140625     1.30188044603999997229
-27.34375000     1.29017968230000001917
-27.24609375     1.27843847450999992255
-27.14843750     1.26665807691999998674
-27.05078125     1.25483966713999994802
-26.95312500     1.24298440151000000320
-26.85546875     1.23109341702000008034
-26.75781250     1.21916784172000003394
-26.66015625     1.20720881029000004503
-26.56250000     1.19521747925000010326
-26.46484375     1.18319504052000001870
-26.36718750     1.17114273326999995817
-26.26953125     1.15906185331999989074
-26.17187500     1.14695375305000002442
-26.07421875     1.13481983695999999462
-25.97656250     1.12266146911000008757
-25.87890625     1.11048044252000011056
-25.78125000     1.09827894732000008737
-25.68359375     1.08605917515999994549
-25.58593750     1.07382153844000005627
-25.48828125     1.06156709653999992149
-25.39062500     1.04929933217999993289
-25.29296875     1.03702069163999999191
-25.19531250     1.02473292008999994351
-25.09765625     1.01243814518999997176
-25.00000000     1.00013865481999997264
-24.90234375     0.98783676621899996206
-24.80468750     0.97553481857299995106
-24.70703125     0.96323517263500002539
-24.60937500     0.95094020166699999574
-24.51171875     0.93865228151599999773
-24.41406250     0.92637378199599995643
-24.31640625     0.91410705919500001571
-24.21875000     0.90185444834399997038
-24.12109375     0.88961825723300003155
-24.02343750     0.87740076020799995238
-23.92578125     0.86520419266600001595
-23.82812500     0.85303074636499998107
-23.73046875     0.84088256460599997144
-23.63281250     0.82876174499400001583
-23.53515625     0.81667039825099996264
-23.43750000     0.80461056762100002793
-23.33984375     0.79258394634700002346
-23.24218750     0.78059174882600002032
-23.14453125     0.76863600735699999511
-23.04687500     0.75671989250299998009
-22.94921875     0.74484490394900004784
-22.85156250     0.73301160527300002201
-22.75390625     0.72122170080000003178
-22.65625000     0.70947700728700002770
-22.55859375     0.69777906463299999018
-22.46093750     0.68612934624300003783
-22.36328125     0.67452930980600001032
-22.26562500     0.66298038962799998863
-22.16796875     0.65148399561199998864
-22.07031250     0.64004151729000002824
-21.97265625     0.62865432822000000268
-21.87500000     0.61732379035200002360
-21.77734375     0.60605125848300001046
-21.67968750     0.59483808466700005546
-21.58203125     0.58368562234599996597
-21.48437500     0.57259523001900003436
-21.38671875     0.56156827417199994823
-21.28906250     0.55060613134799996082
-21.19140625     0.53971018938399994980
-21.09375000     0.52888184813899996595
-20.99609375     0.51812251996199998327
-20.89843750     0.50743363001700003689
-20.80078125     0.49681661650999997537
-20.70312500     0.48627293101300000933
-20.60546875     0.47580403837800000488
-20.50781250     0.46541141639799998853
-20.41015625     0.45509655401299997646
-20.31250000     0.44486089555899999137
-20.21484375     0.43470594990099997723
-20.11718750     0.42463341353000000344
-20.01953125     0.41464527350500002267
-19.92187500     0.40474282611000000909
-19.82421875     0.39492670632299997635
-19.72656250     0.38519877913000000191
-19.62890625     0.37556125825499997450
-19.53125000     0.36601557351100000304
-19.43359375     0.35656314437100000703
-19.33593750     0.34720552865900000672
-19.23828125     0.33794428956700001132
-19.14062500     0.32878097544700002342
-19.04296875     0.31971712646700001237
-18.94531250     0.31075427496699997709
-18.84765625     0.30189394301900002171
-18.75000000     0.29313763982300000688
-18.65234375     0.28448685909199999955
-18.55468750     0.27594307651499999645
-18.45703125     0.26750774752700001713
-18.35937500     0.25918230557799998293
-18.26171875     0.25096816097500002085
-18.16406250     0.24286670027699999719
-18.06640625     0.23487928611500000220
-17.96875000     0.22700725722000000828
-17.87109375     0.21925192846100000077
-17.77343750     0.21161459067800000855
-17.67578125     0.20409651022399999398
-17.57812500     0.19669892819400000561
-17.48046875     0.18942305943800000212
-17.38281250     0.18227009148100001279
-17.28515625     0.17524118352199999360
-17.18750000     0.16833746566400001332
-17.08984375     0.16156003850399999755
-16.99218750     0.15490997315899998621
-16.89453125     0.14838831174100000632
-16.79687500     0.14199606818499999061
-16.69921875     0.13573422930000000886
-16.60156250     0.12960375582499999991
-16.50390625     0.12360558328199999778
-16.40625000     0.11774062246800000298
-16.30859375     0.11200975948699999629
-16.21093750     0.10641385534699999982
-16.11328125     0.10095374521699999881
-16.01562500     0.09563023754220000006
-15.91796875     0.09044411352299999707
-15.82031250     0.08539612707089999644
-15.72265625     0.08048700584149999504
-15.62500000     0.07571746863099999836
-15.52734375     0.07108820623769999958
-15.42968750     0.06659982219849999718
-15.33203125     0.06225284622109999999
-15.23437500     0.05804786592330000300
-15.13671875     0.05398575035750000084
-15.03906250     0.05006711621570000131
-14.94140625     0.04629225477920000109
-14.84375000     0.04266169027260000024
-14.74609375     0.03917598553070000128
-14.64843750     0.03583562311780000287
-14.55078125     0.03264105338409999807
-14.45312500     0.02959270638140000173
-14.35546875     0.02669099005749999906
-14.25781250     0.02393629041479999886
-14.16015625     0.02132897290809999957
-14.06250000     0.01886938368719999828
-13.96484375     0.01655785031389999870
-13.86718750     0.01439468180350000036
-13.76953125     0.01238016797770000003
-13.67187500     0.01051457831870000054
-13.57421875     0.00879816066171999929
-13.47656250     0.00723114010268000040
-13.37890625     0.00581371841036999997
-13.28125000     0.00454607407313999991
-13.18359375     0.00342836292828000008
-13.08593750     0.00246071918619000015
-12.98828125     0.00164325659613000002
-12.89062500     0.00097606950329499995
-12.79296875     0.00045923359154800001
-12.69531250     0.00009280616633580000
-12.59765625     -0.00012317410030200001
-12.50000000     -0.00018868795681600001
-12.40234375     -0.00010373677545900000
-12.30468750     0.00013165606782600001
-12.20703125     0.00051744397135500004
-12.10937500     0.00105355638692999996
-12.01171875     0.00173989883171000006
-11.91406250     0.00257635364865000001
-11.81640625     0.00356278128822000006
-11.71875000     0.00469902171264000024
-11.62109375     0.00598489549842000021
-11.52343750     0.00742020433871999965
-11.42578125     0.00900473085974999934
-11.32812500     0.01073823787079999925
-11.23046875     0.01262046729070000033
-11.13281250     0.01465113901740000037
-11.03515625     0.01682994996430000126
-10.93750000     0.01915657342289999940
-10.83984375     0.02163065884840000008
-10.74218750     0.02425183211059999885
-10.64453125     0.02701969617980000057
-10.54687500     0.02993383213449999844
-10.44921875     0.03299380030380000273
-10.35156250     0.03619914131529999857
-10.25390625     0.03954937682000000260
-10.15625000     0.04304400971039999690
-10.05859375     0.04668252372460000160
-9.96093750     0.05046438245610000012
-9.86328125     0.05438902794900000309
-9.76562500     0.05845587923059999969
-9.66796875     0.06266433122579999349
-9.57031250     0.06701375442599999399
-9.47265625     0.07150349545259999939
-9.37500000     0.07613287833519999381
-9.27734375     0.08090120608839999894
-9.17968750     0.08580776212719999629
-9.08203125     0.09085181119860000210
-8.98437500     0.09603259972800000377
-8.88671875     0.10134935565000000035
-8.78906250     0.10680128788800000161
-8.69140625     0.11238758569399999454
-8.59375000     0.11810741801200000389
-8.49609375     0.12395993294599999546
-8.39843750     0.12994425722600000395
-8.30078125     0.13605949560499999706
-8.20312500     0.14230473047700001321
-8.10546875     0.14867902223199999656
-8.00781250     0.15518141062699999932
-7.91015625     0.16181091669600000671
-7.81250000     0.16856654437599999374
-7.71484375     0.17544728133099998790
-7.61718750     0.18245209910199999825
-7.51953125     0.18957995251000001047
-7.42187500     0.19682977981300001091
-7.32421875     0.20420050068199999127
-7.22656250     0.21169101747300000937
-7.12890625     0.21930020451500001344
-7.03125000     0.22702690271000000588
-6.93359375     0.23486994964499999239
-6.83593750     0.24282817715400001335
-6.73828125     0.25090039280900000573
-6.64062500     0.25908539120000001477
-6.54296875     0.26738195957100002742
-6.44531250     0.27578887866000001416
-6.34765625     0.28430492863899997635
-6.25000000     0.29292886704699999667
-6.15234375     0.30165947379500002157
-6.05468750     0.31049558232399998570
-5.95703125     0.31943601912800001497
-5.85937500     0.32847963296200000105
-5.76171875     0.33762534464400001388
-5.66406250     0.34687215985899999549
-5.56640625     0.35621920532899997713
-5.46875000     0.36566578077799999358
-5.37109375     0.37521141563799997876
-5.27343750     0.38485593074699997462
-5.17578125     0.39459954578400002756
-5.07812500     0.40444299117199999927
-4.98046875     0.41438762338000001417
-4.88281250     0.42443559503700001301
-4.78515625     0.43459005475000000995
-4.68750000     0.44485538075600000729
-4.58984375     0.45523745449199998214
-4.49218750     0.46574397722100002728
-4.39453125     0.47638482940499998763
-4.29687500     0.48717246983599998833
-4.19921875     0.49812237370299999872
-4.10156250     0.50925350887900000529
-4.00390625     0.52058883970900005078
-3.90625000     0.53215583619399997595
-3.80859375     0.54398696935199997160
-3.71093750     0.55612018147499997500
-3.61328125     0.56859930883999998397
-3.51562500     0.58147441119599996284
-3.41796875     0.59480195547299996583
-3.32031250     0.60864483065200003509
-3.22265625     0.62307217124600000613
-3.12500000     0.63815894791399996322
-3.02734375     0.65398539060100002729
-2.92968750     0.67063563293899997042
-2.83203125     0.68819625366699999081
-2.73437500     0.70675457625000004391
-2.63671875     0.72639644461399999198
-2.53906250     0.74720364015999995999
-2.44140625     0.76925090851099997558
-2.34375000     0.79260267769699999096
-2.24609375     0.81730955265000004850
-2.14843750     0.84340467904299998292
-2.05078125     0.87090012091799995364
-1.95312500     0.89978339537100004986
-1.85546875     0.93001428741299996261
-1.75781250     0.96152208265700001011
-1.66015625     0.99420340865800005403
-1.56250000     1.02792090800000002204
-1.46484375     1.06250290195000007820
-1.36718750     1.09774406817999992114
-1.26953125     1.13340713753000010833
-1.17187500     1.16922579712999996637
-1.07421875     1.20490899920999994244
-0.97656250     1.24014638711000002580
-0.87890625     1.27461428536999998862
-0.78125000     1.30798254326000007453
-0.68359375     1.33992305034999992230
-0.58593750     1.37011887465999993019
-0.48828125     1.39827112569000000519
-0.39062500     1.42410078447999999263
-0.29296875     1.44734958378999989392
-0.19531250     1.46775327349000006549
-0.09765625     1.48520698282000007673
0.00000000     1.49992736871000009735
0.09765625     1.51200063156000008568
0.19531250     1.52077355645000000806
0.29296875     1.52601961657999996014
0.39062500     1.52854101589999991084
0.48828125     1.52856299477999990621
0.58593750     1.52612029987000008546
0.68359375     1.52144922120999992465
0.78125000     1.51484209129000002569
0.87890625     1.50660580856000003713
0.97656250     1.49706020042999998765
1.07421875     1.48653177626000010392
1.17187500     1.47534529005999992535
1.26953125     1.46381602125999998876
1.36718750     1.45224295906999989469
1.46484375     1.44090293436999994370
1.56250000     1.43004583399999996018
1.66015625     1.41989098618999998180
1.75781250     1.41062474549000005375
1.85546875     1.40239925371000007104
1.95312500     1.39533230601000002302
2.05078125     1.38950821596000007041
2.14843750     1.38497954726999994435
2.24609375     1.38176955866000006345
2.34375000     1.37987519168000005720
2.44140625     1.37927043119999992449
2.53906250     1.37990988313000007004
2.63671875     1.38173242432999998641
2.73437500     1.38466478399999992632
2.83203125     1.38862493496999994669
2.92968750     1.39352522097999997897
3.02734375     1.39927514126999996691
3.12500000     1.40578382370999999118
3.22265625     1.41296208374000009655
3.32031250     1.42072410207000010551
3.41796875     1.42898872656000008874
3.51562500     1.43768032741000006958
3.61328125     1.44672916617999991473
3.71093750     1.45607193044000005067
3.80859375     1.46565183497000006696
3.90625000     1.47541846129000009391
4.00390625     1.48532749211999992589
4.10156250     1.49534034234000001717
4.19921875     1.50542371279000009032
4.29687500     1.51554909985000008099
4.39453125     1.52569228707000004164
4.49218750     1.53583283897000000273
4.58984375     1.54595361278999998689
4.68750000     1.55604029944999999735
4.78515625     1.56608100144999995429
4.88281250     1.57606585185999992227
4.98046875     1.58598667632999990040
5.07812500     1.59583669788000004353
5.17578125     1.60561028252000004279
5.27343750     1.61530272308999989228
5.37109375     1.62491005768999996484
5.46875000     1.63442891927999989221
5.56640625     1.64385641349000000133
5.66406250     1.65319001690000000337
5.76171875     1.66242749145999990645
5.85937500     1.67156682585000004870
5.95703125     1.68060618884999990463
6.05468750     1.68954388579000003290
6.15234375     1.69837832803999999598
6.25000000     1.70710800987999999911
6.34765625     1.71573149099000010764
6.44531250     1.72424738336000005212
6.54296875     1.73265434150999997343
6.64062500     1.74095105531000005072
6.73828125     1.74913624475000006875
6.83593750     1.75720865605999998493
6.93359375     1.76516705893999992227
7.03125000     1.77301024514000005183
7.12890625     1.78073702891999996467
7.22656250     1.78834624247000006925
7.32421875     1.79583673569000001891
7.42187500     1.80320737924000007446
7.51953125     1.81045706229000002985
7.61718750     1.81758469252000010030
7.71484375     1.82458919625000004494
7.81250000     1.83146951853000006238
7.91015625     1.83822462322999991002
8.00781250     1.84485349310000001921
8.10546875     1.85135512995999995667
8.20312500     1.85772855478999998624
8.30078125     1.86397280788999997192
8.39843750     1.87008694900000005390
8.49609375     1.87607005744999999486
8.59375000     1.88192123230000007972
8.69140625     1.88763959246000001535
8.78906250     1.89322427685000005404
8.88671875     1.89867444448999989071
8.98437500     1.90398927467000000924
9.08203125     1.90916796703999991358
9.17968750     1.91420974174999991568
9.27734375     1.91911383957000003520
9.37500000     1.92387952200000000857
9.47265625     1.92850607135999996267
9.57031250     1.93299279094999998385
9.66796875     1.93733900509999990014
9.76562500     1.94154405930999995888
9.86328125     1.94560732031999994440
9.96093750     1.94952817625000007773
10.05859375     1.95330603663999990971
10.15625000     1.95694033256000010645
10.25390625     1.96043051672000001595
10.35156250     1.96377606351999989265
10.44921875     1.96697646914000001672
10.54687500     1.97003125161000003374
10.64453125     1.97293995090000007231
10.74218750     1.97570212897000008212
10.83984375     1.97831736987000006422
10.93750000     1.98078527974000007106
11.03515625     1.98310548692999999432
11.13281250     1.98527764203000001153
11.23046875     1.98730141792999992489
11.32812500     1.98917650984000005110
11.42578125     1.99090263539999989817
11.52343750     1.99247953465999994016
11.62109375     1.99390697013000006699
11.71875000     1.99518472687000003596
11.81640625     1.99631261242999991090
11.91406250     1.99729045698000007292
12.01171875     1.99811811324000010437
12.10937500     1.99879545658999990820
12.20703125     1.99932238499999992420
12.30468750     1.99969881914000002787
12.40234375     1.99992470230999996872
12.50000000     2.00000000049000004054
12.59765625     1.99992470234999997203
12.69531250     1.99969881922000003449
12.79296875     1.99932238512999993496
12.89062500     1.99879545675999992227
12.98828125     1.99811811345999990053
13.08593750     1.99729045725000009526
13.18359375     1.99631261276999993903
13.28125000     1.99518472726000006823
13.37890625     1.99390697060000010588
13.47656250     1.99247953519999998484
13.57421875     1.99090263602999995030
13.67187500     1.98917651057999989028
13.76953125     1.98730141876999999440
13.86718750     1.98527764301000009262
13.96484375     1.98310548805000008699
14.06250000     1.98078528102999995575
14.16015625     1.97831737133999996381
14.25781250     1.97570213067000000073
14.35546875     1.97293995283000000995
14.45312500     1.97003125381999999455
14.55078125     1.96697647168000000484
14.64843750     1.96377606642999991138
14.74609375     1.96043052005000006943
14.84375000     1.95694033635999997678
14.94140625     1.95330604099000004759
15.03906250     1.94952818123000004569
15.13671875     1.94560732600999997111
15.23437500     1.94154406582000005344
15.33203125     1.93733901255000007247
15.42968750     1.93299279947000002267
15.52734375     1.92850608111000010325
15.62500000     1.92387953314000004212
15.72265625     1.91911385231999997991
15.82031250     1.91420975633000001181
15.91796875     1.90916798371999996142
16.01562500     1.90398929375000003361
16.11328125     1.89867446631999992057
16.21093750     1.89322430181999989962
16.30859375     1.88763962102999993675
16.40625000     1.88192126497999989709
16.50390625     1.87607009481999997824
16.60156250     1.87008699173000003668
16.69921875     1.86397285675000001781
16.79687500     1.85772861061999994270
16.89453125     1.85135519372999990395
16.99218750     1.84485356587000004502
17.08984375     1.83822470616999988913
17.18750000     1.83146961292000010069
17.28515625     1.82458930340000002879
17.38281250     1.81758481376999991852
17.48046875     1.81045719887000000625
17.57812500     1.80320753209000006478
17.67578125     1.79583690522000005707
17.77343750     1.78834642823999989680
17.87109375     1.78073722918000010296
17.96875000     1.77301045397000001103
18.06640625     1.76516726622999997609
18.16406250     1.75720884711000002731
18.26171875     1.74913639513000007675
18.35937500     1.74095112595999990113
18.45703125     1.73265427227000001764
18.55468750     1.72424708354999989268
18.65234375     1.71573082587999992121
18.75000000     1.70710678178000008209
18.84765625     1.69837624999999992070
18.94531250     1.68954054533000008753
19.04296875     1.68060099838000009953
19.14062500     1.67155895543000010406
19.23828125     1.66241577816999996919
19.33593750     1.65317284353999993662
19.43359375     1.64383154346999993400
19.53125000     1.63439328474000000746
19.62890625     1.62485948872000007803
19.72656250     1.61523159114999992347
19.82421875     1.60551104197000005236
19.92187500     1.59569930505999990622
20.01953125     1.58579785802000006179
20.11718750     1.57580819197999999481
20.21484375     1.56573181134000005699
20.31250000     1.55557023356999990504
20.41015625     1.54532498897000003524
20.50781250     1.53499762043999998795
20.60546875     1.52458968322000010254
20.70312500     1.51410274473999995060
20.80078125     1.50353838426000008255
20.89843750     1.49289819277000002096
20.99609375     1.48218377261000000544
21.09375000     1.47139673735000009458
21.19140625     1.46053871147999991820
21.28906250     1.44961133017999999062
21.38671875     1.43861623905999991280
21.48437500     1.42755509393999990841
21.58203125     1.41642956060999991585
21.67968750     1.40524131451000000581
21.77734375     1.39399204055999992313
21.87500000     1.38268343285999995018
21.97265625     1.37131719443999999797
22.07031250     1.35989503702000003038
22.16796875     1.34841868073000004102
22.26562500     1.33688985387000003335
22.36328125     1.32531029262999999752
22.46093750     1.31368174086999989214
22.55859375     1.30200594978000006030
22.65625000     1.29028467771000010522
22.75390625     1.27851968983999997320
22.85156250     1.26671275791999993210
22.94921875     1.25486566004000010821
23.04687500     1.24298018034000001819
23.14453125     1.23105810871000009854
23.24218750     1.21910124057999991187
23.33984375     1.20711137660999989762
23.43750000     1.19509032243000001827
23.53515625     1.18303988835999995821
23.63281250     1.17096188915999999125
23.73046875     1.15885814372000006678
23.82812500     1.14673047484000001361
23.92578125     1.13458070887999995513
24.02343750     1.12241067557000007149
24.12109375     1.11022220765999990455
24.21875000     1.09801714067999989233
24.31640625     1.08579731269000001603
24.41406250     1.07356456393999999399
24.51171875     1.06132073662999992791
24.60937500     1.04906767465000005934
24.70703125     1.03680722326000007705
24.80468750     1.02454122882999998367
24.90234375     1.01227153858000007425
