-50.00000000     1.00004394158999998510
-49.90234375     1.01231321938999996313
-49.80468750     1.02458034524999996862
-49.70703125     1.03684347920000008436
-49.60937500     1.04910078542000007040
-49.51171875     1.06135043264000006324
-49.41406250     1.07359059453999994282
-49.31640625     1.08581945008000002595
-49.21875000     1.09803518376999997841
-49.12109375     1.11023598591999994589
-49.02343750     1.12242005281999990274
-48.92578125     1.13458558683000010348
-48.82812500     1.14673079641999997591
-48.73046875     1.15885389615999989665
-48.63281250     1.17095310659000007014
-48.53515625     1.18302665406000007131
-48.43750000     1.19507277049999993679
-48.33984375     1.20708969306999991389
-48.24218750     1.21907566374999998260
-48.14453125     1.23102892882000003461
-48.04687500     1.24294773904999988900
-47.94921875     1.25483035081000005029
-47.85156250     1.26667501835999996018
-47.75390625     1.27847996207000003110
-47.65625000     1.29024342712000006372
-47.55859375     1.30196384047000002226
-47.46093750     1.31363948505999994509
-47.36328125     1.32526841095999992071
-47.26562500     1.33684885118000007509
-47.16796875     1.34837915640000005624
-47.07031250     1.35985762119999997743
-46.97265625     1.37128249377999988923
-46.87500000     1.38265201729000009045
-46.77734375     1.39396444516999995500
-46.67968750     1.40521803063999994876
-46.58203125     1.41641102658000006542
-46.48437500     1.42754168635999989512
-46.38671875     1.43860826462000002124
-46.28906250     1.44960901851999990342
-46.19140625     1.46054220898999997935
-46.09375000     1.47140610230000001835
-45.99609375     1.48219897183999993473
-45.89843750     1.49291909996999994092
-45.80078125     1.50356478016000005837
-45.70312500     1.51413431913000007256
-45.60546875     1.52462603900999993378
-45.50781250     1.53503827800000003378
-45.41015625     1.54536939169999998356
-45.31250000     1.55561777273000001465
-45.21484375     1.56578189006000001449
-45.11718750     1.57586013535999991397
-45.01953125     1.58585072470999999261
-44.92187500     1.59575223587000003533
-44.82421875     1.60556344196000000402
-44.72656250     1.61528285040000008088
-44.62890625     1.62490892748999993245
-44.53125000     1.63444023947999994562
-44.43359375     1.64387543981999995069
-44.33593750     1.65321318827000007801
-44.23828125     1.66245216471999990304
-44.14062500     1.67159106943000002055
-44.04296875     1.68062862230999998658
-43.94531250     1.68956356037000010595
-43.84765625     1.69839463506000010184
-43.75000000     1.70712060971000001430
-43.65234375     1.71574025705999999580
-43.55468750     1.72425235705999990721
-43.45703125     1.73265569505000005535
-43.35937500     1.74094906029999996200
-43.26171875     1.74913124524000007654
-43.16406250     1.75720104585000003183
-43.06640625     1.76515726250000004605
-42.96875000     1.77299869257000008993
-42.87109375     1.78072411866000002156
-42.77343750     1.78833238486999990258
-42.67578125     1.79582242130000002689
-42.57812500     1.80319302401000003400
-42.48046875     1.81044295363999996340
-42.38281250     1.81757111955999994812
-42.28515625     1.82457647353000007584
-42.18750000     1.83145795667999999878
-42.08984375     1.83821450812000009023
-41.99218750     1.84484509382000005928
-41.89453125     1.85134869669999990727
-41.79687500     1.85772431385999992060
-41.69921875     1.86397095416000002643
-41.60156250     1.87008763679999989726
-41.50390625     1.87607339077000001559
-41.40625000     1.88192725540999994394
-41.30859375     1.88764828167999998421
-41.21093750     1.89323553310999992405
-41.11328125     1.89868808904999997189
-41.01562500     1.90400506450999995600
-40.91796875     1.90918563695999998764
-40.82031250     1.91422891564000008380
-40.72265625     1.91913382627999995478
-40.62500000     1.92389962300000005868
-40.52734375     1.92852583845999991929
-40.42968750     1.93301178811999996299
-40.33203125     1.93735672014999993351
-40.23437500     1.94156002566000007725
-40.13671875     1.94562123588000002172
-40.03906250     1.94953992419999999619
-39.94140625     1.95331569930000004121
-39.84375000     1.95694817332000003951
-39.74609375     1.96043693368000004895
-39.64843750     1.96378150395999995226
-39.55078125     1.96698128433000007931
-39.45312500     1.97003563545999993423
-39.35546875     1.97294396939999994167
-39.25781250     1.97570573050000009019
-39.16015625     1.97832041826000004647
-39.06250000     1.98078759554000005672
-38.96484375     1.98310686768000010716
-38.86718750     1.98527787031000002571
-38.76953125     1.98730038264999997466
-38.67187500     1.98917461005000006935
-38.57421875     1.99090055685000000274
-38.47656250     1.99247779431000004990
-38.37890625     1.99390614381000008670
-38.28125000     1.99518560883999995781
-38.18359375     1.99631606015000007126
-38.08593750     1.99729710554999995153
-37.98828125     1.99812819674999997410
-37.89062500     1.99880839888000005899
-37.79296875     1.99933675899999996339
-37.69531250     1.99971340568999988996
-37.59765625     1.99993853650999997562
-37.50000000     2.00001161338999988715
-37.40234375     1.99993255152999993562
-37.30468750     1.99970225670000001372
-37.20703125     1.99932212039000001269
-37.10937500     1.99879304661999990245
-37.01171875     1.99811500494000005013
-36.91406250     1.99728832095000008451
-36.81640625     1.99631457329000006062
-36.71875000     1.99519405829000007202
-36.62109375     1.99392480743000000132
-36.52343750     1.99250480915999994558
-36.42578125     1.99093293580000008092
-36.32812500     1.98920906776000006033
-36.23046875     1.98733372689999998606
-36.13281250     1.98530518814999989985
-36.03515625     1.98312205428000010166
-35.93750000     1.98078744060999989429
-35.83984375     1.97830500414000010068
-35.74218750     1.97567690704999998630
-35.64453125     1.97290532880000002436
-35.54687500     1.96999148888000008562
-35.44921875     1.96693497127999994412
-35.35156250     1.96373738845000000985
-35.25390625     1.96040242566999989293
-35.15625000     1.95692904639999998295
-35.05859375     1.95331353758999992642
-34.96093750     1.94955453952000001827
-34.86328125     1.94565130718999990123
-34.76562500     1.94160298731000002803
-34.66796875     1.93740878168000008053
-34.57031250     1.93306890029999989267
-34.47265625     1.92858475853999999927
-34.37500000     1.92395660403000001715
-34.27734375     1.91918261962999991965
-34.17968750     1.91426406349999989054
-34.08203125     1.90920487160000007520
-33.98437500     1.90400705924000002156
-33.88671875     1.89867205514000003674
-33.78906250     1.89320168798999999282
-33.69140625     1.88759791306000002109
-33.59375000     1.88186263040999990359
-33.49609375     1.87599766754000008007
-33.39843750     1.87000473581000004053
-33.30078125     1.86388489480999997028
-33.20312500     1.85763836301999996081
-33.10546875     1.85126655660999994701
-33.00781250     1.84477252908999989067
-32.91015625     1.83815675402999989529
-32.81250000     1.83141801317999997067
-32.71484375     1.82455671076000003339
-32.61718750     1.81757353337000004956
-32.51953125     1.81046878078999995410
-32.42187500     1.80324264514000009996
-32.32421875     1.79589534616000001677
-32.22656250     1.78842715899000004320
-32.12890625     1.78083843234999994465
-32.03125000     1.77312960279000009223
-31.93359375     1.76530120605999996108
-31.83593750     1.75735378023000010650
-31.73828125     1.74928836656000008531
-31.64062500     1.74110647249000005665
-31.54296875     1.73280971187000010225
-31.44531250     1.72439789214000005479
-31.34765625     1.71587140456000009081
-31.25000000     1.70723331829999991349
-31.15234375     1.69848576933999995120
-31.05468750     1.68963009276000009073
-30.95703125     1.68066801588000003242
-30.85937500     1.67160146386000008079
-30.76171875     1.66243240397000002773
-30.66406250     1.65316282519999990797
-30.56640625     1.64379473443999990501
-30.46875000     1.63433014442000001942
-30.37109375     1.62477106014000005629
-30.27343750     1.61511946685999996376
-30.17578125     1.60537731991000010012
-30.07812500     1.59554653511999999793
-29.98046875     1.58562898898999993236
-29.88281250     1.57562655283999997202
-29.78515625     1.56554107030999989369
-29.68750000     1.55537401393000007666
-29.58984375     1.54512638854999995175
-29.49218750     1.53479985806999996711
-29.39453125     1.52439735252000008181
-29.29687500     1.51392034594999991270
-29.19921875     1.50336907244999995470
-29.10156250     1.49274490107000001871
-29.00390625     1.48204944504999991395
-28.90625000     1.47128403770000004691
-28.80859375     1.46044994306999997846
-28.71093750     1.44954842539999995132
-28.61328125     1.43858074515999989629
-28.51562500     1.42754815874000007270
-28.41796875     1.41645192437000000396
-28.32031250     1.40529330904999993912
-28.22265625     1.39407359530000007908
-28.12500000     1.38279408780000001578
-28.02734375     1.37145611937999989394
-27.92968750     1.36006105630999996059
-27.83203125     1.34861030243000001860
-27.73437500     1.33710530207999989116
-27.63671875     1.32554754192000001645
-27.53906250     1.31393855172999995951
-27.44140625     1.30227990379999991610
-27.34375000     1.29057321083000009487
-27.24609375     1.27882012279000001342
-27.14843750     1.26702226727000000217
-27.05078125     1.25518138301000004020
-26.95312500     1.24329940750999989874
-26.85546875     1.23137860910000007664
-26.75781250     1.21942046036000006914
-26.66015625     1.20742590609999989049
-26.56250000     1.19539729711999997974
-26.46484375     1.18333715953999996096
-26.36718750     1.17124727394999994523
-26.26953125     1.15912949705999990258
-26.17187500     1.14698583094000006177
-26.07421875     1.13481829511000009703
-25.97656250     1.12262890893999989217
-25.87890625     1.11041969600999990142
-25.78125000     1.09819268336999997793
-25.68359375     1.08594989953000009564
-25.58593750     1.07369337338000003790
-25.48828125     1.06142513341999999987
-25.39062500     1.04914720716000009482
-25.29296875     1.03686162000000003935
-25.19531250     1.02457039385999992831
-25.09765625     1.01227554519000007005
-25.00000000     0.99997908259500001282
-24.90234375     0.98768300434500000407
-24.80468750     0.97538929600599999503
-24.70703125     0.96309992871600003106
-24.60937500     0.95081685834200002638
-24.51171875     0.93854202563699995476
-24.41406250     0.92627735716199999239
-24.31640625     0.91402476661099996136
-24.21875000     0.90178615611400003704
-24.12109375     0.88956341720200005074
-24.02343750     0.87735843125900003781
-23.92578125     0.86517306938100002611
-23.82812500     0.85300919174199996142
-23.73046875     0.84086864662100002654
-23.63281250     0.82875326939299998052
-23.53515625     0.81666488187099994800
-23.43750000     0.80460529229800004103
-23.33984375     0.79257629595199996508
-23.24218750     0.78057967619500001621
-23.14453125     0.76861720600100003065
-23.04687500     0.75669064925300000279
-22.94921875     0.74480178192699997286
-22.85156250     0.73295235670100000736
-22.75390625     0.72114407053499995914
-22.65625000     0.70937853451900001467
-22.55859375     0.69765753654399997874
-22.46093750     0.68598306863400004829
-22.36328125     0.67435676758399998310
-22.26562500     0.66278014882400004826
-22.16796875     0.65125494696599994793
-22.07031250     0.63978288506799996238
-21.97265625     0.62836563513200005548
-21.87500000     0.61700485777400004839
-21.77734375     0.60570220837800003988
-21.67968750     0.59445933653799998275
-21.58203125     0.58327788676900005349
-21.48437500     0.57215949889399997375
-21.38671875     0.56110580752399996651
-21.28906250     0.55011844093700001945
-21.19140625     0.53919901977799999937
-21.09375000     0.52834915583899999536
-20.99609375     0.51757045098599996358
-20.89843750     0.50686449622499996082
-20.80078125     0.49623287095099999355
-20.70312500     0.48567714258999999943
-20.60546875     0.47519886695199997639
-20.50781250     0.46479958939499999016
-20.41015625     0.45448084657100001893
-20.31250000     0.44424416810000000311
-20.21484375     0.43409107740100000283
-20.11718750     0.42402309115999997635
-20.01953125     0.41404171745599999133
-19.92187500     0.40414845306699997973
-19.82421875     0.39434478081099999525
-19.72656250     0.38463216767500002513
-19.62890625     0.37501206424299998732
-19.53125000     0.36548590552299997647
-19.43359375     0.35605511295499997493
-19.33593750     0.34672109702499998019
-19.23828125     0.33748525985700000840
-19.14062500     0.32834899723299998398
-19.04296875     0.31931369999900000023
-18.94531250     0.31038075536199999371
-18.84765625     0.30155154895000002568
-18.75000000     0.29282746842200002568
-18.65234375     0.28420990893699998869
-18.55468750     0.27570028050599998393
-18.45703125     0.26730001758299998249
-18.35937500     0.25901059260999997891
-18.26171875     0.25083353576700001542
-18.16406250     0.24277046225900000831
-18.06640625     0.23482310847099999163
-17.96875000     0.22699337596999999422
-17.87109375     0.21928339770899998862
-17.77343750     0.21169560901699999156
-17.67578125     0.20423283196299998887
-17.57812500     0.19689838352899999285
-17.48046875     0.18969620920599999936
-17.38281250     0.18263104730199999914
-17.28515625     0.17570862659399999472
-17.18750000     0.16893590017099999190
-17.08984375     0.16232131836300001115
-16.99218750     0.15587514393999998830
-16.89453125     0.14960981112099999701
-16.79687500     0.14354032632300001149
-16.69921875     0.13768470737899998757
-16.60156250     0.13206445818000001058
-16.50390625     0.12670506980800000374
-16.40625000     0.12163652913599999617
-16.30859375     0.11689381478099999945
-16.21093750     0.11251736639600000423
-16.11328125     0.10855350600400000272
-16.01562500     0.10505476783500000693
-15.91796875     0.10208008484599999377
-15.82031250     0.09969480609099999613
-15.72265625     0.09797050583749999930
-15.62500000     0.09698456732929999768
-15.52734375     0.09681960885099999414
-15.42968750     0.09756222580970000391
-15.33203125     0.09930141438190000225
-15.23437500     0.10212688056299999706
-15.13671875     0.10612684260499999356
-15.03906250     0.11138544164100000478
-14.94140625     0.11797977456600000634
-14.84375000     0.12597660568300000916
-14.74609375     0.13542886240099999418
-14.64843750     0.14637200431100000353
-14.55078125     0.15882039785499998952
-14.45312500     0.17276384174799999660
-14.35546875     0.18816438088099998738
-14.25781250     0.20495354874700000281
-14.16015625     0.22303021071500001016
-14.06250000     0.24225922501100000117
-13.96484375     0.26247110433999998325
-13.86718750     0.28346270936200002044
-13.76953125     0.30499894174199998487
-13.67187500     0.32681561514700002702
-13.57421875     0.34862376965500002646
-13.47656250     0.37011515564800001599
-13.37890625     0.39096821502599998777
-13.28125000     0.41085481800800000007
-13.18359375     0.42944878564799998655
-13.08593750     0.44643521383099998845
-12.98828125     0.46151733257499999441
-12.89062500     0.47441802588999998358
-12.79296875     0.48488076545699998476
-12.69531250     0.49264328423300002280
-12.59765625     0.49760262656799997272
-12.50000000     0.49997724934600001889
-12.40234375     0.49985467600599997606
-12.30468750     0.49658455811300000748
-12.20703125     0.48994165462099997788
-12.10937500     0.48072945789600002309
-12.01171875     0.46917538305599998383
-11.91406250     0.45531596005399999072
-11.81640625     0.43938914402200002218
-11.71875000     0.42168895307400000583
-11.62109375     0.40252396961100000983
-11.52343750     0.38221568528499999529
-11.42578125     0.36109225371300002205
-11.32812500     0.33948005330399999568
-11.23046875     0.31769596658700000047
-11.13281250     0.29604056271000001033
-11.03515625     0.27479222752199999880
-10.93750000     0.25420237626999997449
-10.83984375     0.23449183800199999150
-10.74218750     0.21584843965000000132
-10.64453125     0.19842576534000000432
-10.54687500     0.18234302125099999259
-10.44921875     0.16768590090300000695
-10.35156250     0.15450831788800001299
-10.25390625     0.14283484967199999716
-10.15625000     0.13266372296500000827
-10.05859375     0.12397017469899999920
-9.96093750     0.11671003325300000064
-9.86328125     0.11082336892699999609
-9.76562500     0.10623807087500000690
-9.66796875     0.10287323712300000533
-9.57031250     0.10064230761799999869
-9.47265625     0.09945585103590000309
-9.37500000     0.09922403223579999432
-9.27734375     0.09985866936619999801
-9.17968750     0.10127491696000000265
-9.08203125     0.10339256261199999964
-8.98437500     0.10613690047399999827
-8.88671875     0.10943908189199999526
-8.78906250     0.11323664660899999956
-8.69140625     0.11747363471499999710
-8.59375000     0.12210042411600000034
-8.49609375     0.12707346385800000199
-8.39843750     0.13235490522400000790
-8.30078125     0.13791215540800000339
-8.20312500     0.14371738702899999884
-8.10546875     0.14974702958100000183
-8.00781250     0.15598126311400001276
-7.91015625     0.16240352980200001287
-7.81250000     0.16900007479099998786
-7.71484375     0.17575952389899998640
-7.61718750     0.18267250252399999666
-7.51953125     0.18973129750799999638
-7.42187500     0.19692956172500000744
-7.32421875     0.20426205964999999409
-7.22656250     0.21172445110900001142
-7.12890625     0.21931310963000000269
-7.03125000     0.22702497183500000566
-6.93359375     0.23485741554799999253
-6.83593750     0.24280815717400000553
-6.73828125     0.25087516645300000917
-6.64062500     0.25905660860399998269
-6.54296875     0.26735079681599999146
-6.44531250     0.27575614869900000325
-6.34765625     0.28427115584300000073
-6.25000000     0.29289436070800001222
-6.15234375     0.30162433912899999644
-6.05468750     0.31045968715799998616
-5.95703125     0.31939901127499997768
-5.85937500     0.32844092121899998160
-5.76171875     0.33758402482099997277
-5.66406250     0.34682692420799998700
-5.56640625     0.35616821233200002261
-5.46875000     0.36560647388500000510
-5.37109375     0.37514028295800000423
-5.27343750     0.38476819836499998040
-5.17578125     0.39448876670900001606
-5.07812500     0.40430052297199997602
-4.98046875     0.41420198865099999708
-4.88281250     0.42419167209899999449
-4.78515625     0.43426806866700001786
-4.68750000     0.44442966081899998310
-4.58984375     0.45467491828599998493
-4.49218750     0.46500229825500000169
-4.39453125     0.47541024557500000114
-4.29687500     0.48589719297099998041
-4.19921875     0.49646156127199997377
-4.10156250     0.50710175964399994974
-4.00390625     0.51781618582099997461
-3.90625000     0.52860322635300005523
-3.80859375     0.53946125684199996986
-3.71093750     0.55038864218899996583
-3.61328125     0.56138373684200004732
-3.51562500     0.57244488504299995135
-3.41796875     0.58357042108099999034
-3.32031250     0.59475866953900002887
-3.22265625     0.60600794555199999358
-3.12500000     0.61731655505600002698
-3.02734375     0.62868279505199997637
-2.92968750     0.64010495385199994711
-2.83203125     0.65158131134700003617
-2.73437500     0.66311013926299999799
-2.63671875     0.67468970141899997639
-2.53906250     0.68631825399299994928
-2.44140625     0.69799404578099999430
-2.34375000     0.70971531846699997814
-2.24609375     0.72148030687899999958
-2.14843750     0.73328723926499994601
-2.05078125     0.74513433755299995909
-1.95312500     0.75701981761899994616
-1.85546875     0.76894188956200004714
-1.75781250     0.78089875796599994562
-1.66015625     0.79288862217699995760
-1.56250000     0.80490967657000001001
-1.46484375     0.81696011081999997394
-1.36718750     0.82903811018200002092
-1.26953125     0.84114185575599997868
-1.17187500     0.85326952476299999795
-1.07421875     0.86541929082599999834
-0.97656250     0.87758932423400004552
-0.87890625     0.88977779222800001957
-0.78125000     0.90198285927099997039
-0.68359375     0.91420268732599996309
-0.58593750     0.92643543613199996756
-0.48828125     0.93867926348399999270
-0.39062500     0.95093232550799999814
-0.29296875     0.96319277693700000587
-0.19531250     0.97545877139500003494
-0.09765625     0.98772846166700001280
0.00000000     0.99999999998400002088
0.09765625     1.01227153830000005108
0.19531250     1.02454122855999996133
0.29296875     1.03680722300000005553
0.39062500     1.04906767441000003949
0.48828125     1.06132073639999990888
0.58593750     1.07356456371999997579
0.68359375     1.08579731247999999866
0.78125000     1.09801714048000009782
0.87890625     1.11022220746000011005
0.97656250     1.12241067538000005577
1.07421875     1.13458070868999993941
1.17187500     1.14673047464999999789
1.26953125     1.15885814354000005189
1.36718750     1.17096188897999997636
1.46484375     1.18303988817999994332
1.56250000     1.19509032225000000338
1.66015625     1.20711137644000010560
1.75781250     1.21910124040999989781
1.85546875     1.23105810854000008447
1.95312500     1.24298018017000000413
2.05078125     1.25486565988000009497
2.14843750     1.26671275775999991886
2.24609375     1.27851968966999995914
2.34375000     1.29028467755000009198
2.44140625     1.30200594962000004706
2.53906250     1.31368174071000010095
2.63671875     1.32531029247999998510
2.73437500     1.33688985371000002011
2.83203125     1.34841868057000002779
2.92968750     1.35989503686000001714
3.02734375     1.37131719428999998556
3.12500000     1.38268343269999993694
3.22265625     1.39399204040999991072
3.32031250     1.40524131434999999257
3.41796875     1.41642956044999990262
3.51562500     1.42755509378999989600
3.61328125     1.43861623889999989956
3.71093750     1.44961133001999997738
3.80859375     1.46053871132999990579
3.90625000     1.47139673720000008217
4.00390625     1.48218377245999999303
4.10156250     1.49289819261000000772
4.19921875     1.50353838411000007014
4.29687500     1.51410274458999993819
4.39453125     1.52458968307000009013
4.49218750     1.53499762028999997554
4.58984375     1.54532498883000002365
4.68750000     1.55557023342999989346
4.78515625     1.56573181119000004458
4.88281250     1.57580819182999998240
4.98046875     1.58579785787000004937
5.07812500     1.59569930490999989381
5.17578125     1.60551104183000004078
5.27343750     1.61523159100999991189
5.37109375     1.62485948857000006562
5.46875000     1.63439328459999999588
5.56640625     1.64383154332999992242
5.66406250     1.65317284338999992421
5.76171875     1.66241577802999995761
5.85937500     1.67155895529000009248
5.95703125     1.68060099824000008795
6.05468750     1.68954054519000007595
6.15234375     1.69837624985999990912
6.25000000     1.70710678164000007051
6.34765625     1.71573082573999990963
6.44531250     1.72424708341000010314
6.54296875     1.73265427214000000689
6.64062500     1.74095112581999988954
6.73828125     1.74913639499000006516
6.83593750     1.75720884698000001656
6.93359375     1.76516726608999996451
7.03125000     1.77301045384000000027
7.12890625     1.78073722905000009220
7.22656250     1.78834642811000010809
7.32421875     1.79583690509000004631
7.42187500     1.80320753196000005403
7.51953125     1.81045719873999999550
7.61718750     1.81758481363999990776
7.71484375     1.82458930327000001803
7.81250000     1.83146961279000008993
7.91015625     1.83822470605000010124
8.00781250     1.84485356574000003427
8.10546875     1.85135519359999989319
8.20312500     1.85772861049999993277
8.30078125     1.86397285662000000706
8.39843750     1.87008699161000002675
8.49609375     1.87607009469999996831
8.59375000     1.88192126485000010838
8.69140625     1.88763962090999992682
8.78906250     1.89322430169999988969
8.88671875     1.89867446619999991064
8.98437500     1.90398929363000002368
9.08203125     1.90916798359999995149
9.17968750     1.91420975621000000189
9.27734375     1.91911385219999996998
9.37500000     1.92387953302000003220
9.47265625     1.92850608099000009332
9.57031250     1.93299279935000001274
9.66796875     1.93733901243000006254
9.76562500     1.94154406570000004351
9.86328125     1.94560732589999996200
9.96093750     1.94952818111000003576
10.05859375     1.95330604087000003766
10.15625000     1.95694033624999996768
10.25390625     1.96043051994000006033
10.35156250     1.96377606631999990228
10.44921875     1.96697647156999999574
10.54687500     1.97003125371999998627
10.64453125     1.97293995273000000168
10.74218750     1.97570213055999999163
10.83984375     1.97831737123999995553
10.93750000     1.98078528092999994747
11.03515625     1.98310548796000007954
11.13281250     1.98527764291000008434
11.23046875     1.98730141867999998695
11.32812500     1.98917651049000010488
11.42578125     1.99090263594999994368
11.52343750     1.99247953512999997905
11.62109375     1.99390697053000010008
11.71875000     1.99518472720000006326
11.81640625     1.99631261270999993407
11.91406250     1.99729045721000009195
12.01171875     1.99811811342999989805
12.10937500     1.99879545672999991979
12.20703125     1.99932238511999993413
12.30468750     1.99969881922000003449
12.40234375     1.99992470236999997368
12.50000000     2.00000000053000004385
12.59765625     1.99992470236999997368
12.69531250     1.99969881922000003449
12.79296875     1.99932238511999993413
12.89062500     1.99879545672999991979
12.98828125     1.99811811342999989805
13.08593750     1.99729045721000009195
13.18359375     1.99631261270999993407
13.28125000     1.99518472720000006326
13.37890625     1.99390697053000010008
13.47656250     1.99247953512999997905
13.57421875     1.99090263594999994368
13.67187500     1.98917651049000010488
13.76953125     1.98730141867999998695
13.86718750     1.98527764291000008434
13.96484375     1.98310548796000007954
14.06250000     1.98078528092999994747
14.16015625     1.97831737123999995553
14.25781250     1.97570213055999999163
14.35546875     1.97293995273000000168
14.45312500     1.97003125371999998627
14.55078125     1.96697647156999999574
14.64843750     1.96377606631999990228
14.74609375     1.96043051994000006033
14.84375000     1.95694033624999996768
14.94140625     1.95330604087000003766
15.03906250     1.94952818111000003576
15.13671875     1.94560732589999996200
15.23437500     1.94154406570000004351
15.33203125     1.93733901243000006254
15.42968750     1.93299279935000001274
15.52734375     1.92850608099000009332
15.62500000     1.92387953302000003220
15.72265625     1.91911385219999996998
15.82031250     1.91420975621000000189
15.91796875     1.90916798359999995149
16.01562500     1.90398929363000002368
16.11328125     1.89867446619999991064
16.21093750     1.89322430169999988969
16.30859375     1.88763962090999992682
16.40625000     1.88192126485000010838
16.50390625     1.87607009469999996831
16.60156250     1.87008699161000002675
16.69921875     1.86397285662000000706
16.79687500     1.85772861049999993277
16.89453125     1.85135519359999989319
16.99218750     1.84485356574000003427
17.08984375     1.83822470605000010124
17.18750000     1.83146961279000008993
17.28515625     1.82458930327000001803
17.38281250     1.81758481363999990776
17.48046875     1.81045719873999999550
17.57812500     1.80320753196000005403
17.67578125     1.79583690509000004631
17.77343750     1.78834642811000010809
17.87109375     1.78073722905000009220
17.96875000     1.77301045384000000027
18.06640625     1.76516726608999996451
18.16406250     1.75720884698000001656
18.26171875     1.74913639499000006516
18.35937500     1.74095112581999988954
18.45703125     1.73265427214000000689
18.55468750     1.72424708341000010314
18.65234375     1.71573082573999990963
18.75000000     1.70710678164000007051
18.84765625     1.69837624985999990912
18.94531250     1.68954054519000007595
19.04296875     1.68060099824000008795
19.14062500     1.67155895529000009248
19.23828125     1.66241577802999995761
19.33593750     1.65317284338999992421
19.43359375     1.64383154332999992242
19.53125000     1.63439328459999999588
19.62890625     1.62485948857000006562
19.72656250     1.61523159100999991189
19.82421875     1.60551104183000004078
19.92187500     1.59569930490999989381
20.01953125     1.58579785787000004937
20.11718750     1.57580819182999998240
20.21484375     1.56573181119000004458
20.31250000     1.55557023342999989346
20.41015625     1.54532498883000002365
20.50781250     1.53499762028999997554
20.60546875     1.52458968308000009095
20.70312500     1.51410274458999993819
20.80078125     1.50353838411000007014
20.89843750     1.49289819261000000772
20.99609375     1.48218377245999999303
21.09375000     1.47139673720000008217
21.19140625     1.46053871132999990579
21.28906250     1.44961133001999997738
21.38671875     1.43861623889999989956
21.48437500     1.42755509378999989600
21.58203125     1.41642956044999990262
21.67968750     1.40524131435999999340
21.77734375     1.39399204040999991072
21.87500000     1.38268343270999993777
21.97265625     1.37131719428999998556
22.07031250     1.35989503687000001797
22.16796875     1.34841868058000002861
22.26562500     1.33688985371000002011
22.36328125     1.32531029247999998510
22.46093750     1.31368174071000010095
22.55859375     1.30200594963000004789
22.65625000     1.29028467756000009281
22.75390625     1.27851968967999995996
22.85156250     1.26671275776999991969
22.94921875     1.25486565989000009580
23.04687500     1.24298018018000000495
23.14453125     1.23105810855000008530
23.24218750     1.21910124042999989946
23.33984375     1.20711137645000010643
23.43750000     1.19509032227000000503
23.53515625     1.18303988820999994580
23.63281250     1.17096188899999997801
23.73046875     1.15885814357000005437
23.82812500     1.14673047469000000120
23.92578125     1.13458070872999994272
24.02343750     1.12241067542000005908
24.12109375     1.11022220750999989214
24.21875000     1.09801714053000010196
24.31640625     1.08579731254000000362
24.41406250     1.07356456378999998158
24.51171875     1.06132073648999991633
24.60937500     1.04906767451000004776
24.70703125     1.03680722311000006464
24.80468750     1.02454122868999997209
24.90234375     1.01227153844000006266
