-50.00000000     0.99999678293399996143
-49.90234375     1.01226811029999996805
-49.80468750     1.02453758081999990459
-49.70703125     1.03680334696999998378
-49.60937500     1.04906356191999994287
-49.51171875     1.06131637977000004014
-49.41406250     1.07355995584999996950
-49.31640625     1.08579244705999999887
-49.21875000     1.09801201209000010017
-49.12109375     1.11021681177999997914
-49.02343750     1.12240500935999998333
-48.92578125     1.13457477076000001759
-48.82812500     1.14672426493000001457
-48.73046875     1.15885166407999995464
-48.63281250     1.17095514401999989396
-48.53515625     1.18303288438999998355
-48.43750000     1.19508306903000005583
-48.33984375     1.20710388618000008520
-48.24218750     1.21909352880999999336
-48.14453125     1.23105019495999989942
-48.04687500     1.24297208806999992525
-47.94921875     1.25485741639999992536
-47.85156250     1.26670439119000000083
-47.75390625     1.27851123694000001763
-47.65625000     1.29027619200000009947
-47.55859375     1.30199747979000002296
-47.46093750     1.31367333160999999464
-47.36328125     1.32530200105000006694
-47.26562500     1.33688174510999990829
-47.16796875     1.34841082802000000740
-47.07031250     1.35988751922999995259
-46.97265625     1.37131009622999999742
-46.87500000     1.38267684528000001087
-46.77734375     1.39398606098000010789
-46.67968750     1.40523604639999999399
-46.58203125     1.41642511322000008711
-46.48437500     1.42755158188999997648
-46.38671875     1.43861378169999998278
-46.28906250     1.44961005096000006276
-46.19140625     1.46053873704000003464
-46.09375000     1.47139819650000003293
-45.99609375     1.48218679514000006847
-45.89843750     1.49290290810000003674
-45.80078125     1.50354491986999994069
-45.70312500     1.51411122442999990234
-45.60546875     1.52460022523999993993
-45.50781250     1.53501033535999997781
-45.41015625     1.54533997748000007100
-45.31250000     1.55558758405999997265
-45.21484375     1.56575159741000002889
-45.11718750     1.57583046982000007930
-45.01953125     1.58582266375999991759
-44.92187500     1.59572665203999997097
-44.82421875     1.60554091813999999516
-44.72656250     1.61526395644999998247
-44.62890625     1.62489427268999997445
-44.53125000     1.63443038434000009751
-44.43359375     1.64387082127999994974
-44.33593750     1.65321412588999994142
-44.23828125     1.66245885259999992556
-44.14062500     1.67160357277000004572
-44.04296875     1.68064689690999991001
-43.94531250     1.68958744072000000003
-43.84765625     1.69842371013999993146
-43.75000000     1.70715432757000007413
-43.65234375     1.71577809082999999113
-43.55468750     1.72429369431000001356
-43.45703125     1.73269978092999998864
-43.35937500     1.74099504586000008999
-43.26171875     1.74917823894999990841
-43.16406250     1.75724814199999990194
-43.06640625     1.76520355363999992271
-42.96875000     1.77304329931000004272
-42.87109375     1.78076623179999993241
-42.77343750     1.78837123166000000474
-42.67578125     1.79585720710000007472
-42.57812500     1.80322309367999999985
-42.48046875     1.81046785371000007459
-42.38281250     1.81759047544000007512
-42.28515625     1.82458997202000006155
-42.18750000     1.83146537998000003000
-42.08984375     1.83821575713999996182
-41.99218750     1.84484017974000003015
-41.89453125     1.85133773897000009079
-41.79687500     1.85770753768000007611
-41.69921875     1.86394868596000007344
-41.60156250     1.87006028303999993767
-41.50390625     1.87604139067999997614
-41.40625000     1.88189115348000002292
-41.30859375     1.88760883396999989969
-41.21093750     1.89319346369000007790
-41.11328125     1.89864399606999989523
-41.01562500     1.90395960849999990039
-40.91796875     1.90913954353000003827
-40.82031250     1.91418300542999997305
-40.72265625     1.91908917101999998422
-40.62500000     1.92385723847999989822
-40.52734375     1.92848641298999989857
-40.42968750     1.93297591897999998523
-40.33203125     1.93732502233000003500
-40.23437500     1.94153304625000000527
-40.13671875     1.94559936933999999553
-40.03906250     1.94952341128999995234
-39.94140625     1.95330461876000005539
-39.84375000     1.95694245651999998437
-39.74609375     1.96043640077999992144
-39.64843750     1.96378593043000004847
-39.55078125     1.96699051694999993423
-39.45312500     1.97004961837000003300
-39.35546875     1.97296268929000007120
-39.25781250     1.97572921900999998179
-39.16015625     1.97834871568999992597
-39.06250000     1.98082027138000005273
-38.96484375     1.98314245927999999175
-38.86718750     1.98531491769000001391
-38.76953125     1.98733805548999997725
-38.67187500     1.98921157158000005971
-38.57421875     1.99093498166999993693
-38.47656250     1.99250860555000008922
-38.37890625     1.99393374965000003129
-38.28125000     1.99521078450000000082
-38.18359375     1.99633900146999998526
-38.08593750     1.99731862482999988906
-37.98828125     1.99814966586999998022
-37.89062500     1.99883009404999989478
-37.79296875     1.99935827185000003503
-37.69531250     1.99973398088000009487
-37.59765625     1.99995500828999994702
-37.50000000     2.00001718144000006916
-37.40234375     1.99992104055000008422
-37.30468750     1.99967268967999989293
-37.20703125     1.99927945200999990227
-37.10937500     1.99874429729000002709
-37.01171875     1.99806475987000009553
-36.91406250     1.99724257801000004697
-36.81640625     1.99628579433000008514
-36.71875000     1.99519227759999995264
-36.62109375     1.99394955947000007690
-36.52343750     1.99254878820999992151
-36.42578125     1.99098779422000005113
-36.32812500     1.98926843515000006946
-36.23046875     1.98739205604000002126
-36.13281250     1.98535347166000009089
-36.03515625     1.98315166287000010925
-35.93750000     1.98079678403000003506
-35.83984375     1.97829575021000003687
-35.74218750     1.97565062134000002381
-35.64453125     1.97286288628999995076
-35.54687500     1.96993402389000005215
-35.44921875     1.96686511866999991227
-35.35156250     1.96365640210000003130
-35.25390625     1.96030737187999992699
-35.15625000     1.95681870570999993930
-35.05859375     1.95319326822999994597
-34.96093750     1.94943119662999997388
-34.86328125     1.94553039081999989968
-34.76562500     1.94149075915999991260
-34.66796875     1.93731258325999999848
-34.57031250     1.93299563404000007694
-34.47265625     1.92853956980000007526
-34.37500000     1.92394411874999993195
-34.27734375     1.91920910088000007399
-34.17968750     1.91433443254000001943
-34.08203125     1.90932013623000007563
-33.98437500     1.90416635033999992466
-33.88671875     1.89887333781000000599
-33.78906250     1.89344148320999994262
-33.69140625     1.88787124489999991184
-33.59375000     1.88216317899999996399
-33.49609375     1.87631829342000000516
-33.39843750     1.87033801925000009447
-33.30078125     1.86422338253000008379
-33.20312500     1.85797402795000010656
-33.10546875     1.85159090746000010164
-33.00781250     1.84507654063000003930
-32.91015625     1.83843226162999995310
-32.81250000     1.83165909549000005541
-32.71484375     1.82475837608999991168
-32.61718750     1.81773152437000007353
-32.51953125     1.81057996887999994584
-32.42187500     1.80330514955000009714
-32.32421875     1.79590851839000009704
-32.22656250     1.78839153267999995123
-32.12890625     1.78075564799999996879
-32.03125000     1.77300231370999994418
-31.93359375     1.76513297143999992045
-31.83593750     1.75714905608000004911
-31.73828125     1.74905199807999989225
-31.64062500     1.74084322544999992033
-31.54296875     1.73252416451000001985
-31.44531250     1.72409624010999995569
-31.34765625     1.71556087686999991782
-31.25000000     1.70691950258999991519
-31.15234375     1.69817355494000010729
-31.05468750     1.68932449194999989572
-30.95703125     1.68037380534999991610
-30.85937500     1.67132310956000007529
-30.76171875     1.66217400310000007480
-30.66406250     1.65292793855999997632
-30.56640625     1.64358646824000009801
-30.46875000     1.63415235463000008131
-30.37109375     1.62462830889999998440
-30.27343750     1.61501635158000000914
-30.17578125     1.60531939961999992050
-30.07812500     1.59554101463999997712
-29.98046875     1.58568541893000003462
-29.88281250     1.57575772432000005274
-29.78515625     1.56576400688000005879
-29.68750000     1.55571158038999990403
-29.58984375     1.54560929048000006425
-29.49218750     1.53546782842000006930
-29.39453125     1.52530009110000008832
-29.29687500     1.51512158491999993082
-29.19921875     1.50495086644999997993
-29.10156250     1.49481001461000007069
-29.00390625     1.48472512884000007460
-28.90625000     1.47472683903999990385
-28.80859375     1.46485080369000009171
-28.71093750     1.45513817536999989777
-28.61328125     1.44563601738000002683
-28.51562500     1.43639763861999991690
-28.41796875     1.42748278974999998070
-28.32031250     1.41895767654000004576
-28.22265625     1.41089475998999991369
-28.12500000     1.40337234573000002591
-28.02734375     1.39647401264999992954
-27.92968750     1.39028732674999999652
-27.83203125     1.38490230612000009280
-27.73437500     1.38040972396999994665
-27.63671875     1.37689889908999996138
-27.53906250     1.37445510804000003979
-27.44140625     1.37315661250000009552
-27.34375000     1.37307137300999992924
-27.24609375     1.37425354560000001491
-27.14843750     1.37673985197000003922
-27.05078125     1.38054595452000006262
-26.95312500     1.38566298032000001506
-26.85546875     1.39205433446000004238
-26.75781250     1.39965294455000011098
-26.66015625     1.40835910164000011058
-26.56250000     1.41803911102999991023
-26.46484375     1.42852494769999993629
-26.36718750     1.43961495823999996446
-26.26953125     1.45107556283000005415
-26.17187500     1.46264411747000000474
-26.07421875     1.47403321753999994037
-25.97656250     1.48493619047000002809
-25.87890625     1.49503308155999992124
-25.78125000     1.50399736966999997279
-25.68359375     1.51150449244000006921
-25.58593750     1.51724121511000009654
-25.48828125     1.52091247071999990936
-25.39062500     1.52224279423000008471
-25.29296875     1.52097737873000005138
-25.19531250     1.51685578323000003209
-25.09765625     1.50977669061000008277
-25.00000000     1.49995933656999991257
-24.90234375     1.48749354215999995965
-24.80468750     1.47173281747999995517
-24.70703125     1.45245218819000010413
-24.60937500     1.43045631058999989094
-24.51171875     1.40597527895999996339
-24.41406250     1.37904751555999993684
-24.31640625     1.34991284968999991634
-24.21875000     1.31886726431999989906
-24.12109375     1.28622135047999996971
-24.02343750     1.25229863583999989629
-23.92578125     1.21742933756000004664
-23.82812500     1.18194192542000009460
-23.73046875     1.14615540002000004804
-23.63281250     1.11037247358000001896
-23.53515625     1.07487369781999997365
-23.43750000     1.03991267454000002601
-23.33984375     1.00571243855000003187
-23.24218750     0.97246304068800004661
-23.14453125     0.94032030518800002739
-23.04687500     0.90940569239699997617
-22.94921875     0.87980716327499997043
-22.85156250     0.85158091217200004852
-22.75390625     0.82475380961199995511
-22.65625000     0.79932638641099995613
-22.55859375     0.77527619550500004308
-22.46093750     0.75256139394900001260
-22.36328125     0.73112439076000002025
-22.26562500     0.71089542192699994860
-22.16796875     0.69179594615999995266
-22.07031250     0.67374177987399996859
-21.97265625     0.65664588364300002787
-21.87500000     0.64042080846299997976
-21.77734375     0.62498076697299997928
-21.67968750     0.61024332123299995789
-21.58203125     0.59613064502599999450
-21.48437500     0.58257050080700001349
-21.38671875     0.56949653138800004903
-21.28906250     0.55684871570700000820
-21.19140625     0.54457355644100002845
-21.09375000     0.53262391306500000976
-20.99609375     0.52095872534499998441
-20.89843750     0.50954264462400000735
-20.80078125     0.49834558775499998573
-20.70312500     0.48734224620700000719
-20.60546875     0.47651157709100000481
-20.50781250     0.46583629643199997439
-20.41015625     0.45530239032600000604
-20.31250000     0.44489865535599998347
-20.21484375     0.43461627583500000993
-20.11718750     0.42444844227099998157
-20.01953125     0.41439001282499998702
-19.92187500     0.40443721747499999930
-19.82421875     0.39458740309800000023
-19.72656250     0.38483881674499997860
-19.62890625     0.37519042369099997458
-19.53125000     0.36564175642699997537
-19.43359375     0.35619279282100002604
-19.33593750     0.34684385113900001452
-19.23828125     0.33759550580600000691
-19.14062500     0.32844853054700001715
-19.04296875     0.31940384840500002372
-18.94531250     0.31046248835000000987
-18.84765625     0.30162555451900002756
-18.75000000     0.29289420271599997392
-18.65234375     0.28426962250799997500
-18.55468750     0.27575302365499998469
-18.45703125     0.26734562593200000835
-18.35937500     0.25904865159500001237
-18.26171875     0.25086331966699998430
-18.16406250     0.24279084173300000127
-18.06640625     0.23483241875399998855
-17.96875000     0.22698924234100001374
-17.87109375     0.21926248790600000316
-17.77343750     0.21165331264500000796
-17.67578125     0.20416286033399999589
-17.57812500     0.19679225775299999390
-17.48046875     0.18954261400600000420
-17.38281250     0.18241502040400001117
-17.28515625     0.17541055015599998912
-17.18750000     0.16853025808800001228
-17.08984375     0.16177518041899999202
-16.99218750     0.15514633456300000458
-16.89453125     0.14864471894899999871
-16.79687500     0.14227131284999999794
-16.69921875     0.13602707623199999931
-16.60156250     0.12991294959700000478
-16.50390625     0.12392985384200000398
-16.40625000     0.11807869012100000172
-16.30859375     0.11236033970599999809
-16.21093750     0.10677566385599999987
-16.11328125     0.10132550368699999588
-16.01562500     0.09601068005040000464
-15.91796875     0.09083199340479999884
-15.82031250     0.08579022370019999399
-15.72265625     0.08088613025999999429
-15.62500000     0.07612045166799999429
-15.52734375     0.07149390565740000592
-15.42968750     0.06700718900379999676
-15.33203125     0.06266097742079999866
-15.23437500     0.05845592545850000071
-15.13671875     0.05439266640570000061
-15.03906250     0.05047181219480000036
-14.94140625     0.04669395331000000121
-14.84375000     0.04305965869870000129
-14.74609375     0.03956947568599999965
-14.64843750     0.03622392989289999893
-14.55078125     0.03302352515660000182
-14.45312500     0.02996874345570000112
-14.35546875     0.02706004483719999867
-14.25781250     0.02429786734739999843
-14.16015625     0.02168262696640000167
-14.06250000     0.01921471754519999894
-13.96484375     0.01689451074659999857
-13.86718750     0.01472235598940000063
-13.76953125     0.01269858039579999966
-13.67187500     0.01082348874200000054
-13.57421875     0.00909736341296000020
-13.47656250     0.00752046435906999957
-13.37890625     0.00609302905769999997
-13.28125000     0.00481527247724999972
-13.18359375     0.00368738704477999989
-13.08593750     0.00270954261712999999
-12.98828125     0.00188188645532999998
-12.89062500     0.00120454320245000010
-12.79296875     0.00067761486484199998
-12.69531250     0.00030118079682600000
-12.59765625     0.00007529768871650000
-12.50000000     -0.00000000044168024793
-12.40234375     0.00007529774581860000
-12.30468750     0.00030118091207400000
-12.20703125     0.00067761504034200004
-12.10937500     0.00120454344140000008
-12.01171875     0.00188188676211000004
-11.91406250     0.00270954299732000014
-11.81640625     0.00368738750532000012
-11.71875000     0.00481527302654000035
-11.62109375     0.00609302970574000010
-11.52343750     0.00752046511764999960
-11.42578125     0.00909736429589000015
-11.32812500     0.01082348976540000070
-11.23046875     0.01269858157810000061
-11.13281250     0.01472235735210000035
-11.03515625     0.01689451231439999951
-10.93750000     0.01921471934660000033
-10.83984375     0.02168262903389999927
-10.74218750     0.02429786971839999893
-10.64453125     0.02706004755449999827
-10.54687500     0.02996874656829999831
-10.44921875     0.03302352872059999972
-10.35156250     0.03622393397249999702
-10.25390625     0.03956948035470000263
-10.15625000     0.04305966404020000055
-10.05859375     0.04669395942030000329
-9.96093750     0.05047181918339999768
-9.86328125     0.05439267439780000324
-9.76562500     0.05845593459710000245
-9.66796875     0.06266098786929999442
-9.57031250     0.06700720094890000311
-9.47265625     0.07149391931220000496
-9.37500000     0.07612046727580000505
-9.27734375     0.08088614809869999756
-9.17968750     0.08579024408690000270
-9.08203125     0.09083201670160000185
-8.98437500     0.09601070667029999728
-8.88671875     0.10132553410200000055
-8.78906250     0.10677569860199999374
-8.69140625     0.11236037939600000690
-8.59375000     0.11807873545199999710
-8.49609375     0.12392990560699999880
-8.39843750     0.12991300869499999848
-8.30078125     0.13602714368400001255
-8.20312500     0.14227138980699999271
-8.10546875     0.14864480670399998763
-8.00781250     0.15514643456200000182
-7.91015625     0.16177529425799999641
-7.81250000     0.16853038751300000730
-7.71484375     0.17541069703199999030
-7.61718750     0.18241518666699998996
-7.51953125     0.18954280156799999113
-7.42187500     0.19679246834200000982
-7.32421875     0.20416309521600001231
-7.22656250     0.21165357220000000082
-7.12890625     0.21926277125699999981
-7.03125000     0.22698954646799998636
-6.93359375     0.23483273421100001044
-6.83593750     0.24279115332900000346
-6.73828125     0.25086360531399998219
-6.64062500     0.25904887448500002467
-6.54296875     0.26734572816899998537
-6.44531250     0.27575291689300002185
-6.34765625     0.28426917456299999332
-6.25000000     0.29289321866200002109
-6.15234375     0.30162375044200001595
-6.05468750     0.31045945511599998268
-5.95703125     0.31939900205999999239
-5.85937500     0.32844104501100002125
-5.76171875     0.33758422227000001170
-5.66406250     0.34682715690900001171
-5.56640625     0.35616845697499999179
-5.46875000     0.36560671570399999597
-5.37109375     0.37514051172700002557
-5.27343750     0.38476840929200001318
-5.17578125     0.39448895846999998405
-5.07812500     0.40430069538500001958
-4.98046875     0.41420214242300001928
-4.88281250     0.42419180846400000862
-4.78515625     0.43426818910100001281
-4.68750000     0.44442976686800000907
-4.58984375     0.45467501146799998990
-4.49218750     0.46500238000499999336
-4.39453125     0.47541031721600002236
-4.29687500     0.48589725570399999732
-4.19921875     0.49646161617399997557
-4.10156250     0.50710180767299994908
-4.00390625     0.51781622782600000843
-3.90625000     0.52860326308200000778
-3.80859375     0.53946128895199996212
-3.71093750     0.55038867025799997901
-3.61328125     0.56138376137699996793
-3.51562500     0.57244490648799994936
-3.41796875     0.58357043982300005336
-3.32031250     0.59475868591900005189
-3.22265625     0.60600795986500000101
-3.12500000     0.61731656756399999608
-3.02734375     0.62868280598000003678
-2.92968750     0.64010496339900002649
-2.83203125     0.65158131968800003797
-2.73437500     0.66311014654699995674
-2.63671875     0.67468970778000003641
-2.53906250     0.68631825954600000905
-2.44140625     0.69799405062800001787
-2.34375000     0.70971532269600001719
-2.24609375     0.72148031056799999394
-2.14843750     0.73328724248099996785
-2.05078125     0.74513434035399994659
-1.95312500     0.75701982005799994813
-1.85546875     0.76894189168299997839
-1.75781250     0.78089875981000000937
-1.66015625     0.79288862377699997896
-1.56250000     0.80490967795599999146
-1.46484375     0.81696011201899998433
-1.36718750     0.82903811121699999553
-1.26953125     0.84114185664600005232
-1.17187500     0.85326952552699997234
-1.07421875     0.86541929147800000788
-0.97656250     0.87758932478899998042
-0.87890625     0.88977779269699996956
-0.78125000     0.90198285966400004732
-0.68359375     0.91420268765099998998
-0.58593750     0.92643543639899994524
-0.48828125     0.93867926369900001049
-0.39062500     0.95093232567599994542
-0.29296875     0.96319277706499994984
-0.19531250     0.97545877148600002027
-0.09765625     0.98772846172600003989
0.00000000     1.00000000001000000083
0.09765625     1.01227153830000005108
0.19531250     1.02454122853999995968
0.29296875     1.03680722296000005223
0.39062500     1.04906767435000003452
0.48828125     1.06132073632999990309
0.58593750     1.07356456362999996834
0.68359375     1.08579731237999999038
0.78125000     1.09801714036000008790
0.87890625     1.11022220733000009929
0.97656250     1.12241067524000004418
1.07421875     1.13458070854999992783
1.17187500     1.14673047449999998548
1.26953125     1.15885814338000003865
1.36718750     1.17096188880999996229
1.46484375     1.18303988800999992925
1.56250000     1.19509032206999998849
1.66015625     1.20711137625000008988
1.75781250     1.21910124022000010413
1.85546875     1.23105810834000006793
1.95312500     1.24298017996999998758
2.05078125     1.25486565967000007760
2.14843750     1.26671275753999990066
2.24609375     1.27851968945999994176
2.34375000     1.29028467733000007378
2.44140625     1.30200594939000002803
2.53906250     1.31368174048000008192
2.63671875     1.32531029223999996525
2.73437500     1.33688985347000000026
2.83203125     1.34841868033000000793
2.92968750     1.35989503661999999728
3.02734375     1.37131719403999996487
3.12500000     1.38268343245999991709
3.22265625     1.39399204014999988921
3.32031250     1.40524131409999997189
3.41796875     1.41642956020000010398
3.51562500     1.42755509353000009654
3.61328125     1.43861623864000010009
3.71093750     1.44961132975999995587
3.80859375     1.46053871106000010549
3.90625000     1.47139673693000005983
4.00390625     1.48218377218999997069
4.10156250     1.49289819233999998538
4.19921875     1.50353838384000004780
4.29687500     1.51410274430999991502
4.39453125     1.52458968280000006779
4.49218750     1.53499762000999995237
4.58984375     1.54532498853999999966
4.68750000     1.55557023314000009151
4.78515625     1.56573181091000002141
4.88281250     1.57580819154999995924
4.98046875     1.58579785759000002621
5.07812500     1.59569930462000009186
5.17578125     1.60551104154000001678
5.27343750     1.61523159072000010994
5.37109375     1.62485948828000004163
5.46875000     1.63439328429999997105
5.56640625     1.64383154302999989760
5.66406250     1.65317284309999990022
5.76171875     1.66241577772999993279
5.85937500     1.67155895499000006765
5.95703125     1.68060099794000006312
6.05468750     1.68954054489000005113
6.15234375     1.69837624956000010634
6.25000000     1.70710678134000004569
6.34765625     1.71573082544000010685
6.44531250     1.72424708311000007832
6.54296875     1.73265427182999998124
6.64062500     1.74095112551000008594
6.73828125     1.74913639468000003951
6.83593750     1.75720884666999999091
6.93359375     1.76516726577999993886
7.03125000     1.77301045352999997462
7.12890625     1.78073722874000006655
7.22656250     1.78834642779000008161
7.32421875     1.79583690478000002066
7.42187500     1.80320753165000002838
7.51953125     1.81045719841999996902
7.61718750     1.81758481332000010333
7.71484375     1.82458930295999999238
7.81250000     1.83146961248000006428
7.91015625     1.83822470573000007477
8.00781250     1.84485356543000000862
8.10546875     1.85135519328000008876
8.20312500     1.85772861017999990629
8.30078125     1.86397285629999998058
8.39843750     1.87008699129000000028
8.49609375     1.87607009437999994184
8.59375000     1.88192126453000008190
8.69140625     1.88763962058999990035
8.78906250     1.89322430138000008526
8.88671875     1.89867446588000010621
8.98437500     1.90398929330999999721
9.08203125     1.90916798327999992502
9.17968750     1.91420975588999997541
9.27734375     1.91911385187999994351
9.37500000     1.92387953270000000572
9.47265625     1.92850608066000006602
9.57031250     1.93299279902999998626
9.66796875     1.93733901210000003523
9.76562500     1.94154406538000001703
9.86328125     1.94560732556999993470
9.96093750     1.94952818079000000928
10.05859375     1.95330604055000001118
10.15625000     1.95694033592999994120
10.25390625     1.96043051961000003303
10.35156250     1.96377606599000009702
10.44921875     1.96697647123999996843
10.54687500     1.97003125338999995897
10.64453125     1.97293995239999997438
10.74218750     1.97570213023999996516
10.83984375     1.97831737091999992906
10.93750000     1.98078528059999992017
11.03515625     1.98310548763000005223
11.13281250     1.98527764259000005787
11.23046875     1.98730141835999996047
11.32812500     1.98917651017000007840
11.42578125     1.99090263562999991720
11.52343750     1.99247953479999995174
11.62109375     1.99390697020000007278
11.71875000     1.99518472687000003596
11.81640625     1.99631261238999990759
11.91406250     1.99729045688000006464
12.01171875     1.99811811310000009279
12.10937500     1.99879545640999989331
12.20703125     1.99932238478999990683
12.30468750     1.99969881890000000801
12.40234375     1.99992470203999994638
12.50000000     2.00000000020000001655
12.59765625     1.99992470203999994638
12.69531250     1.99969881890000000801
12.79296875     1.99932238478999990683
12.89062500     1.99879545640999989331
12.98828125     1.99811811310000009279
13.08593750     1.99729045688000006464
13.18359375     1.99631261238999990759
13.28125000     1.99518472687000003596
13.37890625     1.99390697020000007278
13.47656250     1.99247953479999995174
13.57421875     1.99090263562999991720
13.67187500     1.98917651017000007840
13.76953125     1.98730141835999996047
13.86718750     1.98527764259000005787
13.96484375     1.98310548763000005223
14.06250000     1.98078528059999992017
14.16015625     1.97831737091999992906
14.25781250     1.97570213023999996516
14.35546875     1.97293995239999997438
14.45312500     1.97003125338999995897
14.55078125     1.96697647123999996843
14.64843750     1.96377606599000009702
14.74609375     1.96043051961000003303
14.84375000     1.95694033592999994120
14.94140625     1.95330604055000001118
15.03906250     1.94952818079000000928
15.13671875     1.94560732556999993470
15.23437500     1.94154406538000001703
15.33203125     1.93733901210000003523
15.42968750     1.93299279902999998626
15.52734375     1.92850608066000006602
15.62500000     1.92387953270000000572
15.72265625     1.91911385187999994351
15.82031250     1.91420975588999997541
15.91796875     1.90916798327999992502
16.01562500     1.90398929330999999721
16.11328125     1.89867446588000010621
16.21093750     1.89322430138000008526
16.30859375     1.88763962058999990035
16.40625000     1.88192126453000008190
16.50390625     1.87607009437999994184
16.60156250     1.87008699129000000028
16.69921875     1.86397285629999998058
16.79687500     1.85772861017999990629
16.89453125     1.85135519328000008876
16.99218750     1.84485356543000000862
17.08984375     1.83822470573000007477
17.18750000     1.83146961248000006428
17.28515625     1.82458930295999999238
17.38281250     1.81758481332000010333
17.48046875     1.81045719841999996902
17.57812500     1.80320753165000002838
17.67578125     1.79583690478000002066
17.77343750     1.78834642779000008161
17.87109375     1.78073722874000006655
17.96875000     1.77301045352999997462
18.06640625     1.76516726577999993886
18.16406250     1.75720884666999999091
18.26171875     1.74913639468000003951
18.35937500     1.74095112551000008594
18.45703125     1.73265427182999998124
18.55468750     1.72424708311000007832
18.65234375     1.71573082544000010685
18.75000000     1.70710678134000004569
18.84765625     1.69837624956000010634
18.94531250     1.68954054489000005113
19.04296875     1.68060099794000006312
19.14062500     1.67155895499000006765
19.23828125     1.66241577772999993279
19.33593750     1.65317284309999990022
19.43359375     1.64383154302999989760
19.53125000     1.63439328429999997105
19.62890625     1.62485948828000004163
19.72656250     1.61523159072000010994
19.82421875     1.60551104154000001678
19.92187500     1.59569930462000009186
20.01953125     1.58579785759000002621
20.11718750     1.57580819154999995924
20.21484375     1.56573181091000002141
20.31250000     1.55557023314000009151
20.41015625     1.54532498853999999966
20.50781250     1.53499762000999995237
20.60546875     1.52458968280000006779
20.70312500     1.51410274430999991502
20.80078125     1.50353838384000004780
20.89843750     1.49289819233999998538
20.99609375     1.48218377218999997069
21.09375000     1.47139673693000005983
21.19140625     1.46053871106000010549
21.28906250     1.44961132975999995587
21.38671875     1.43861623864000010009
21.48437500     1.42755509353000009654
21.58203125     1.41642956020000010398
21.67968750     1.40524131409999997189
21.77734375     1.39399204014999988921
21.87500000     1.38268343245999991709
21.97265625     1.37131719403999996487
22.07031250     1.35989503661999999728
22.16796875     1.34841868033000000793
22.26562500     1.33688985347000000026
22.36328125     1.32531029223999996525
22.46093750     1.31368174048000008192
22.55859375     1.30200594939000002803
22.65625000     1.29028467733000007378
22.75390625     1.27851968945999994176
22.85156250     1.26671275753999990066
22.94921875     1.25486565967000007760
23.04687500     1.24298017996999998758
23.14453125     1.23105810834000006793
23.24218750     1.21910124022000010413
23.33984375     1.20711137625000008988
23.43750000     1.19509032206999998849
23.53515625     1.18303988800999992925
23.63281250     1.17096188880999996229
23.73046875     1.15885814338000003865
23.82812500     1.14673047449999998548
23.92578125     1.13458070854999992783
24.02343750     1.12241067524000004418
24.12109375     1.11022220733000009929
24.21875000     1.09801714036000008790
24.31640625     1.08579731237999999038
24.41406250     1.07356456362999996834
24.51171875     1.06132073632999990309
24.60937500     1.04906767435000003452
24.70703125     1.03680722296000005223
24.80468750     1.02454122853999995968
24.90234375     1.01227153830000005108
