-50.00000000     0.99996564849600000358
-49.90234375     1.01224045478999991055
-49.80468750     1.02451410609000004293
-49.70703125     1.03678462982000008097
-49.60937500     1.04905004659999989691
-49.51171875     1.06130837303999991938
-49.41406250     1.07355762395999998482
-49.31640625     1.08579581614000009182
-49.21875000     1.09802097239000007178
-49.12109375     1.11023112536999990496
-49.02343750     1.12242432095999999930
-48.92578125     1.13459862023000002118
-48.82812500     1.14675210129999993747
-48.73046875     1.15888287659999988932
-48.63281250     1.17098912777999997203
-48.53515625     1.18306897823999990216
-48.43750000     1.19512038764000005919
-48.33984375     1.20714159185999991841
-48.24218750     1.21913106650999991665
-48.14453125     1.23108705419000008519
-48.04687500     1.24300769246999998074
-47.94921875     1.25489122728999991097
-47.85156250     1.26673597191999998124
-47.75390625     1.27854023162000007829
-47.65625000     1.29030231805999995309
-47.55859375     1.30202054728999994104
-47.46093750     1.31369323907000001839
-47.36328125     1.32531871503000009405
-47.26562500     1.33689529700000009349
-47.16796875     1.34842130575000007653
-47.07031250     1.35989506020999995073
-46.97265625     1.37131487734999990558
-46.87500000     1.38267907312000004616
-46.77734375     1.39398596185999990027
-46.67968750     1.40523384438000009666
-46.58203125     1.41642100735000009415
-46.48437500     1.42754582148000008779
-46.38671875     1.43860669321999989911
-46.28906250     1.44960184078999998469
-46.19140625     1.46052951458999991097
-46.09375000     1.47138810578000001072
-45.99609375     1.48217598246000004103
-45.89843750     1.49289150087000010991
-45.80078125     1.50353300984999993517
-45.70312500     1.51409887540999998912
-45.60546875     1.52458747257999993607
-45.50781250     1.53499718486999991995
-45.41015625     1.54532640404000010115
-45.31250000     1.55557353018999999783
-45.21484375     1.56573697219000007586
-45.11718750     1.57581514788999998977
-45.01953125     1.58580648442999994074
-44.92187500     1.59570942508999991105
-44.82421875     1.60552245113999991766
-44.72656250     1.61524406036000001130
-44.62890625     1.62487262947999999696
-44.53125000     1.63440661148999999419
-44.43359375     1.64384472215000010387
-44.33593750     1.65318559803000009190
-44.23828125     1.66242776701000005701
-44.14062500     1.67156983590999996814
-44.04296875     1.68061047616000003302
-43.94531250     1.68954839812999990656
-43.84765625     1.69838233167999996809
-43.75000000     1.70711103053999990742
-43.65234375     1.71573326951000004748
-43.55468750     1.72424783823999994148
-43.45703125     1.73265352455000010146
-43.35937500     1.74094909755999993628
-43.26171875     1.74913340253000004765
-43.16406250     1.75720537448000002634
-43.06640625     1.76516373995999997781
-42.96875000     1.77300713393999997969
-42.87109375     1.78073436270000007298
-42.77343750     1.78834427874999990493
-42.67578125     1.79583568849999997141
-42.57812500     1.80320737581000001271
-42.48046875     1.81045815549000010947
-42.38281250     1.81758686481999998108
-42.28515625     1.82459236928999990468
-42.18750000     1.83147356652999993010
-42.08984375     1.83822938985999995154
-41.99218750     1.84485881246000005262
-41.89453125     1.85136083918000005077
-41.79687500     1.85773450801000006294
-41.69921875     1.86397888666000000057
-41.60156250     1.87009306067999991896
-41.50390625     1.87607614304999992250
-41.40625000     1.88192724699999991422
-41.30859375     1.88764548207999993679
-41.21093750     1.89322997731000008947
-41.11328125     1.89867987444999997138
-41.01562500     1.90399433122000005802
-40.91796875     1.90917252764000000553
-40.82031250     1.91421367480000004235
-40.72265625     1.91911702420999996654
-40.62500000     1.92388186982999997987
-40.52734375     1.92850753651999995419
-40.42968750     1.93299336943000010791
-40.33203125     1.93733881212999992094
-40.23437500     1.94154344781999999014
-40.13671875     1.94560665790999998137
-40.03906250     1.94952769417999993706
-39.94140625     1.95330597659000004818
-39.84375000     1.95694097888000007046
-39.74609375     1.96043211804999994996
-39.64843750     1.96377875914999999729
-39.55078125     1.96698029985999989222
-39.45312500     1.97003615587999991732
-39.35546875     1.97294562772999992895
-39.25781250     1.97570809189000007322
-39.16015625     1.97832329591999989127
-39.06250000     1.98079096180999991716
-38.96484375     1.98311066139000002906
-38.86718750     1.98528207552000002245
-38.76953125     1.98730497801000005609
-38.67187500     1.98917918030000007157
-38.57421875     1.99090449790999990398
-38.47656250     1.99248083882999993399
-38.37890625     1.99390807198999997496
-38.28125000     1.99518585217000010701
-38.18359375     1.99631389928000002598
-38.08593750     1.99729206788999991140
-37.98828125     1.99812015630999995075
-37.89062500     1.99879795043999997084
-37.79296875     1.99932528166000000880
-37.69531250     1.99970201815000003798
-37.59765625     1.99992807172000008897
-37.50000000     2.00000342255999985497
-37.40234375     1.99992810888000005498
-37.30468750     1.99970217201999989065
-37.20703125     1.99932565495000003075
-37.10937500     1.99879865054999994456
-37.01171875     1.99812127486999990822
-36.91406250     1.99729365017000004556
-36.81640625     1.99631593324000000678
-36.71875000     1.99518827694000000506
-36.62109375     1.99391079867999998498
-36.52343750     1.99248359628000004662
-36.42578125     1.99090681470999997238
-36.32812500     1.98918065007000000044
-36.23046875     1.98730524496999994000
-36.13281250     1.98528078519000006352
-36.03515625     1.98310763756000008051
-35.93750000     1.98078626191000006784
-35.83984375     1.97831716444999994309
-35.74218750     1.97570096483999990689
-35.64453125     1.97293825360999997010
-35.54687500     1.97002940897999989645
-35.44921875     1.96697511260999990945
-35.35156250     1.96377634936000000643
-35.25390625     1.96043346238999993680
-35.15625000     1.95694639172000006688
-35.05859375     1.95331525027999997057
-34.96093750     1.94954015578000006137
-34.86328125     1.94562125486000003782
-34.76562500     1.94155893640000010159
-34.66796875     1.93735392666999994837
-34.57031250     1.93300616547999992711
-34.47265625     1.92851548660000005064
-34.37500000     1.92388335984000002910
-34.27734375     1.91911157410999999584
-34.17968750     1.91420145533999996879
-34.08203125     1.90915442123000000940
-33.98437500     1.90397194788999990500
-33.88671875     1.89865515921000005406
-33.78906250     1.89320451082999996473
-33.69140625     1.88762161752000001691
-33.59375000     1.88190877801999989494
-33.49609375     1.87606591791000010261
-33.39843750     1.87009219172999996417
-33.30078125     1.86398772179000005167
-33.20312500     1.85775264882000001876
-33.10546875     1.85138696891999998684
-33.00781250     1.84489079632000008147
-32.91015625     1.83826480017999993599
-32.81250000     1.83151049377999997070
-32.71484375     1.82462798393999992008
-32.61718750     1.81761654103000003246
-32.51953125     1.81047839843999991416
-32.42187500     1.80321666781999989659
-32.32421875     1.79583319398000007538
-32.22656250     1.78832984142999995569
-32.12890625     1.78070871830000010405
-32.03125000     1.77297198662999999641
-31.93359375     1.76512171202000001102
-31.83593750     1.75715936338000000561
-31.73828125     1.74908553896999996446
-31.64062500     1.74090218791999995496
-31.54296875     1.73261252912000007775
-31.44531250     1.72421696372999999625
-31.34765625     1.71571458352000005831
-31.25000000     1.70710592260000004750
-31.15234375     1.69839164761000005477
-31.05468750     1.68957212116000010660
-30.95703125     1.68064764287999990344
-30.85937500     1.67161858516000005892
-30.76171875     1.66248529660000010644
-30.66406250     1.65324871030999998034
-30.56640625     1.64391039814000006203
-30.46875000     1.63447206227999997097
-30.37109375     1.62493342138999996571
-30.27343750     1.61529486036999991860
-30.17578125     1.60555996817999990789
-30.07812500     1.59573159135000008924
-29.98046875     1.58581159535000004723
-29.88281250     1.57580223548000009082
-29.78515625     1.56570601283999999431
-29.68750000     1.55552546167000005362
-29.58984375     1.54526308590000005516
-29.49218750     1.53492132692999994070
-29.39453125     1.52450267387000004682
-29.29687500     1.51400901718000002738
-29.19921875     1.50344156570999998301
-29.10156250     1.49280180058999989434
-29.00390625     1.48209322570999990631
-28.90625000     1.47131814833999996495
-28.80859375     1.46047599642000003328
-28.71093750     1.44956732350999994985
-28.61328125     1.43859349832999994234
-28.51562500     1.42755545732999999942
-28.41796875     1.41645391988999991284
-28.32031250     1.40528958046000007620
-28.22265625     1.39406315646999989788
-28.12500000     1.38277541494000000277
-28.02734375     1.37142719102999999237
-27.92968750     1.36001932866999997174
-27.83203125     1.34855290249000003833
-27.73437500     1.33702957201000005583
-27.63671875     1.32545188500000010734
-27.53906250     1.31382066511999995306
-27.44140625     1.30213547170999999203
-27.34375000     1.29039917964000006023
-27.24609375     1.27861552725999993996
-27.14843750     1.26678658428999990626
-27.05078125     1.25491450805999993356
-26.95312500     1.24300187380999993536
-26.85546875     1.23105138186999996108
-26.75781250     1.21906576106999997577
-26.66015625     1.20704775034999989280
-26.56250000     1.19500007585999989956
-26.46484375     1.18292542197000005721
-26.36718750     1.17082642015000004676
-26.26953125     1.15870565708000006211
-26.17187500     1.14656570442999994341
-26.07421875     1.13440851433000000625
-25.97656250     1.12223524568999999396
-25.87890625     1.11004796109000003490
-25.78125000     1.09785068612999991977
-25.68359375     1.08564531709000000603
-25.58593750     1.07343152016999998644
-25.48828125     1.06121054791000002382
-25.39062500     1.04898411543999992013
-25.29296875     1.03675344802000002353
-25.19531250     1.02451958491999994827
-25.09765625     1.01228352278000000020
-25.00000000     1.00004623102000000934
-24.90234375     0.98780866423500002238
-24.80468750     0.97557178421599999307
-24.70703125     0.96333658358999996185
-24.60937500     0.95110410580899995558
-24.51171875     0.93887545765799995667
-24.41406250     0.92665181760199999417
-24.31640625     0.91443429989600000241
-24.21875000     0.90222449856300002136
-24.12109375     0.89002448141299994600
-24.02343750     0.87783682783000005490
-23.92578125     0.86566176243600001516
-23.82812500     0.85349944421799994743
-23.73046875     0.84135372567699995283
-23.63281250     0.82922768258299994759
-23.53515625     0.81712305529300000018
-23.43750000     0.80504204591700001536
-23.33984375     0.79298713977000001574
-23.24218750     0.78096088086799997363
-23.14453125     0.76896584161299996740
-23.04687500     0.75700462024100001468
-22.94921875     0.74507982630100000332
-22.85156250     0.73319406262599995383
-22.75390625     0.72134990817400002072
-22.65625000     0.70954990188300004483
-22.55859375     0.69779652739599995481
-22.46093750     0.68609220001799997579
-22.36328125     0.67443926775100004889
-22.26562500     0.66284002061600000300
-22.16796875     0.65129678375599997509
-22.07031250     0.63981132304199994643
-21.97265625     0.62838486209099997382
-21.87500000     0.61701879024100003690
-21.77734375     0.60571668523999999678
-21.67968750     0.59448104294699999350
-21.58203125     0.58331148460699999703
-21.48437500     0.57220901786000000211
-21.38671875     0.56117542556499999673
-21.28906250     0.55021200239000001009
-21.19140625     0.53931984272599997610
-21.09375000     0.52849999384699997140
-20.99609375     0.51775346085999995882
-20.89843750     0.50708120592799998949
-20.80078125     0.49648415864500000660
-20.70312500     0.48596322835400002083
-20.60546875     0.47551931591199997351
-20.50781250     0.46515332500700001805
-20.41015625     0.45486617299699999561
-20.31250000     0.44465880116700001734
-20.21484375     0.43453218405600002594
-20.11718750     0.42448733705899999169
-20.01953125     0.41452532173500000745
-19.92187500     0.40464723982200001551
-19.82421875     0.39485421649000002065
-19.72656250     0.38514732176100002770
-19.62890625     0.37552807874400001564
-19.53125000     0.36599840948700002041
-19.43359375     0.35656014598099999846
-19.33593750     0.34721312644500001987
-19.23828125     0.33795801288299998077
-19.14062500     0.32879801669999997316
-19.04296875     0.31973507692999997287
-18.94531250     0.31077041115600001486
-18.84765625     0.30190563776399997886
-18.75000000     0.29314251208499997325
-18.65234375     0.28448279608600002266
-18.55468750     0.27592825734499998314
-18.45703125     0.26748067102200001610
-18.35937500     0.25914181250899998021
-18.26171875     0.25091344918000002551
-18.16406250     0.24279733315099999436
-18.06640625     0.23479519473300000665
-17.96875000     0.22690873642500000718
-17.87109375     0.21913962740099998672
-17.77343750     0.21148949840399999811
-17.67578125     0.20395993696100001014
-17.57812500     0.19655248284900000977
-17.48046875     0.18926862384900000613
-17.38281250     0.18210979191099999075
-17.28515625     0.17507735970499999079
-17.18750000     0.16817263863099998766
-17.08984375     0.16139688165700000200
-16.99218750     0.15475128755399999991
-16.89453125     0.14823709103599999604
-16.79687500     0.14185527395799998884
-16.69921875     0.13560655020699999285
-16.60156250     0.12949117710599999942
-16.50390625     0.12351085559400000469
-16.40625000     0.11766766471400000316
-16.30859375     0.11196135890899999721
-16.21093750     0.10639197173599999890
-16.11328125     0.10096049464100000093
-16.01562500     0.09566766304880000571
-15.91796875     0.09051402001309999390
-15.82031250     0.08550006976910000389
-15.72265625     0.08062628767019999754
-15.62500000     0.07589311345110000273
-15.52734375     0.07130095339540000465
-15.42968750     0.06685018464469999477
-15.33203125     0.06254115909959999386
-15.23437500     0.05837420698319999851
-15.13671875     0.05434964010119999744
-15.03906250     0.05046775468740000159
-14.94140625     0.04672883377209999939
-14.84375000     0.04313314908480000293
-14.74609375     0.03968096258449999719
-14.64843750     0.03637252777760000000
-14.55078125     0.03320809101049999879
-14.45312500     0.03018789285550000159
-14.35546875     0.02731216958970000136
-14.25781250     0.02458115467709999849
-14.16015625     0.02199508014109999993
-14.06250000     0.01955417771690000014
-13.96484375     0.01725867964029999951
-13.86718750     0.01510881890919999956
-13.76953125     0.01310482893750000016
-13.67187500     0.01124694232230000028
-13.57421875     0.00953538946745999955
-13.47656250     0.00797039532388999980
-13.37890625     0.00655213151958999960
-13.28125000     0.00528078478555000022
-13.18359375     0.00415671103258999971
-13.08593750     0.00318049119054999996
-12.98828125     0.00235221951168999984
-12.89062500     0.00167124243395999996
-12.79296875     0.00113783256480000003
-12.69531250     0.00075281793224799996
-12.59765625     0.00051630473109999997
-12.50000000     0.00042829660287700000
-12.40234375     0.00048892608279400005
-12.30468750     0.00069832724041199998
-12.20703125     0.00105660799827000007
-12.10937500     0.00156385513463999995
-12.01171875     0.00222013517734999995
-11.91406250     0.00302549313528000007
-11.81640625     0.00397995164226000019
-11.71875000     0.00508351049747000037
-11.62109375     0.00633614630506999961
-11.52343750     0.00773781205582999964
-11.42578125     0.00928843654875999986
-11.32812500     0.01098792359459999958
-11.23046875     0.01283615100629999922
-11.13281250     0.01483296945089999930
-11.03515625     0.01697820129260000158
-10.93750000     0.01927163958859999873
-10.83984375     0.02171304738839999887
-10.74218750     0.02430215743749999935
-10.64453125     0.02703867230349999914
-10.54687500     0.02992226485260000152
-10.44921875     0.03295257892390000137
-10.35156250     0.03612923001650000104
-10.25390625     0.03945180581109999918
-10.15625000     0.04291986640960000071
-10.05859375     0.04653294426360000263
-9.96093750     0.05029054385449999859
-9.86328125     0.05419214125650000102
-9.76562500     0.05823718373520000297
-9.66796875     0.06242508951229999714
-9.57031250     0.06675524777449999558
-9.47265625     0.07122701895859999410
-9.37500000     0.07583973530439999666
-9.27734375     0.08059270163800000275
-9.17968750     0.08548519630720000095
-9.08203125     0.09051647216279999630
-8.98437500     0.09568575749020000187
-8.88671875     0.10099225681899999529
-8.78906250     0.10643515152499999354
-8.69140625     0.11201360034599999738
-8.59375000     0.11772673968100000330
-8.49609375     0.12357368413199999735
-8.39843750     0.12955353995300000758
-8.30078125     0.13566538742199998890
-8.20312500     0.14190822698700000792
-8.10546875     0.14828099623900001247
-8.00781250     0.15478266589299999323
-7.91015625     0.16141245149499999778
-7.81250000     0.16816937304900000938
-7.71484375     0.17505215799699999635
-7.61718750     0.18205972196100000948
-7.51953125     0.18919102305499999050
-7.42187500     0.19644495510400000748
-7.32421875     0.20382038574799998809
-7.22656250     0.21131616640799999463
-7.12890625     0.21893113023300000974
-7.03125000     0.22666409136400000879
-6.93359375     0.23451384545100001366
-6.83593750     0.24247917050799999705
-6.73828125     0.25055882795099998495
-6.64062500     0.25875156367199997343
-6.54296875     0.26705610897799997305
-6.44531250     0.27547118122899999504
-6.34765625     0.28399548410300001766
-6.25000000     0.29262770745700000807
-6.15234375     0.30136652690600002069
-6.05468750     0.31021060324700000521
-5.95703125     0.31915858194599999731
-5.85937500     0.32820909285400001743
-5.76171875     0.33736075027599998766
-5.66406250     0.34661215341500001275
-5.56640625     0.35596188712299997592
-5.46875000     0.36540852279500002364
-5.37109375     0.37495061923700001572
-5.27343750     0.38458672334400001436
-5.17578125     0.39431537047900000470
-5.07812500     0.40413508453399998865
-4.98046875     0.41404437771399998924
-4.88281250     0.42404175014799999621
-4.78515625     0.43412568944300000684
-4.68750000     0.44429467030800001703
-4.58984375     0.45454715436999998390
-4.49218750     0.46488159025300002103
-4.39453125     0.47529641398400002128
-4.29687500     0.48579004970000000396
-4.19921875     0.49636091056699999102
-4.10156250     0.50700739977200004471
-4.00390625     0.51772791137200002698
-3.90625000     0.52852083083900003313
-3.80859375     0.53938453517499995726
-3.71093750     0.55031739259300005429
-3.61328125     0.56131776189000004429
-3.51562500     0.57238399171900000706
-3.41796875     0.58351441997200004241
-3.32031250     0.59470737350299995860
-3.22265625     0.60596116825099999303
-3.12500000     0.61727410978200003555
-3.02734375     0.62864449412800005312
-2.92968750     0.64007060876900001567
-2.83203125     0.65155073358899995295
-2.73437500     0.66308314167899995439
-2.63671875     0.67466609990399994956
-2.53906250     0.68629786919000002055
-2.44140625     0.69797670453100002508
-2.34375000     0.70970085476099997734
-2.24609375     0.72146856213199994645
-2.14843750     0.73327806184300003967
-2.05078125     0.74512758167299997236
-1.95312500     0.75701534190099994959
-1.85546875     0.76893955565299998423
-1.75781250     0.78089842968000000578
-1.66015625     0.79289016546099999605
-1.56250000     0.80491296036199999619
-1.46484375     0.81696500856200005014
-1.36718750     0.82904450152499997717
-1.26953125     0.84114962791699998679
-1.17187500     0.85327857308099996914
-1.07421875     0.86542951829799996677
-0.97656250     0.87760064013299998731
-0.87890625     0.88979011010700004292
-0.78125000     0.90199609486099996403
-0.68359375     0.91421675681000003078
-0.58593750     0.92645025516799994758
-0.48828125     0.93869474717300005473
-0.39062500     0.95094838930600000815
-0.29296875     0.96320933830900001826
-0.19531250     0.97547575187599999680
-0.09765625     0.98774578890300002154
0.00000000     1.00001760924999993918
0.09765625     1.01228937300999999316
0.19531250     1.02455923958000005847
0.29296875     1.03682536619999998706
0.39062500     1.04908590881999996824
0.48828125     1.06133902348999997756
0.58593750     1.07358287036000010772
0.68359375     1.08581560045999991893
0.78125000     1.09803535940000007720
0.87890625     1.11024031124000011062
0.97656250     1.12242862618000005526
1.07421875     1.13459847062000007689
1.17187500     1.14674801470999998543
1.26953125     1.15887543328999997883
1.36718750     1.17097890469000009972
1.46484375     1.18305660958999991905
1.56250000     1.19510673066000006060
1.66015625     1.20712745318000003181
1.75781250     1.21911696573000005728
1.85546875     1.23107346079000001815
1.95312500     1.24299513539999995082
2.05078125     1.25488019206999990018
2.14843750     1.26672683971999999741
2.24609375     1.27853329478000010688
2.34375000     1.29029778194000011027
2.44140625     1.30201853438999992640
2.53906250     1.31369379336999991814
2.63671875     1.32532180704999991150
2.73437500     1.33690082928999998124
2.83203125     1.34842911856999991826
2.92968750     1.35990493775000009791
3.02734375     1.37132655467999997612
3.12500000     1.38269224361999998330
3.22265625     1.39400028699999989357
3.32031250     1.40524897716000007897
3.41796875     1.41643661766000006352
3.51562500     1.42756152377999989689
3.61328125     1.43862202247999992899
3.71093750     1.44961645173000008846
3.80859375     1.46054315976000004262
3.90625000     1.47140050439000003024
4.00390625     1.48218685269999994603
4.10156250     1.49290058116000001753
4.19921875     1.50354007598999994677
4.29687500     1.51410373365000006096
4.39453125     1.52458996117000000758
4.49218750     1.53499717655999989852
4.58984375     1.54532380954999992717
4.68750000     1.55556830264000001129
4.78515625     1.56572911236999989804
4.88281250     1.57580471009999989462
4.98046875     1.58579358196999997688
5.07812500     1.59569422791999993017
5.17578125     1.60550516048999991625
5.27343750     1.61522490393999995639
5.37109375     1.62485199454999995616
5.46875000     1.63438498199000004085
5.56640625     1.64382243100000002833
5.66406250     1.65316292286999999561
5.76171875     1.66240505661999993237
5.85937500     1.67154745015000005814
5.95703125     1.68058874192000007319
6.05468750     1.68952759453999989958
6.15234375     1.69836270337999994950
6.25000000     1.70709279994000007186
6.34765625     1.71571661588999990755
6.44531250     1.72423295145000010642
6.54296875     1.73264074547999991083
6.64062500     1.74093895384999997056
6.73828125     1.74912657281000005760
6.83593750     1.75720274950999999497
6.93359375     1.76516678985000008417
7.03125000     1.77301820064999993143
7.12890625     1.78075675289999990625
7.22656250     1.78838253964999993606
7.32421875     1.79589608269999989609
7.42187500     1.80329845222999995968
7.51953125     1.81059137729999997113
7.61718750     1.81777741156000005596
7.71484375     1.82486013426999993392
7.81250000     1.83184438535999993825
7.91015625     1.83873654115000007003
8.00781250     1.84554483143000003231
8.10546875     1.85227969714999995965
8.20312500     1.85895419012999996156
8.30078125     1.86558441358999993476
8.39843750     1.87218999698999999381
8.49609375     1.87879459400999992980
8.59375000     1.88542639184000004882
8.69140625     1.89211861406999992674
8.78906250     1.89890999124000003917
8.88671875     1.90584517307999989910
8.98437500     1.91297505626000008405
9.08203125     1.92035698438999991033
9.17968750     1.92805476627000005330
9.27734375     1.93613846642000009268
9.37500000     1.94468399340999997804
9.47265625     1.95377250717000006119
9.57031250     1.96348924850999995151
9.66796875     1.97392187847999989181
9.76562500     1.98515878512000010225
9.86328125     1.99728690891000004726
9.96093750     2.01038915052000000117
10.05859375     2.02454141194000003523
10.15625000     2.03980930007999994302
10.25390625     2.05624461824000004384
10.35156250     2.07388173827999988674
10.44921875     2.09273397780000003365
10.54687500     2.11279012303999991218
10.64453125     2.13401124148000009839
10.74218750     2.15632793062999983391
10.83984375     2.17963816578000013635
10.93750000     2.20380595151000013843
11.03515625     2.22866097701000009934
11.13281250     2.25399932994000007369
11.23046875     2.27958521166000016578
11.32812500     2.30515378547999993941
11.42578125     2.33041545394000015889
11.52343750     2.35506137318999986263
11.62109375     2.37876950211999993456
11.71875000     2.40121131244000007854
11.81640625     2.42206021009000016520
11.91406250     2.44100088568999984417
12.01171875     2.45773633353000020563
12.10937500     2.47198934455999985715
12.20703125     2.48350314999000021388
12.30468750     2.49201522071999992392
12.40234375     2.49742275784999989696
12.50000000     2.49994497514000002525
12.59765625     2.49966825732000019755
12.69531250     2.49594142564999987854
12.79296875     2.48854188890999994399
12.89062500     2.47827300275999995449
12.98828125     2.46536137635000018875
13.08593750     2.44984403147000007195
13.18359375     2.43195935387999995214
13.28125000     2.41200169904000016885
13.37890625     2.39028001298999992486
13.47656250     2.36711618915999988388
13.57421875     2.34283881411999983513
13.67187500     2.31777473002000000690
13.76953125     2.29224131577000012072
13.86718750     2.26653967147999990672
13.96484375     2.24094875002999982527
14.06250000     2.21572057119999987762
14.16015625     2.19107660787999991570
14.25781250     2.16720537220000020184
14.35546875     2.14426117655000014750
14.45312500     2.12236400055000018483
14.55078125     2.10160035885999985084
14.64843750     2.08202503468999999825
14.74609375     2.06366352158000010419
14.84375000     2.04651500907000016838
14.94140625     2.03055574890999990245
15.03906250     2.01574263848999990500
15.13671875     2.00201686372000020597
15.23437500     1.98930747226999993238
15.33203125     1.97753477167000002446
15.42968750     1.96661346521000002241
15.52734375     1.95645542614000000903
15.62500000     1.94697216883999990600
15.72265625     1.93807691578999996551
15.82031250     1.92968627463000008682
15.91796875     1.92172155129000010731
16.01562500     1.91410953935000005544
16.11328125     1.90678294802000003472
16.21093750     1.89968094279000010438
16.30859375     1.89274922055000005550
16.40625000     1.88593985309000000683
16.50390625     1.87921102361999992070
16.60156250     1.87252665694000008934
16.69921875     1.86585597247999990245
16.79687500     1.85917299355000009697
16.89453125     1.85245603850999995821
16.99218750     1.84568721418000003531
17.08984375     1.83885192720999990357
17.18750000     1.83193842463999989612
17.28515625     1.82493737141999989859
17.38281250     1.81784146904999999173
17.48046875     1.81064511729999999545
17.57812500     1.80334411850000009281
17.67578125     1.79593542287999996532
17.77343750     1.78841691197999996810
17.87109375     1.78078721691000008143
17.96875000     1.77304556738000007599
18.06640625     1.76519166985000008907
18.16406250     1.75722560333999999749
18.26171875     1.74914773471999995813
18.35937500     1.74095866155999989822
18.45703125     1.73265916284000009995
18.55468750     1.72425015549000004711
18.65234375     1.71573266358000009468
18.75000000     1.70710779485999997185
18.84765625     1.69837672282999996298
18.94531250     1.68954067325000001354
19.04296875     1.68060091402000000294
19.14062500     1.67155874758000000391
19.23828125     1.66241550516000002879
19.33593750     1.65317254259999990573
19.43359375     1.64383123687000010094
19.53125000     1.63439298767000007473
19.62890625     1.62485921099999996997
19.72656250     1.61523133614999991892
19.82421875     1.60551081067000001035
19.92187500     1.59569909723000002977
20.01953125     1.58579767254000003618
20.11718750     1.57580802722999990806
20.21484375     1.56573166550999998137
20.31250000     1.55557010480999990953
20.41015625     1.54532487547999997091
20.50781250     1.53499752052999993701
20.60546875     1.52458959535999993840
20.70312500     1.51410266750999999985
20.80078125     1.50353831642000002056
20.89843750     1.49289813316999997461
20.99609375     1.48218372027999989449
21.09375000     1.47139669141000006825
21.19140625     1.46053867114999991195
21.28906250     1.44961129475999994654
21.38671875     1.43861620797000000493
21.48437500     1.42755506665000009292
21.58203125     1.41642953663999993097
21.67968750     1.40524129347000004131
21.77734375     1.39399202207999994840
21.87500000     1.38268341662999993957
21.97265625     1.37131718018999992914
22.07031250     1.35989502450000010469
22.16796875     1.34841866973000001906
22.26562500     1.33688984419999989939
22.36328125     1.32531028412999996036
22.46093750     1.31368173338999993938
22.55859375     1.30200594320999996079
22.65625000     1.29028467193000007107
22.75390625     1.27851968474999999614
22.85156250     1.26671275344000000551
22.94921875     1.25486565610000000426
23.04687500     1.24298017685999995230
23.14453125     1.23105810564000006657
23.24218750     1.21910123786999990969
23.33984375     1.20711137421999992192
23.43750000     1.19509032031000006491
23.53515625     1.18303988649000002553
23.63281250     1.17096188750000007595
23.73046875     1.15885814224999994515
23.82812500     1.14673047352999990522
23.92578125     1.13458070772000008120
24.02343750     1.12241067453999998627
24.12109375     1.11022220674000005047
24.21875000     1.09801713986000004653
24.31640625     1.08579731195999995563
24.41406250     1.07356456327999993938
24.51171875     1.06132073604000010114
24.60937500     1.04906767412000001549
24.70703125     1.03680722277000003650
24.80468750     1.02454122838999994727
24.90234375     1.01227153819000004198
