-50.00000000     0.00001118205909590000
-49.90234375     0.00001187867224010000
-49.80468750     0.00001260089588120000
-49.70703125     0.00001334748753140000
-49.60937500     0.00001411684836610000
-49.51171875     0.00001490698628900000
-49.41406250     0.00001571547752870000
-49.31640625     0.00001653942699870000
-49.21875000     0.00001737542771240000
-49.12109375     0.00001821951961040000
-49.02343750     0.00001906714822420000
-48.92578125     0.00001991312367990000
-48.82812500     0.00002075158062810000
-48.73046875     0.00002157593976860000
-48.63281250     0.00002237887172860000
-48.53515625     0.00002315226421240000
-48.43750000     0.00002388719353220000
-48.33984375     0.00002457390099540000
-48.24218750     0.00002520177317390000
-48.14453125     0.00002575933355080000
-48.04687500     0.00002623427444910000
-47.94921875     0.00002661347521600000
-47.85156250     0.00002688273733370000
-47.75390625     0.00002702664389880000
-47.65625000     0.00002702982951040000
-47.55859375     0.00002687696573000000
-47.46093750     0.00002655079857050000
-47.36328125     0.00002603407010470000
-47.26562500     0.00002530990447880000
-47.16796875     0.00002436079362760000
-47.07031250     0.00002316866546030000
-46.97265625     0.00002171554244530000
-46.87500000     0.00001998406094910000
-46.77734375     0.00001795771618900000
-46.67968750     0.00001562101127820000
-46.58203125     0.00001295976876280000
-46.48437500     0.00000996146637438000
-46.38671875     0.00000661560429313000
-46.28906250     0.00000291410162402000
-46.19140625     -0.00000114828648401000
-46.09375000     -0.00000557353859621000
-45.99609375     -0.00001035992686710000
-45.89843750     -0.00001550157129640000
-45.80078125     -0.00002098799665310000
-45.70312500     -0.00002680370200940000
-45.60546875     -0.00003292775289490000
-45.50781250     -0.00003933340701930000
-45.41015625     -0.00004598778613180000
-45.31250000     -0.00005285160782490000
-45.21484375     -0.00005987899200230000
-45.11718750     -0.00006701735761500000
-45.01953125     -0.00007420742590620000
-44.92187500     -0.00008138334643280000
-44.82421875     -0.00008847296168679999
-44.72656250     -0.00009539822633070000
-44.62890625     -0.00010207579753700000
-44.53125000     -0.00010841780191199999
-44.43359375     -0.00011433275505100000
-44.33593750     -0.00011972667605900000
-44.23828125     -0.00012450475426100001
-44.14062500     -0.00012857352473200000
-44.04296875     -0.00013184057470099999
-43.94531250     -0.00013421033559199999
-43.84765625     -0.00013559198494700000
-43.75000000     -0.00013591763790500000
-43.65234375     -0.00013513559776300000
-43.55468750     -0.00013320509329600000
-43.45703125     -0.00013009385391300000
-43.35937500     -0.00012578033853599999
-43.26171875     -0.00012026256117900001
-43.16406250     -0.00011356199641600000
-43.06640625     -0.00010572413411600000
-42.96875000     -0.00009681807811780000
-42.87109375     -0.00008693665333950000
-42.77343750     -0.00007619593794890000
-42.67578125     -0.00006473416915940000
-42.57812500     -0.00005271008119770000
-42.48046875     -0.00004030067747920000
-42.38281250     -0.00002769839310680000
-42.28515625     -0.00001510755623150000
-42.18750000     -0.00000274001601632000
-42.08984375     0.00000919020276741000
-41.99218750     0.00002047328455030000
-41.89453125     0.00003091098499930000
-41.79687500     0.00004032495814360000
-41.69921875     0.00004856580334820000
-41.60156250     0.00005551880419690000
-41.50390625     0.00006109788114490001
-41.40625000     0.00006524894612029999
-41.30859375     0.00006798408199470000
-41.21093750     0.00006936760454530000
-41.11328125     0.00006946099095670000
-41.01562500     0.00006831440675400000
-40.91796875     0.00006597136413399999
-40.82031250     0.00006247924912090000
-40.72265625     0.00005789150200250000
-40.62500000     0.00005227256676780000
-40.52734375     0.00004570381693800000
-40.42968750     0.00003828494434190000
-40.33203125     0.00003012902473560000
-40.23437500     0.00002135540243650000
-40.13671875     0.00001208505049770000
-40.03906250     0.00000243815823473000
-39.94140625     -0.00000746854258653000
-39.84375000     -0.00001752401363750000
-39.74609375     -0.00002762026318380000
-39.64843750     -0.00003764137870300000
-39.55078125     -0.00004744689075640000
-39.45312500     -0.00005685790416580000
-39.35546875     -0.00006564801344570000
-39.25781250     -0.00007351709872259999
-39.16015625     -0.00008004295416990000
-39.06250000     -0.00008477635585010000
-38.96484375     -0.00008753953660630001
-38.86718750     -0.00008844720036230000
-38.76953125     -0.00008768459160220000
-38.67187500     -0.00008549206047330001
-38.57421875     -0.00008221468234780000
-38.47656250     -0.00007827705473010001
-38.37890625     -0.00007396684908189999
-38.28125000     -0.00006940907537190000
-38.18359375     -0.00006481530331810000
-38.08593750     -0.00006048781381630000
-37.98828125     -0.00005666629546270000
-37.89062500     -0.00005362648433670000
-37.79296875     -0.00005172579430580000
-37.69531250     -0.00005118935806800000
-37.59765625     -0.00005214879603580000
-37.50000000     -0.00005478195332930000
-37.40234375     -0.00005906646567200000
-37.30468750     -0.00006373500513870000
-37.20703125     -0.00006604497559280001
-37.10937500     -0.00006333305482720000
-37.01171875     -0.00005436763968630000
-36.91406250     -0.00003902530642290000
-36.81640625     -0.00001770995052240000
-36.71875000     0.00000830481192210000
-36.62109375     0.00003504090543820000
-36.52343750     0.00005657660355580000
-36.42578125     0.00006820665422920001
-36.32812500     0.00006756616886240000
-36.23046875     0.00005369349295290000
-36.13281250     0.00002631777736010000
-36.03515625     -0.00001379975764680000
-35.93750000     -0.00006279179364750000
-35.83984375     -0.00011479166808899999
-35.74218750     -0.00016474546276700001
-35.64453125     -0.00020895023652900001
-35.54687500     -0.00024470839173299999
-35.44921875     -0.00027014346155700001
-35.35156250     -0.00028411834294299999
-35.25390625     -0.00028608180298200000
-35.15625000     -0.00027580375229800002
-35.05859375     -0.00025322687856900000
-34.96093750     -0.00021887965588499999
-34.86328125     -0.00017419075174900000
-34.76562500     -0.00012087885752800000
-34.66796875     -0.00006063515213770000
-34.57031250     0.00000473959862112000
-34.47265625     0.00007332839793810001
-34.37500000     0.00014319353446600000
-34.27734375     0.00021245403077999999
-34.17968750     0.00027933113316099998
-34.08203125     0.00034218100843800002
-33.98437500     0.00039952363852200002
-33.88671875     0.00045006904323399997
-33.78906250     0.00049274029792799995
-33.69140625     0.00052669263055199998
-33.59375000     0.00055133958517899996
-33.49609375     0.00056635915797699997
-33.39843750     0.00057165645464300004
-33.30078125     0.00056723637645099997
-33.20312500     0.00055316100332500004
-33.10546875     0.00052972820800100003
-33.00781250     0.00049764534523400003
-32.91015625     0.00045774507381500003
-32.81250000     0.00041081577834700000
-32.71484375     0.00035767755205699998
-32.61718750     0.00029920669043599998
-32.51953125     0.00023631129501600000
-32.42187500     0.00016990873915800000
-32.32421875     0.00010091034505400000
-32.22656250     0.00003020785007520000
-32.12890625     -0.00004133925502640000
-32.03125000     -0.00011291472627000000
-31.93359375     -0.00018375439222800000
-31.83593750     -0.00025315256288800002
-31.73828125     -0.00032046600493600000
-31.64062500     -0.00038511577727299998
-31.54296875     -0.00044658746684699999
-31.44531250     -0.00050443017838400000
-31.34765625     -0.00055825397680500004
-31.25000000     -0.00060772512203799997
-31.15234375     -0.00065255863943100003
-31.05468750     -0.00069250768030099997
-30.95703125     -0.00072734906050699998
-30.85937500     -0.00075686291248699999
-30.76171875     -0.00078080577380499998
-30.66406250     -0.00079888900718400003
-30.56640625     -0.00081072761703999995
-30.46875000     -0.00081576167770700003
-30.37109375     -0.00081317497198500003
-30.27343750     -0.00080192189461600002
-30.17578125     -0.00078060414289899999
-30.07812500     -0.00074731520864199997
-29.98046875     -0.00069950530395699998
-29.88281250     -0.00063381112208999997
-29.78515625     -0.00054586136420300003
-29.68750000     -0.00043004622288900002
-29.58984375     -0.00027924286015600000
-29.49218750     -0.00008449664772910000
-29.39453125     0.00016534286307700000
-29.29687500     0.00048402954925299999
-29.19921875     0.00088836708178899998
-29.10156250     0.00139868729021999996
-29.00390625     0.00203935078816000004
-28.90625000     0.00283925611604999998
-28.80859375     0.00383234113010000018
-28.71093750     0.00505805783174000014
-28.61328125     0.00656179317134999995
-28.51562500     0.00839519801485999993
-28.41796875     0.01061638142549999921
-28.32031250     0.01328988429009999965
-28.22265625     0.01648643919510000069
-28.12500000     0.02028301814089999988
-28.02734375     0.02476229698850000022
-27.92968750     0.03001059166969999997
-27.83203125     0.03611622246519999996
-27.73437500     0.04316825750480000196
-27.63671875     0.05125441908870000118
-27.53906250     0.06045851691709999698
-27.44140625     0.07085737066489999902
-27.34375000     0.08251743348279999557
-27.24609375     0.09549128912710000416
-27.14843750     0.10981403571799999708
-27.05078125     0.12549964589300000029
-26.95312500     0.14253744253600000857
-26.85546875     0.16088888473400000945
-26.75781250     0.18048485668399999460
-26.66015625     0.20122358653100000381
-26.56250000     0.22296930220600000294
-26.46484375     0.24555179742800001264
-26.36718750     0.26876709706500001573
-26.26953125     0.29237929279500002311
-26.17187500     0.31612352206599997340
-26.07421875     0.33971010691399999848
-25.97656250     0.36282987354700002580
-25.87890625     0.38516049758400000558
-25.78125000     0.40637361928999998772
-25.68359375     0.42614262046299999920
-25.58593750     0.44415096266999998242
-25.48828125     0.46010062408699997638
-25.39062500     0.47372012693999998589
-25.29296875     0.48477228084500001426
-25.19531250     0.49306138884299999248
-25.09765625     0.49844610715499998443
-25.00000000     0.50084008766400001100
-24.90234375     0.50020763378099997176
-24.80468750     0.49653079779600001187
-24.70703125     0.48983767702899999597
-24.60937500     0.48025859333100001658
-24.51171875     0.46799520203299999066
-24.41406250     0.45326806447599998773
-24.31640625     0.43632850521999999582
-24.21875000     0.41746093662299998961
-24.12109375     0.39697371827499999819
-24.02343750     0.37518985917899999594
-23.92578125     0.35243866355499997578
-23.82812500     0.32904764386000001641
-23.73046875     0.30533488400399999563
-23.63281250     0.28160216675799998320
-23.53515625     0.25812906533399998521
-23.43750000     0.23516813155899998766
-23.33984375     0.21294126166599999794
-23.24218750     0.19163726685400001015
-23.14453125     0.17141062449399999124
-23.04687500     0.15238134068799999432
-22.94921875     0.13463581689599998792
-22.85156250     0.11822858434999999888
-22.75390625     0.10318475110300000253
-22.65625000     0.08950299706440000003
-22.55859375     0.07715894920019999992
-22.46093750     0.06610877263230000023
-22.36328125     0.05629282720809999918
-22.26562500     0.04763926165329999962
-22.16796875     0.04006742632640000051
-22.07031250     0.03349097148110000144
-21.97265625     0.02782055956859999860
-21.87500000     0.02296640018189999993
-21.77734375     0.01884048658740000021
-21.67968750     0.01535827151510000058
-21.58203125     0.01244043713540000061
-21.48437500     0.01001326619459999914
-21.38671875     0.00800834723385000086
-21.28906250     0.00636360765581000035
-21.19140625     0.00502372825076000031
-21.09375000     0.00393979855249000036
-20.99609375     0.00306902449538999991
-20.89843750     0.00237436137102000006
-20.80078125     0.00182406440113999993
-20.70312500     0.00139119427424999999
-20.60546875     0.00105310487996000007
-20.50781250     0.00079093355256200002
-20.41015625     0.00058910953654600000
-20.31250000     0.00043489208467100001
-20.21484375     0.00031794576465799998
-20.11718750     0.00022995733291499999
-20.01953125     0.00016429592985500000
-19.92187500     0.00011571630824000000
-19.82421875     0.00008010328157760000
-19.72656250     0.00005425454740160000
-19.62890625     0.00003569841782750000
-19.53125000     0.00002254264092130000
-19.43359375     0.00001335041884520000
-19.33593750     0.00000703979614130000
-19.23828125     0.00000280253838988000
-19.14062500     0.00000004002679107010
-19.04296875     -0.00000168690452052000
-18.94531250     -0.00000269740732997000
-18.84765625     -0.00000322116363046000
-18.75000000     -0.00000342172786778000
-18.65234375     -0.00000341420688238000
-18.55468750     -0.00000327853712497000
-18.45703125     -0.00000306937490223000
-18.35937500     -0.00000282339499977000
-18.26171875     -0.00000256461771618000
-18.16406250     -0.00000230826474247000
-18.06640625     -0.00000206350784709000
-17.96875000     -0.00000183540841253000
-17.87109375     -0.00000162621892479000
-17.77343750     -0.00000143668763630000
-17.67578125     -0.00000126650544741000
-17.57812500     -0.00000111467404239000
-17.48046875     -0.00000097985129957100
-17.38281250     -0.00000086055156804400
-17.28515625     -0.00000075526270376200
-17.18750000     -0.00000066251899251300
-17.08984375     -0.00000058094296314400
-16.99218750     -0.00000050926625638500
-16.89453125     -0.00000044633727766100
-16.79687500     -0.00000039112075237400
-16.69921875     -0.00000034269253896200
-16.60156250     -0.00000030023189146100
-16.50390625     -0.00000026301257175100
-16.40625000     -0.00000023039367958000
-16.30859375     -0.00000020181071700300
-16.21093750     -0.00000017676717583100
-16.11328125     -0.00000015482679086600
-16.01562500     -0.00000013560651142600
-15.91796875     -0.00000011877018937100
-15.82031250     -0.00000010402295066200
-15.72265625     -0.00000009110620171350
-15.62500000     -0.00000007979321430630
-15.52734375     -0.00000006988523153780
-15.42968750     -0.00000006120803941780
-15.33203125     -0.00000005360895229650
-15.23437500     -0.00000004695416433240
-15.13671875     -0.00000004112642396480
-15.03906250     -0.00000003602299310910
-14.94140625     -0.00000003155385669240
-14.84375000     -0.00000002764015203660
-14.74609375     -0.00000002421279129360
-14.64843750     -0.00000002121125347070
-14.55078125     -0.00000001858252533120
-14.45312500     -0.00000001628017287970
-14.35546875     -0.00000001426352735740
-14.25781250     -0.00000001249697163290
-14.16015625     -0.00000001094931456030
-14.06250000     -0.00000000959324274344
-13.96484375     -0.00000000840483994960
-13.86718750     -0.00000000736316585782
-13.76953125     -0.00000000644988708682
-13.67187500     -0.00000000564895361956
-13.57421875     -0.00000000494631530247
-13.47656250     -0.00000000432967356387
-13.37890625     -0.00000000378826389142
-13.28125000     -0.00000000331266507483
-13.18359375     -0.00000000289463218358
-13.08593750     -0.00000000252695025317
-12.98828125     -0.00000000220330617684
-12.89062500     -0.00000000191817626007
-12.79296875     -0.00000000166672771444
-12.69531250     -0.00000000144473257664
-12.59765625     -0.00000000124849243194
-12.50000000     -0.00000000107477249579
-12.40234375     -0.00000000092074382701
-12.30468750     -0.00000000078393271068
-12.20703125     -0.00000000066217633778
-12.10937500     -0.00000000055358375443
-12.01171875     -0.00000000045650160690
-11.91406250     -0.00000000036948437287
-11.81640625     -0.00000000029126855775
-11.71875000     -0.00000000022075001274
-11.62109375     -0.00000000015696400496
-11.52343750     -0.00000000009906770795
-11.42578125     -0.00000000004632483585
-11.32812500     0.00000000000190770204
-11.23046875     0.00000000004619149826
-11.13281250     0.00000000008701684725
-11.03515625     0.00000000012481172722
-10.93750000     0.00000000015994968314
-10.83984375     0.00000000019275667012
-10.74218750     0.00000000022351689698
-10.64453125     0.00000000025247822303
-10.54687500     0.00000000027985681709
-10.44921875     0.00000000030584105509
-10.35156250     0.00000000033059501669
-10.25390625     0.00000000035426161107
-10.15625000     0.00000000037696524793
-10.05859375     0.00000000039881419866
-9.96093750     0.00000000041990264911
-9.86328125     0.00000000044031235342
-9.76562500     0.00000000046011432051
-9.66796875     0.00000000047937018799
-9.57031250     0.00000000049813333082
-9.47265625     0.00000000051644985240
-9.37500000     0.00000000053435959372
-9.27734375     0.00000000055189695312
-9.17968750     0.00000000056909159561
-9.08203125     0.00000000058596910245
-8.98437500     0.00000000060255150867
-8.88671875     0.00000000061885758367
-8.78906250     0.00000000063490327275
-8.69140625     0.00000000065070219870
-8.59375000     0.00000000066626598677
-8.49609375     0.00000000068160448519
-8.39843750     0.00000000069672607500
-8.30078125     0.00000000071163783573
-8.20312500     0.00000000072634571232
-8.10546875     0.00000000074085461599
-8.00781250     0.00000000075516834430
-7.91015625     0.00000000076928974765
-7.81250000     0.00000000078322092146
-7.71484375     0.00000000079696338352
-7.61718750     0.00000000081051830758
-7.51953125     0.00000000082388666674
-7.42187500     0.00000000083706920491
-7.32421875     0.00000000085006640748
-7.22656250     0.00000000086287843835
-7.12890625     0.00000000087550517000
-7.03125000     0.00000000088794630561
-6.93359375     0.00000000090020137531
-6.83593750     0.00000000091226960247
-6.73828125     0.00000000092415008823
-6.64062500     0.00000000093584194217
-6.54296875     0.00000000094734419325
-6.44531250     0.00000000095865580710
-6.34765625     0.00000000096977566547
-6.25000000     0.00000000098070257884
-6.15234375     0.00000000099143553937
-6.05468750     0.00000000100197372314
-5.95703125     0.00000000101231634508
-5.85937500     0.00000000102246252127
-5.76171875     0.00000000103241126319
-5.66406250     0.00000000104216151329
-5.56640625     0.00000000105171222076
-5.46875000     0.00000000106106227612
-5.37109375     0.00000000107021055772
-5.27343750     0.00000000107915609814
-5.17578125     0.00000000108789814465
-5.07812500     0.00000000109643605871
-4.98046875     0.00000000110476925640
-4.88281250     0.00000000111289715358
-4.78515625     0.00000000112081910395
-4.68750000     0.00000000112853446334
-4.58984375     0.00000000113604262902
-4.49218750     0.00000000114334300443
-4.39453125     0.00000000115043502015
-4.29687500     0.00000000115731822965
-4.19921875     0.00000000116399225299
-4.10156250     0.00000000117045675331
-4.00390625     0.00000000117671144030
-3.90625000     0.00000000118275609737
-3.80859375     0.00000000118859057653
-3.71093750     0.00000000119421474494
-3.61328125     0.00000000119962846641
-3.51562500     0.00000000120483167245
-3.41796875     0.00000000120982435026
-3.32031250     0.00000000121460651866
-3.22265625     0.00000000121917825232
-3.12500000     0.00000000122353968381
-3.02734375     0.00000000122769099169
-2.92968750     0.00000000123163236173
-2.83203125     0.00000000123536403129
-2.73437500     0.00000000123888629839
-2.63671875     0.00000000124219947466
-2.53906250     0.00000000124530388042
-2.44140625     0.00000000124819988117
-2.34375000     0.00000000125088789633
-2.24609375     0.00000000125336849571
-2.14843750     0.00000000125564232203
-2.05078125     0.00000000125771002334
-1.95312500     0.00000000125957221447
-1.85546875     0.00000000126122948679
-1.75781250     0.00000000126268249570
-1.66015625     0.00000000126393194352
-1.56250000     0.00000000126497839709
-1.46484375     0.00000000126582184368
-1.36718750     0.00000000126646193261
-1.26953125     0.00000000126690011648
-1.17187500     0.00000000126714042166
-1.07421875     0.00000000126718666445
-0.97656250     0.00000000126703979052
-0.87890625     0.00000000126669805914
-0.78125000     0.00000000126615890155
-0.68359375     0.00000000126542081547
-0.58593750     0.00000000126448474070
-0.48828125     0.00000000126335361366
-0.39062500     0.00000000126203081221
-0.29296875     0.00000000126051911973
-0.19531250     0.00000000125882018391
-0.09765625     0.00000000125693464300
0.00000000     0.00000000125486275652
0.09765625     0.00000000125260505313
0.19531250     0.00000000125016259792
0.29296875     0.00000000124753695780
0.39062500     0.00000000124472996706
0.48828125     0.00000000124174341277
0.58593750     0.00000000123857881288
0.68359375     0.00000000123523743999
0.78125000     0.00000000123172049431
0.87890625     0.00000000122802919636
0.97656250     0.00000000122416480055
1.07421875     0.00000000122012865922
1.17187500     0.00000000121592228159
1.26953125     0.00000000121154726582
1.36718750     0.00000000120700512278
1.46484375     0.00000000120229726769
1.56250000     0.00000000119742517691
1.66015625     0.00000000119239044172
1.75781250     0.00000000118719463510
1.85546875     0.00000000118183920365
1.95312500     0.00000000117632550983
2.05078125     0.00000000117065501028
2.14843750     0.00000000116482936151
2.24609375     0.00000000115885037016
2.34375000     0.00000000115271989123
2.44140625     0.00000000114643972265
2.53906250     0.00000000114001151982
2.63671875     0.00000000113343684122
2.73437500     0.00000000112671720210
2.83203125     0.00000000111985412436
2.92968750     0.00000000111284916363
3.02734375     0.00000000110570398194
3.12500000     0.00000000109842033766
3.22265625     0.00000000109099999453
3.32031250     0.00000000108344467940
3.41796875     0.00000000107575612448
3.51562500     0.00000000106793615072
3.61328125     0.00000000105998668517
3.71093750     0.00000000105190960932
3.80859375     0.00000000104370663380
3.90625000     0.00000000103537933541
4.00390625     0.00000000102692923296
4.10156250     0.00000000101835785568
4.19921875     0.00000000100966683264
4.29687500     0.00000000100085791697
4.39453125     0.00000000099193290998
4.49218750     0.00000000098289351795
4.58984375     0.00000000097374131009
4.68750000     0.00000000096447782528
4.78515625     0.00000000095510461057
4.88281250     0.00000000094562328742
4.98046875     0.00000000093603562497
5.07812500     0.00000000092634344322
5.17578125     0.00000000091654848492
5.27343750     0.00000000090665246979
5.37109375     0.00000000089665706775
5.46875000     0.00000000088656391000
5.56640625     0.00000000087637464934
5.66406250     0.00000000086609094376
5.76171875     0.00000000085571444775
5.85937500     0.00000000084524680260
5.95703125     0.00000000083468966749
6.05468750     0.00000000082404472172
6.15234375     0.00000000081331360847
6.25000000     0.00000000080249795533
6.34765625     0.00000000079159937951
6.44531250     0.00000000078061943297
6.54296875     0.00000000076955961330
6.64062500     0.00000000075842145506
6.73828125     0.00000000074720652712
6.83593750     0.00000000073591636819
6.93359375     0.00000000072455245530
7.03125000     0.00000000071311627051
7.12890625     0.00000000070160931349
7.22656250     0.00000000069003302186
7.32421875     0.00000000067838889940
7.42187500     0.00000000066667860803
7.51953125     0.00000000065490383154
7.61718750     0.00000000064306611135
7.71484375     0.00000000063116680272
7.81250000     0.00000000061920723809
7.91015625     0.00000000060718882306
8.00781250     0.00000000059511303707
8.10546875     0.00000000058298131725
8.20312500     0.00000000057079499176
8.30078125     0.00000000055855538827
8.39843750     0.00000000054626383541
8.49609375     0.00000000053392150765
8.59375000     0.00000000052152958032
8.69140625     0.00000000050908936030
8.78906250     0.00000000049660227195
8.88671875     0.00000000048406978006
8.98437500     0.00000000047149324944
9.08203125     0.00000000045887404845
9.17968750     0.00000000044621350915
9.27734375     0.00000000043351294440
9.37500000     0.00000000042077364636
9.47265625     0.00000000040799688716
9.57031250     0.00000000039518390337
9.66796875     0.00000000038233599333
9.76562500     0.00000000036945448197
9.86328125     0.00000000035654065751
9.96093750     0.00000000034359582028
10.05859375     0.00000000033062127880
10.15625000     0.00000000031761830984
10.25390625     0.00000000030458810516
10.35156250     0.00000000029153171183
10.44921875     0.00000000027845005098
10.54687500     0.00000000026534413455
10.64453125     0.00000000025221517345
10.74218750     0.00000000023906446507
10.83984375     0.00000000022589324589
10.93750000     0.00000000021270283633
11.03515625     0.00000000019949455143
11.13281250     0.00000000018626953784
11.23046875     0.00000000017302897209
11.32812500     0.00000000015977407821
11.42578125     0.00000000014650602139
11.52343750     0.00000000013322583000
11.62109375     0.00000000011993444873
11.71875000     0.00000000010663270929
11.81640625     0.00000000009332161447
11.91406250     0.00000000008000278541
12.01171875     0.00000000006667874200
12.10937500     0.00000000005335192704
12.20703125     0.00000000004002265232
12.30468750     0.00000000002668812579
12.40234375     0.00000000001334527362
12.50000000     -0.00000000000000439993
12.59765625     -0.00000000001335412875
12.69531250     -0.00000000002669714655
12.79296875     -0.00000000004003190640
12.89062500     -0.00000000005336142430
12.98828125     -0.00000000006668839026
13.08593750     -0.00000000008001244564
13.18359375     -0.00000000009333115426
13.28125000     -0.00000000010664203635
13.37890625     -0.00000000011994347620
13.47656250     -0.00000000013323449117
13.57421875     -0.00000000014651429175
13.67187500     -0.00000000015978200396
13.76953125     -0.00000000017303660763
13.86718750     -0.00000000018627691377
13.96484375     -0.00000000019950164711
14.06250000     -0.00000000021270960382
14.16015625     -0.00000000022589966754
14.25781250     -0.00000000023907060049
14.35546875     -0.00000000025222113705
14.45312500     -0.00000000026535003822
14.55078125     -0.00000000027845612056
14.64843750     -0.00000000029153825023
14.74609375     -0.00000000030459536780
14.84375000     -0.00000000031762634705
14.94140625     -0.00000000033062993917
15.03906250     -0.00000000034360487764
15.13671875     -0.00000000035654982787
15.23437500     -0.00000000036946346745
15.33203125     -0.00000000038234454155
15.42968750     -0.00000000039519188058
15.52734375     -0.00000000040800435892
15.62500000     -0.00000000042078076181
15.72265625     -0.00000000043351977102
15.82031250     -0.00000000044622008736
15.91796875     -0.00000000045888048127
16.01562500     -0.00000000047149970597
16.11328125     -0.00000000048407635222
16.21093750     -0.00000000049660897118
16.30859375     -0.00000000050909622795
16.40625000     -0.00000000052153671735
16.50390625     -0.00000000053392892121
16.60156250     -0.00000000054627144575
16.69921875     -0.00000000055856308049
16.79687500     -0.00000000057080264988
16.89453125     -0.00000000058298894324
16.99218750     -0.00000000059512060814
17.08984375     -0.00000000060719622609
17.18750000     -0.00000000061921441793
17.28515625     -0.00000000063117380037
17.38281250     -0.00000000064307306963
17.48046875     -0.00000000065491093020
17.57812500     -0.00000000066668597578
17.67578125     -0.00000000067839654410
17.77343750     -0.00000000069004088567
17.87109375     -0.00000000070161733504
17.96875000     -0.00000000071312434229
18.06640625     -0.00000000072456049073
18.16406250     -0.00000000073592437192
18.26171875     -0.00000000074721445663
18.35937500     -0.00000000075842917906
18.45703125     -0.00000000076956704998
18.55468750     -0.00000000078062662306
18.65234375     -0.00000000079160637498
18.75000000     -0.00000000080250472718
18.84765625     -0.00000000081332013063
18.94531250     -0.00000000082405098669
19.04296875     -0.00000000083469571163
19.14062500     -0.00000000084525270651
19.23828125     -0.00000000085572031701
19.33593750     -0.00000000086609687056
19.43359375     -0.00000000087638064573
19.53125000     -0.00000000088656985181
19.62890625     -0.00000000089666275916
19.72656250     -0.00000000090665780744
19.82421875     -0.00000000091655351555
19.92187500     -0.00000000092634826797
20.01953125     -0.00000000093604024742
20.11718750     -0.00000000094562764274
20.21484375     -0.00000000095510865928
20.31250000     -0.00000000096448157796
20.41015625     -0.00000000097374481046
20.50781250     -0.00000000098289681995
20.60546875     -0.00000000099193601933
20.70312500     -0.00000000100086080223
20.80078125     -0.00000000100966950310
20.89843750     -0.00000000101836039259
20.99609375     -0.00000000102693177933
21.09375000     -0.00000000103538197693
21.19140625     -0.00000000104370930073
21.28906250     -0.00000000105191219973
21.38671875     -0.00000000105998917532
21.48437500     -0.00000000106793859291
21.58203125     -0.00000000107575857858
21.67968750     -0.00000000108344710590
21.77734375     -0.00000000109100221972
21.87500000     -0.00000000109842213061
21.97265625     -0.00000000110570517093
22.07031250     -0.00000000111284973492
22.16796875     -0.00000000111985423548
22.26562500     -0.00000000112671714013
22.36328125     -0.00000000113343691283
22.46093750     -0.00000000114001192974
22.55859375     -0.00000000114644050348
22.65625000     -0.00000000115272086904
22.75390625     -0.00000000115885125641
22.85156250     -0.00000000116482998122
22.94921875     -0.00000000117065532245
23.04687500     -0.00000000117632553132
23.14453125     -0.00000000118183896765
23.24218750     -0.00000000118719411983
23.33984375     -0.00000000119238956960
23.43750000     -0.00000000119742390072
23.53515625     -0.00000000120229564781
23.63281250     -0.00000000120700329847
23.73046875     -0.00000000121154534381
23.82812500     -0.00000000121592028666
23.92578125     -0.00000000122012661325
24.02343750     -0.00000000122416276531
24.12109375     -0.00000000122802720021
24.21875000     -0.00000000123171852827
24.31640625     -0.00000000123523550145
24.41406250     -0.00000000123857691112
24.51171875     -0.00000000124174156393
24.60937500     -0.00000000124472820439
24.70703125     -0.00000000124753531524
24.80468750     -0.00000000125016105407
24.90234375     -0.00000000125260354146
