0.00000050     1.000000000000001
0.00040130     1.000000000000000
0.00080210     1.000000000000000
0.00120290     1.000000000000000
0.00160370     1.000000000000001
0.00200450     1.000000000000000
0.00240530     1.000000000000000
0.00280610     1.000000000000000
0.00320690     1.000000000000000
0.00360771     1.000000000000000
0.00400851     1.000000000000001
0.00440931     1.000000000000001
0.00481011     1.000000000000001
0.00521091     1.000000000000001
0.00561171     1.000000000000000
0.00601251     1.000000000000000
0.00641331     1.000000000000000
0.00681411     1.000000000000000
0.00721491     1.000000000000001
0.00761571     1.000000000000000
0.00801651     1.000000000000001
0.00841731     1.000000000000000
0.00881811     1.000000000000001
0.00921891     1.000000000000000
0.00961971     1.000000000000001
0.01002052     1.000000000000001
0.01042132     1.000000000000000
0.01082212     1.000000000000001
0.01122292     1.000000000000001
0.01162372     1.000000000000000
0.01202452     1.000000000000000
0.01242532     1.000000000000000
0.01282612     1.000000000000000
0.01322692     1.000000000000001
0.01362772     1.000000000000000
0.01402852     1.000000000000000
0.01442932     1.000000000000000
0.01483012     1.000000000000001
0.01523092     1.000000000000000
0.01563172     1.000000000000000
0.01603252     1.000000000000000
0.01643332     1.000000000000000
0.01683413     1.000000000000000
0.01723493     1.000000000000000
0.01763573     1.000000000000000
0.01803653     1.000000000000000
0.01843733     1.000000000000001
0.01883813     1.000000000000000
0.01923893     1.000000000000000
0.01963973     1.000000000000000
0.02004053     1.000000000000001
0.02044133     1.000000000000000
0.02084213     1.000000000000001
0.02124293     1.000000000000000
0.02164373     1.000000000000000
0.02204453     1.000000000000000
0.02244533     1.000000000000000
0.02284613     1.000000000000000
0.02324693     1.000000000000000
0.02364774     1.000000000000001
0.02404854     1.000000000000000
0.02444934     1.000000000000001
0.02485014     1.000000000000001
0.02525094     1.000000000000000
0.02565174     1.000000000000001
0.02605254     1.000000000000000
0.02645334     1.000000000000000
0.02685414     1.000000000000001
0.02725494     1.000000000000000
0.02765574     1.000000000000001
0.02805654     1.000000000000002
0.02845734     1.000000000000001
0.02885814     1.000000000000001
0.02925894     1.000000000000001
0.02965974     1.000000000000000
0.03006055     1.000000000000000
0.03046135     1.000000000000001
0.03086215     1.000000000000001
0.03126295     1.000000000000000
0.03166375     1.000000000000001
0.03206455     1.000000000000001
0.03246535     1.000000000000000
0.03286615     1.000000000000000
0.03326695     1.000000000000000
0.03366775     1.000000000000001
0.03406855     1.000000000000001
0.03446935     1.000000000000002
0.03487015     1.000000000000001
0.03527095     1.000000000000001
0.03567175     1.000000000000001
0.03607255     1.000000000000000
0.03647335     1.000000000000001
0.03687416     1.000000000000000
0.03727496     0.999999999999999
0.03767576     1.000000000000000
0.03807656     1.000000000000001
0.03847736     1.000000000000001
0.03887816     1.000000000000000
0.03927896     1.000000000000000
0.03967976     1.000000000000000
0.04008056     1.000000000000001
0.04048136     1.000000000000000
0.04088216     1.000000000000000
0.04128296     1.000000000000000
0.04168376     1.000000000000000
0.04208456     1.000000000000001
0.04248536     1.000000000000001
0.04288616     1.000000000000001
0.04328696     1.000000000000001
0.04368777     1.000000000000001
0.04408857     1.000000000000000
0.04448937     1.000000000000000
0.04489017     1.000000000000000
0.04529097     1.000000000000000
0.04569177     1.000000000000001
0.04609257     0.999999999999999
0.04649337     1.000000000000000
0.04689417     1.000000000000000
0.04729497     1.000000000000000
0.04769577     1.000000000000001
0.04809657     1.000000000000000
0.04849737     1.000000000000000
0.04889817     1.000000000000000
0.04929897     1.000000000000000
0.04969977     1.000000000000000
0.05010058     1.000000000000001
0.05050138     1.000000000000001
0.05090218     1.000000000000001
0.05130298     1.000000000000000
0.05170378     1.000000000000000
0.05210458     1.000000000000001
0.05250538     1.000000000000000
0.05290618     1.000000000000000
0.05330698     1.000000000000000
0.05370778     1.000000000000000
0.05410858     1.000000000000000
0.05450938     1.000000000000000
0.05491018     1.000000000000001
0.05531098     1.000000000000000
0.05571178     1.000000000000000
0.05611258     1.000000000000000
0.05651338     1.000000000000001
0.05691419     1.000000000000001
0.05731499     1.000000000000001
0.05771579     1.000000000000002
0.05811659     1.000000000000000
0.05851739     1.000000000000000
0.05891819     1.000000000000000
0.05931899     1.000000000000000
0.05971979     1.000000000000000
0.06012059     1.000000000000000
0.06052139     1.000000000000000
0.06092219     1.000000000000000
0.06132299     1.000000000000001
0.06172379     1.000000000000000
0.06212459     1.000000000000000
0.06252539     1.000000000000001
0.06292619     1.000000000000001
0.06332699     1.000000000000000
0.06372780     1.000000000000000
0.06412860     1.000000000000001
0.06452940     1.000000000000000
0.06493020     1.000000000000001
0.06533100     1.000000000000000
0.06573180     1.000000000000001
0.06613260     1.000000000000001
0.06653340     1.000000000000000
0.06693420     1.000000000000000
0.06733500     1.000000000000001
0.06773580     1.000000000000000
0.06813660     1.000000000000001
0.06853740     1.000000000000000
0.06893820     1.000000000000000
0.06933900     1.000000000000001
0.06973980     1.000000000000001
0.07014061     1.000000000000001
0.07054141     1.000000000000000
0.07094221     1.000000000000001
0.07134301     1.000000000000001
0.07174381     1.000000000000001
0.07214461     0.999999999999999
0.07254541     1.000000000000000
0.07294621     1.000000000000000
0.07334701     1.000000000000001
0.07374781     1.000000000000001
0.07414861     1.000000000000000
0.07454941     1.000000000000001
0.07495021     1.000000000000001
0.07535101     1.000000000000001
0.07575181     1.000000000000000
0.07615261     1.000000000000000
0.07655341     1.000000000000000
0.07695422     1.000000000000001
0.07735502     1.000000000000001
0.07775582     1.000000000000001
0.07815662     1.000000000000000
0.07855742     1.000000000000001
0.07895822     1.000000000000000
0.07935902     1.000000000000000
0.07975982     1.000000000000001
0.08016062     1.000000000000000
0.08056142     1.000000000000001
0.08096222     1.000000000000000
0.08136302     1.000000000000000
0.08176382     1.000000000000000
0.08216462     1.000000000000000
0.08256542     1.000000000000000
0.08296622     1.000000000000000
0.08336703     1.000000000000000
0.08376783     1.000000000000000
0.08416863     1.000000000000000
0.08456943     1.000000000000000
0.08497023     0.999999999999999
0.08537103     1.000000000000000
0.08577183     1.000000000000000
0.08617263     1.000000000000000
0.08657343     1.000000000000001
0.08697423     1.000000000000001
0.08737503     1.000000000000002
0.08777583     1.000000000000000
0.08817663     1.000000000000000
0.08857743     1.000000000000000
0.08897823     1.000000000000001
0.08937903     1.000000000000001
0.08977983     1.000000000000001
0.09018064     1.000000000000000
0.09058144     1.000000000000001
0.09098224     1.000000000000000
0.09138304     1.000000000000000
0.09178384     1.000000000000000
0.09218464     1.000000000000002
0.09258544     1.000000000000001
0.09298624     1.000000000000000
0.09338704     1.000000000000001
0.09378784     1.000000000000000
0.09418864     1.000000000000001
0.09458944     1.000000000000000
0.09499024     1.000000000000001
0.09539104     1.000000000000001
0.09579184     1.000000000000000
0.09619264     1.000000000000000
0.09659344     1.000000000000000
0.09699425     1.000000000000001
0.09739505     1.000000000000000
0.09779585     1.000000000000001
0.09819665     1.000000000000000
0.09859745     1.000000000000002
0.09899825     1.000000000000001
0.09939905     1.000000000000000
0.09979985     1.000000000000000
0.10020065     1.000000000000001
0.10060145     1.000000000000000
0.10100225     1.000000000000000
0.10140305     1.000000000000001
0.10180385     1.000000000000001
0.10220465     1.000000000000000
0.10260545     1.000000000000000
0.10300625     1.000000000000000
0.10340706     1.000000000000001
0.10380786     1.000000000000000
0.10420866     1.000000000000001
0.10460946     1.000000000000000
0.10501026     1.000000000000001
0.10541106     1.000000000000001
0.10581186     1.000000000000001
0.10621266     1.000000000000000
0.10661346     1.000000000000000
0.10701426     1.000000000000000
0.10741506     1.000000000000001
0.10781586     1.000000000000000
0.10821666     1.000000000000000
0.10861746     1.000000000000000
0.10901826     1.000000000000000
0.10941906     1.000000000000000
0.10981986     1.000000000000001
0.11022067     1.000000000000001
0.11062147     1.000000000000001
0.11102227     1.000000000000001
0.11142307     1.000000000000001
0.11182387     1.000000000000000
0.11222467     1.000000000000001
0.11262547     1.000000000000000
0.11302627     1.000000000000000
0.11342707     1.000000000000001
0.11382787     1.000000000000001
0.11422867     1.000000000000000
0.11462947     1.000000000000000
0.11503027     1.000000000000001
0.11543107     1.000000000000001
0.11583187     1.000000000000000
0.11623267     1.000000000000001
0.11663347     1.000000000000000
0.11703428     1.000000000000001
0.11743508     1.000000000000001
0.11783588     1.000000000000001
0.11823668     1.000000000000002
0.11863748     1.000000000000001
0.11903828     1.000000000000000
0.11943908     1.000000000000001
0.11983988     1.000000000000000
0.12024068     1.000000000000000
0.12064148     1.000000000000001
0.12104228     1.000000000000001
0.12144308     1.000000000000000
0.12184388     1.000000000000001
0.12224468     1.000000000000000
0.12264548     1.000000000000000
0.12304628     1.000000000000001
0.12344709     1.000000000000001
0.12384789     1.000000000000000
0.12424869     1.000000000000001
0.12464949     1.000000000000000
0.12505029     1.000000000000001
0.12545109     1.000000000000000
0.12585189     1.000000000000000
0.12625269     1.000000000000000
0.12665349     1.000000000000000
0.12705429     1.000000000000000
0.12745509     1.000000000000001
0.12785589     1.000000000000000
0.12825669     1.000000000000000
0.12865749     1.000000000000001
0.12905829     1.000000000000000
0.12945909     1.000000000000000
0.12985989     1.000000000000000
0.13026070     1.000000000000001
0.13066150     1.000000000000000
0.13106230     1.000000000000000
0.13146310     1.000000000000000
0.13186390     1.000000000000000
0.13226470     1.000000000000000
0.13266550     1.000000000000000
0.13306630     1.000000000000000
0.13346710     1.000000000000000
0.13386790     1.000000000000000
0.13426870     1.000000000000000
0.13466950     1.000000000000001
0.13507030     1.000000000000000
0.13547110     1.000000000000000
0.13587190     1.000000000000001
0.13627270     1.000000000000000
0.13667351     0.999999999999999
0.13707431     1.000000000000000
0.13747511     1.000000000000001
0.13787591     1.000000000000000
0.13827671     1.000000000000000
0.13867751     1.000000000000000
0.13907831     1.000000000000000
0.13947911     1.000000000000000
0.13987991     1.000000000000002
0.14028071     1.000000000000001
0.14068151     1.000000000000000
0.14108231     1.000000000000001
0.14148311     1.000000000000000
0.14188391     1.000000000000001
0.14228471     1.000000000000000
0.14268551     1.000000000000001
0.14308631     1.000000000000001
0.14348712     1.000000000000000
0.14388792     1.000000000000000
0.14428872     1.000000000000001
0.14468952     1.000000000000001
0.14509032     1.000000000000001
0.14549112     1.000000000000000
0.14589192     1.000000000000000
0.14629272     1.000000000000001
0.14669352     1.000000000000000
0.14709432     1.000000000000000
0.14749512     1.000000000000000
0.14789592     1.000000000000000
0.14829672     1.000000000000000
0.14869752     1.000000000000001
0.14909832     1.000000000000000
0.14949912     1.000000000000001
0.14989992     1.000000000000000
0.15030073     1.000000000000000
0.15070153     1.000000000000000
0.15110233     1.000000000000001
0.15150313     1.000000000000002
0.15190393     1.000000000000001
0.15230473     1.000000000000000
0.15270553     1.000000000000001
0.15310633     1.000000000000000
0.15350713     1.000000000000000
0.15390793     1.000000000000000
0.15430873     1.000000000000000
0.15470953     1.000000000000001
0.15511033     1.000000000000001
0.15551113     1.000000000000000
0.15591193     1.000000000000000
0.15631273     1.000000000000000
0.15671354     1.000000000000000
0.15711434     1.000000000000000
0.15751514     1.000000000000001
0.15791594     1.000000000000000
0.15831674     1.000000000000000
0.15871754     1.000000000000000
0.15911834     1.000000000000001
0.15951914     1.000000000000000
0.15991994     1.000000000000000
0.16032074     1.000000000000000
0.16072154     1.000000000000000
0.16112234     1.000000000000000
0.16152314     1.000000000000001
0.16192394     1.000000000000000
0.16232474     1.000000000000000
0.16272554     1.000000000000000
0.16312634     1.000000000000000
0.16352715     1.000000000000000
0.16392795     1.000000000000002
0.16432875     1.000000000000001
0.16472955     1.000000000000000
0.16513035     1.000000000000001
0.16553115     1.000000000000001
0.16593195     1.000000000000000
0.16633275     1.000000000000000
0.16673355     1.000000000000001
0.16713435     1.000000000000000
0.16753515     1.000000000000000
0.16793595     1.000000000000000
0.16833675     1.000000000000001
0.16873755     1.000000000000002
0.16913835     1.000000000000000
0.16953915     1.000000000000001
0.16993995     1.000000000000000
0.17034076     1.000000000000000
0.17074156     1.000000000000000
0.17114236     1.000000000000000
0.17154316     1.000000000000000
0.17194396     1.000000000000000
0.17234476     1.000000000000000
0.17274556     1.000000000000000
0.17314636     1.000000000000001
0.17354716     1.000000000000000
0.17394796     1.000000000000002
0.17434876     1.000000000000001
0.17474956     1.000000000000002
0.17515036     1.000000000000000
0.17555116     1.000000000000000
0.17595196     1.000000000000001
0.17635276     1.000000000000001
0.17675357     1.000000000000000
0.17715437     1.000000000000001
0.17755517     1.000000000000000
0.17795597     1.000000000000000
0.17835677     1.000000000000000
0.17875757     1.000000000000001
0.17915837     1.000000000000002
0.17955917     1.000000000000001
0.17995997     1.000000000000001
0.18036077     1.000000000000000
0.18076157     1.000000000000000
0.18116237     1.000000000000000
0.18156317     1.000000000000001
0.18196397     1.000000000000000
0.18236477     1.000000000000002
0.18276557     1.000000000000001
0.18316637     1.000000000000000
0.18356718     1.000000000000000
0.18396798     1.000000000000000
0.18436878     1.000000000000001
0.18476958     1.000000000000000
0.18517038     1.000000000000000
0.18557118     1.000000000000001
0.18597198     1.000000000000000
0.18637278     1.000000000000000
0.18677358     1.000000000000000
0.18717438     1.000000000000000
0.18757518     1.000000000000000
0.18797598     1.000000000000001
0.18837678     1.000000000000000
0.18877758     1.000000000000001
0.18917838     1.000000000000000
0.18957918     0.999999999999999
0.18997998     1.000000000000000
0.19038079     1.000000000000000
0.19078159     1.000000000000000
0.19118239     1.000000000000000
0.19158319     1.000000000000000
0.19198399     1.000000000000000
0.19238479     1.000000000000002
0.19278559     1.000000000000000
0.19318639     1.000000000000000
0.19358719     1.000000000000000
0.19398799     1.000000000000001
0.19438879     1.000000000000000
0.19478959     1.000000000000001
0.19519039     1.000000000000001
0.19559119     1.000000000000000
0.19599199     1.000000000000000
0.19639279     1.000000000000000
0.19679360     1.000000000000000
0.19719440     1.000000000000001
0.19759520     1.000000000000002
0.19799600     1.000000000000000
0.19839680     1.000000000000000
0.19879760     1.000000000000000
0.19919840     1.000000000000000
0.19959920     1.000000000000000
0.20000000     1.000000000000000
