0.00000050     1.000000000000000
0.00040130     0.999999999998217
0.00080210     0.999999999971546
0.00120290     0.999999999856071
0.00160370     0.999999999545305
0.00200450     0.999999998890190
0.00240530     0.999999997699108
0.00280610     0.999999995737877
0.00320690     0.999999992729765
0.00360771     0.999999988355499
0.00400851     0.999999982253272
0.00440931     0.999999974018754
0.00481011     0.999999963205106
0.00521091     0.999999949322996
0.00561171     0.999999931840607
0.00601251     0.999999910183661
0.00641331     0.999999883735431
0.00681411     0.999999851836766
0.00721491     0.999999813786104
0.00761571     0.999999768839501
0.00801651     0.999999716210647
0.00841731     0.999999655070898
0.00881811     0.999999584549295
0.00921891     0.999999503732593
0.00961971     0.999999411665288
0.01002052     0.999999307349654
0.01042132     0.999999189745763
0.01082212     0.999999057771522
0.01122292     0.999998910302710
0.01162372     0.999998746173006
0.01202452     0.999998564174032
0.01242532     0.999998363055385
0.01282612     0.999998141524677
0.01322692     0.999997898247579
0.01362772     0.999997631847856
0.01402852     0.999997340907416
0.01442932     0.999997023966351
0.01483012     0.999996679522980
0.01523092     0.999996306033902
0.01563172     0.999995901914038
0.01603252     0.999995465536682
0.01643332     0.999994995233556
0.01683413     0.999994489294855
0.01723493     0.999993945969306
0.01763573     0.999993363464220
0.01803653     0.999992739945547
0.01843733     0.999992073537938
0.01883813     0.999991362324799
0.01923893     0.999990604348351
0.01963973     0.999989797609695
0.02004053     0.999988940068873
0.02044133     0.999988029644929
0.02084213     0.999987064215980
0.02124293     0.999986041619279
0.02164373     0.999984959651281
0.02204453     0.999983816067720
0.02244533     0.999982608583668
0.02284613     0.999981334873620
0.02324693     0.999979992571560
0.02364774     0.999978579271033
0.02404854     0.999977092525231
0.02444934     0.999975529847059
0.02485014     0.999973888709222
0.02525094     0.999972166544303
0.02565174     0.999970360744841
0.02605254     0.999968468663419
0.02645334     0.999966487612745
0.02685414     0.999964414865738
0.02725494     0.999962247655616
0.02765574     0.999959983175983
0.02805654     0.999957618580917
0.02845734     0.999955150985067
0.02885814     0.999952577463738
0.02925894     0.999949895052989
0.02965974     0.999947100749726
0.03006055     0.999944191511801
0.03046135     0.999941164258107
0.03086215     0.999938015868677
0.03126295     0.999934743184787
0.03166375     0.999931343009057
0.03206455     0.999927812105552
0.03246535     0.999924147199890
0.03286615     0.999920344979343
0.03326695     0.999916402092952
0.03366775     0.999912315151626
0.03406855     0.999908080728263
0.03446935     0.999903695357851
0.03487015     0.999899155537587
0.03527095     0.999894457726989
0.03567175     0.999889598348015
0.03607255     0.999884573785173
0.03647335     0.999879380385649
0.03687416     0.999874014459413
0.03727496     0.999868472279358
0.03767576     0.999862750081405
0.03807656     0.999856844064639
0.03847736     0.999850750391428
0.03887816     0.999844465187553
0.03927896     0.999837984542334
0.03967976     0.999831304508759
0.04008056     0.999824421103617
0.04048136     0.999817330307631
0.04088216     0.999810028065585
0.04128296     0.999802510286467
0.04168376     0.999794772843603
0.04208456     0.999786811574791
0.04248536     0.999778622282445
0.04288616     0.999770200733732
0.04328696     0.999761542660719
0.04368777     0.999752643760510
0.04408857     0.999743499695395
0.04448937     0.999734106092995
0.04489017     0.999724458546411
0.04529097     0.999714552614370
0.04569177     0.999704383821378
0.04609257     0.999693947657872
0.04649337     0.999683239580370
0.04689417     0.999672255011631
0.04729497     0.999660989340805
0.04769577     0.999649437923598
0.04809657     0.999637596082422
0.04849737     0.999625459106561
0.04889817     0.999613022252335
0.04929897     0.999600280743255
0.04969977     0.999587229770195
0.05010058     0.999573864491555
0.05050138     0.999560180033430
0.05090218     0.999546171489774
0.05130298     0.999531833922578
0.05170378     0.999517162362035
0.05210458     0.999502151806718
0.05250538     0.999486797223750
0.05290618     0.999471093548982
0.05330698     0.999455035687174
0.05370778     0.999438618512167
0.05410858     0.999421836867068
0.05450938     0.999404685564430
0.05491018     0.999387159386436
0.05531098     0.999369253085084
0.05571178     0.999350961382368
0.05611258     0.999332278970475
0.05651338     0.999313200511964
0.05691419     0.999293720639961
0.05731499     0.999273833958352
0.05771579     0.999253535041973
0.05811659     0.999232818436806
0.05851739     0.999211678660174
0.05891819     0.999190110200940
0.05931899     0.999168107519706
0.05971979     0.999145665049011
0.06012059     0.999122777193535
0.06052139     0.999099438330300
0.06092219     0.999075642808876
0.06132299     0.999051384951588
0.06172379     0.999026659053722
0.06212459     0.999001459383734
0.06252539     0.998975780183458
0.06292619     0.998949615668327
0.06332699     0.998922960027571
0.06372780     0.998895807424448
0.06412860     0.998868151996446
0.06452940     0.998839987855511
0.06493020     0.998811309088258
0.06533100     0.998782109756197
0.06573180     0.998752383895954
0.06613260     0.998722125519491
0.06653340     0.998691328614333
0.06693420     0.998659987143794
0.06733500     0.998628095047204
0.06773580     0.998595646240140
0.06813660     0.998562634614652
0.06853740     0.998529054039498
0.06893820     0.998494898360379
0.06933900     0.998460161400169
0.06973980     0.998424836959154
0.07014061     0.998388918815269
0.07054141     0.998352400724337
0.07094221     0.998315276420308
0.07134301     0.998277539615505
0.07174381     0.998239184000862
0.07214461     0.998200203246172
0.07254541     0.998160591000331
0.07294621     0.998120340891585
0.07334701     0.998079446527783
0.07374781     0.998037901496625
0.07414861     0.997995699365911
0.07454941     0.997952833683796
0.07495021     0.997909297979048
0.07535101     0.997865085761298
0.07575181     0.997820190521301
0.07615261     0.997774605731194
0.07655341     0.997728324844757
0.07695422     0.997681341297672
0.07735502     0.997633648507789
0.07775582     0.997585239875388
0.07815662     0.997536108783446
0.07855742     0.997486248597904
0.07895822     0.997435652667934
0.07935902     0.997384314326212
0.07975982     0.997332226889187
0.08016062     0.997279383657353
0.08056142     0.997225777915524
0.08096222     0.997171402933112
0.08136302     0.997116251964401
0.08176382     0.997060318248822
0.08216462     0.997003595011240
0.08256542     0.996946075462229
0.08296622     0.996887752798358
0.08336703     0.996828620202472
0.08376783     0.996768670843976
0.08416863     0.996707897879126
0.08456943     0.996646294451313
0.08497023     0.996583853691351
0.08537103     0.996520568717774
0.08577183     0.996456432637118
0.08617263     0.996391438544221
0.08657343     0.996325579522516
0.08697423     0.996258848644325
0.08737503     0.996191238971158
0.08777583     0.996122743554010
0.08817663     0.996053355433660
0.08857743     0.995983067640976
0.08897823     0.995911873197211
0.08937903     0.995839765114312
0.08977983     0.995766736395222
0.09018064     0.995692780034187
0.09058144     0.995617889017064
0.09098224     0.995542056321627
0.09138304     0.995465274917882
0.09178384     0.995387537768374
0.09218464     0.995308837828501
0.09258544     0.995229168046828
0.09298624     0.995148521365400
0.09338704     0.995066890720064
0.09378784     0.994984269040779
0.09418864     0.994900649251940
0.09458944     0.994816024272697
0.09499024     0.994730387017276
0.09539104     0.994643730395299
0.09579184     0.994556047312113
0.09619264     0.994467330669112
0.09659344     0.994377573364059
0.09699425     0.994286768291424
0.09739505     0.994194908342699
0.09779585     0.994101986406740
0.09819665     0.994007995370091
0.09859745     0.993912928117318
0.09899825     0.993816777531340
0.09939905     0.993719536493768
0.09979985     0.993621197885235
0.10020065     0.993521754585738
0.10060145     0.993421199474973
0.10100225     0.993319525432673
0.10140305     0.993216725338951
0.10180385     0.993112792074639
0.10220465     0.993007718521630
0.10260545     0.992901497563225
0.10300625     0.992794122084472
0.10340706     0.992685584972514
0.10380786     0.992575879116940
0.10420866     0.992464997410127
0.10460946     0.992352932747589
0.10501026     0.992239678028329
0.10541106     0.992125226155192
0.10581186     0.992009570035211
0.10621266     0.991892702579965
0.10661346     0.991774616705931
0.10701426     0.991655305334839
0.10741506     0.991534761394027
0.10781586     0.991412977816803
0.10821666     0.991289947542794
0.10861746     0.991165663518313
0.10901826     0.991040118696715
0.10941906     0.990913306038758
0.10981986     0.990785218512968
0.11022067     0.990655849095996
0.11062147     0.990525190772985
0.11102227     0.990393236537937
0.11142307     0.990259979394072
0.11182387     0.990125412354201
0.11222467     0.989989528441086
0.11262547     0.989852320687818
0.11302627     0.989713782138176
0.11342707     0.989573905847001
0.11382787     0.989432684880566
0.11422867     0.989290112316951
0.11462947     0.989146181246409
0.11503027     0.989000884771742
0.11543107     0.988854216008677
0.11583187     0.988706168086237
0.11623267     0.988556734147117
0.11663347     0.988405907348062
0.11703428     0.988253680860244
0.11743508     0.988100047869633
0.11783588     0.987945001577389
0.11823668     0.987788535200224
0.11863748     0.987630641970796
0.11903828     0.987471315138081
0.11943908     0.987310547967756
0.11983988     0.987148333742583
0.12024068     0.986984665762790
0.12064148     0.986819537346449
0.12104228     0.986652941829869
0.12144308     0.986484872567973
0.12184388     0.986315322934684
0.12224468     0.986144286323313
0.12264548     0.985971756146941
0.12304628     0.985797725838808
0.12344709     0.985622188852697
0.12384789     0.985445138663329
0.12424869     0.985266568766740
0.12464949     0.985086472680676
0.12505029     0.984904843944981
0.12545109     0.984721676121987
0.12585189     0.984536962796902
0.12625269     0.984350697578198
0.12665349     0.984162874098009
0.12705429     0.983973486012513
0.12745509     0.983782527002330
0.12785589     0.983589990772910
0.12825669     0.983395871054927
0.12865749     0.983200161604668
0.12905829     0.983002856204433
0.12945909     0.982803948662916
0.12985989     0.982603432815612
0.13026070     0.982401302525200
0.13066150     0.982197551681940
0.13106230     0.981992174204067
0.13146310     0.981785164038189
0.13186390     0.981576515159672
0.13226470     0.981366221573045
0.13266550     0.981154277312385
0.13306630     0.980940676441720
0.13346710     0.980725413055418
0.13386790     0.980508481278586
0.13426870     0.980289875267460
0.13466950     0.980069589209806
0.13507030     0.979847617325312
0.13547110     0.979623953865982
0.13587190     0.979398593116534
0.13627270     0.979171529394793
0.13667351     0.978942757052086
0.13707431     0.978712270473640
0.13747511     0.978480064078973
0.13787591     0.978246132322290
0.13827671     0.978010469692882
0.13867751     0.977773070715512
0.13907831     0.977533929950817
0.13947911     0.977293041995698
0.13987991     0.977050401483720
0.14028071     0.976806003085497
0.14068151     0.976559841509091
0.14108231     0.976311911500406
0.14148311     0.976062207843579
0.14188391     0.975810725361371
0.14228471     0.975557458915564
0.14268551     0.975302403407352
0.14308631     0.975045553777728
0.14348712     0.974786905007880
0.14388792     0.974526452119583
0.14428872     0.974264190175584
0.14468952     0.974000114279997
0.14509032     0.973734219578690
0.14549112     0.973466501259674
0.14589192     0.973196954553494
0.14629272     0.972925574733612
0.14669352     0.972652357116802
0.14709432     0.972377297063527
0.14749512     0.972100389978334
0.14789592     0.971821631310234
0.14829672     0.971541016553089
0.14869752     0.971258541245997
0.14909832     0.970974200973672
0.14949912     0.970687991366830
0.14989992     0.970399908102569
0.15030073     0.970109946904753
0.15070153     0.969818103544386
0.15110233     0.969524373840000
0.15150313     0.969228753658024
0.15190393     0.968931238913172
0.15230473     0.968631825568811
0.15270553     0.968330509637342
0.15310633     0.968027287180572
0.15350713     0.967722154310089
0.15390793     0.967415107187635
0.15430873     0.967106142025479
0.15470953     0.966795255086783
0.15511033     0.966482442685979
0.15551113     0.966167701189129
0.15591193     0.965851027014299
0.15631273     0.965532416631923
0.15671354     0.965211866565166
0.15711434     0.964889373390291
0.15751514     0.964564933737017
0.15791594     0.964238544288884
0.15831674     0.963910201783614
0.15871754     0.963579903013463
0.15911834     0.963247644825585
0.15951914     0.962913424122381
0.15991994     0.962577237861861
0.16032074     0.962239083057989
0.16072154     0.961898956781042
0.16112234     0.961556856157948
0.16152314     0.961212778372651
0.16192394     0.960866720666439
0.16232474     0.960518680338307
0.16272554     0.960168654745285
0.16312634     0.959816641302789
0.16352715     0.959462637484957
0.16392795     0.959106640824989
0.16432875     0.958748648915482
0.16472955     0.958388659408767
0.16513035     0.958026670017240
0.16553115     0.957662678513691
0.16593195     0.957296682731639
0.16633275     0.956928680565653
0.16673355     0.956558669971679
0.16713435     0.956186648967369
0.16753515     0.955812615632394
0.16793595     0.955436568108766
0.16833675     0.955058504601156
0.16873755     0.954678423377212
0.16913835     0.954296322767865
0.16953915     0.953912201167646
0.16993995     0.953526057034991
0.17034076     0.953137888892550
0.17074156     0.952747695327486
0.17114236     0.952355474991784
0.17154316     0.951961226602546
0.17194396     0.951564948942287
0.17234476     0.951166640859232
0.17274556     0.950766301267609
0.17314636     0.950363929147936
0.17354716     0.949959523547312
0.17394796     0.949553083579695
0.17434876     0.949144608426194
0.17474956     0.948734097335340
0.17515036     0.948321549623368
0.17555116     0.947906964674488
0.17595196     0.947490341941159
0.17635276     0.947071680944357
0.17675357     0.946650981273841
0.17715437     0.946228242588419
0.17755517     0.945803464616200
0.17795597     0.945376647154865
0.17835677     0.944947790071908
0.17875757     0.944516893304898
0.17915837     0.944083956861721
0.17955917     0.943648980820832
0.17995997     0.943211965331491
0.18036077     0.942772910614007
0.18076157     0.942331816959974
0.18116237     0.941888684732505
0.18156317     0.941443514366457
0.18196397     0.940996306368667
0.18236477     0.940547061318169
0.18276557     0.940095779866413
0.18316637     0.939642462737490
0.18356718     0.939187110728338
0.18396798     0.938729724708957
0.18436878     0.938270305622614
0.18476958     0.937808854486044
0.18517038     0.937345372389657
0.18557118     0.936879860497727
0.18597198     0.936412320048586
0.18637278     0.935942752354819
0.18677358     0.935471158803443
0.18717438     0.934997540856090
0.18757518     0.934521900049189
0.18797598     0.934044237994135
0.18837678     0.933564556377465
0.18877758     0.933082856961015
0.18917838     0.932599141582099
0.18957918     0.932113412153649
0.18997998     0.931625670664387
0.19038079     0.931135919178962
0.19078159     0.930644159838108
0.19118239     0.930150394858778
0.19158319     0.929654626534289
0.19198399     0.929156857234453
0.19238479     0.928657089405711
0.19278559     0.928155325571254
0.19318639     0.927651568331150
0.19358719     0.927145820362459
0.19398799     0.926638084419345
0.19438879     0.926128363333192
0.19478959     0.925616660012699
0.19519039     0.925102977443988
0.19559119     0.924587318690695
0.19599199     0.924069686894063
0.19639279     0.923550085273029
0.19679360     0.923028517124304
0.19719440     0.922504985822456
0.19759520     0.921979494819975
0.19799600     0.921452047647346
0.19839680     0.920922647913114
0.19879760     0.920391299303936
0.19919840     0.919858005584641
0.19959920     0.919322770598279
0.20000000     0.918785598266160
