-50.00000000     0.999865426993000
-49.80468750     0.999874215415000
-49.60937500     0.999843812567000
-49.41406250     0.999809067566000
-49.21875000     0.999893667943000
-49.02343750     0.999813711322000
-48.82812500     1.000145215300000
-48.63281250     0.999576298964000
-48.43750000     0.999739039380000
-48.24218750     1.000039690550000
-48.04687500     0.999518167874000
-47.85156250     0.999814955179000
-47.65625000     0.999882681941000
-47.46093750     0.999951137366000
-47.26562500     0.999931233713000
-47.07031250     0.999912076150000
-46.87500000     0.999897255845000
-46.67968750     0.999888584574000
-46.48437500     0.999887107382000
-46.28906250     0.999892978437000
-46.09375000     0.999905446030000
-45.89843750     0.999922951809000
-45.70312500     0.999943331034000
-45.50781250     0.999964087058000
-45.31250000     0.999982703843000
-45.11718750     0.999996956262000
-44.92187500     1.000005179240000
-44.72656250     1.000006462920000
-44.53125000     1.000000750880000
-44.33593750     0.999988831080000
-44.14062500     0.999972222605000
-43.94531250     0.999952974401000
-43.75000000     0.999933403262000
-43.55468750     0.999915805503000
-43.35937500     0.999902179539000
-43.16406250     0.999893994213000
-42.96875000     0.999892030749000
-42.77343750     0.999896315561000
-42.57812500     0.999906148645000
-42.38281250     0.999920219493000
-42.18750000     0.999936791483000
-41.99218750     0.999953927755000
-41.79687500     0.999969727741000
-41.60156250     0.999982544118000
-41.40625000     0.999991154520000
-41.21093750     0.999994870189000
-41.01562500     0.999993573305000
-40.82031250     0.999987684796000
-40.62500000     0.999978073252000
-40.42968750     0.999965922191000
-40.23437500     0.999952576394000
-40.03906250     0.999939388249000
-39.84375000     0.999927582215000
-39.64843750     0.999918150511000
-39.45312500     0.999911786866000
-39.25781250     0.999908858976000
-39.06250000     0.999909415062000
-38.86718750     0.999913216517000
-38.67187500     0.999919787263000
-38.47656250     0.999928471166000
-38.28125000     0.999938490966000
-38.08593750     0.999949005097000
-37.89062500     0.999959161451000
-37.69531250     0.999968148995000
-37.50000000     0.999975248536000
-37.30468750     0.999979882950000
-37.10937500     0.999981665054000
-36.91406250     0.999980438771000
-36.71875000     0.999976307157000
-36.52343750     0.999969640015000
-36.32812500     0.999961054857000
-36.13281250     0.999951367923000
-35.93750000     0.999941516621000
-35.74218750     0.999932460098000
-35.54687500     0.999925069760000
-35.35156250     0.999920025065000
-35.15625000     0.999917730923000
-34.96093750     0.999918270922000
-34.76562500     0.999921405526000
-34.57031250     0.999926617006000
-34.37500000     0.999933194579000
-34.17968750     0.999940345597000
-33.98437500     0.999947313380000
-33.78906250     0.999953480613000
-33.59375000     0.999958439770000
-33.39843750     0.999962018530000
-33.20312500     0.999964257359000
-33.00781250     0.999965346591000
-32.81250000     0.999965539170000
-32.61718750     0.999965060750000
-32.42187500     0.999964039587000
-32.22656250     0.999962474215000
-32.03125000     0.999960248021000
-31.83593750     0.999957188295000
-31.64062500     0.999953155716000
-31.44531250     0.999948141343000
-31.25000000     0.999942344231000
-31.05468750     0.999936205248000
-30.85937500     0.999930381339000
-30.66406250     0.999925657785000
-30.46875000     0.999922811215000
-30.27343750     0.999922449609000
-30.07812500     0.999924864022000
-29.88281250     0.999929927708000
-29.68750000     0.999937070944000
-29.49218750     0.999945345116000
-29.29687500     0.999953570450000
-29.10156250     0.999960542327000
-28.90625000     0.999965255942000
-28.71093750     0.999967102057000
-28.51562500     0.999965990064000
-28.32031250     0.999962368307000
-28.12500000     0.999957133131000
-27.92968750     0.999951442797000
-27.73437500     0.999946474480000
-27.53906250     0.999943176831000
-27.34375000     0.999942073112000
-27.14843750     0.999943159691000
-26.95312500     0.999945923567000
-26.75781250     0.999949475278000
-26.56250000     0.999952766359000
-26.36718750     0.999954840174000
-26.17187500     0.999955056538000
-25.97656250     0.999953236588000
-25.78125000     0.999949693678000
-25.58593750     0.999945144173000
-25.39062500     0.999940521882000
-25.19531250     0.999936744042000
-25.00000000     0.999934488767000
-24.80468750     0.999934040564000
-24.60937500     0.999935242452000
-24.41406250     0.999937565014000
-24.21875000     0.999940271793000
-24.02343750     0.999942634904000
-23.82812500     0.999944141677000
-23.63281250     0.999944636009000
-23.43750000     0.999944356347000
-23.24218750     0.999943860759000
-23.04687500     0.999943860590000
-22.85156250     0.999945009084000
-22.65625000     0.999947703155000
-22.46093750     0.999951952035000
-22.26562500     0.999957347267000
-22.07031250     0.999963140091000
-21.87500000     0.999968403063000
-21.67968750     0.999972230983000
-21.48437500     0.999973928059000
-21.28906250     0.999973135388000
-21.09375000     0.999969872572000
-20.89843750     0.999964493031000
-20.70312500     0.999957576171000
-20.50781250     0.999949794051000
-20.31250000     0.999941791749000
-20.11718750     0.999934109916000
-19.92187500     0.999927159766000
-19.72656250     0.999921241752000
-19.53125000     0.999916586194000
-19.33593750     0.999913390920000
-19.14062500     0.999911837773000
-18.94531250     0.999912082652000
-18.75000000     0.999914226926000
-18.55468750     0.999918285800000
-18.35937500     0.999924168741000
-18.16406250     0.999931679207000
-17.96875000     0.999940529919000
-17.77343750     0.999950361606000
-17.57812500     0.999960752032000
-17.38281250     0.999971209421000
-17.18750000     0.999981156921000
-16.99218750     0.999989926311000
-16.79687500     0.999996783017000
-16.60156250     1.000000996890000
-16.40625000     1.000001955260000
-16.21093750     0.999999293445000
-16.01562500     0.999993002043000
-15.82031250     0.999983469524000
-15.62500000     0.999971434962000
-15.42968750     0.999957855760000
-15.23437500     0.999943727498000
-15.03906250     0.999929914080000
-14.84375000     0.999917045732000
-14.64843750     0.999905518066000
-14.45312500     0.999895585453000
-14.25781250     0.999887502199000
-14.06250000     0.999881642740000
-13.86718750     0.999878538191000
-13.67187500     0.999878800428000
-13.47656250     0.999882953229000
-13.28125000     0.999891232453000
-13.08593750     0.999903434780000
-12.89062500     0.999918878463000
-12.69531250     0.999936496002000
-12.50000000     0.999955026300000
-12.30468750     0.999973235795000
-12.10937500     0.999990090981000
-11.91406250     1.000004831090000
-11.71875000     1.000016936180000
-11.52343750     1.000026030660000
-11.32812500     1.000031784260000
-11.13281250     1.000033864430000
-10.93750000     1.000031961810000
-10.74218750     1.000025872600000
-10.54687500     1.000015597390000
-10.35156250     1.000001414060000
-10.15625000     0.999983899846000
-9.96093750     0.999963901158000
-9.76562500     0.999942465685000
-9.57031250     0.999920754333000
-9.37500000     0.999899945460000
-9.17968750     0.999881139645000
-8.98437500     0.999865275673000
-8.78906250     0.999853074180000
-8.59375000     0.999845024852000
-8.39843750     0.999841419482000
-8.20312500     0.999842410187000
-8.00781250     0.999848054252000
-7.81250000     0.999858309973000
-7.61718750     0.999872975598000
-7.42187500     0.999891601844000
-7.22656250     0.999913433055000
-7.03125000     0.999937424053000
-6.83593750     0.999962341479000
-6.64062500     0.999986913033000
-6.44531250     1.000009964520000
-6.25000000     1.000030496870000
-6.05468750     1.000047693100000
-5.85937500     1.000060882500000
-5.66406250     1.000069504430000
-5.46875000     1.000073103580000
-5.27343750     1.000071364820000
-5.07812500     1.000064174480000
-4.88281250     1.000051682960000
-4.68750000     1.000034340990000
-4.49218750     1.000012888100000
-4.29687500     0.999988288883000
-4.10156250     0.999961635480000
-3.90625000     0.999934052481000
-3.71093750     0.999906637270000
-3.51562500     0.999880445216000
-3.32031250     0.999856499689000
-3.12500000     0.999835792652000
-2.92968750     0.999819250821000
-2.73437500     0.999807667198000
-2.53906250     0.999801621550000
-2.34375000     0.999801422556000
-2.14843750     0.999807094104000
-1.95312500     0.999818404855000
-1.75781250     0.999834918195000
-1.56250000     0.999856033307000
-1.36718750     0.999881001306000
-1.17187500     0.999908923404000
-0.97656250     0.999938754535000
-0.78125000     0.999969334425000
-0.58593750     0.999999450183000
-0.39062500     1.000027912970000
-0.19531250     1.000053622310000
0.00000000     1.000075602450000
0.19531250     1.000093016910000
0.39062500     1.000105181460000
0.58593750     1.000111589460000
0.78125000     1.000111945140000
0.97656250     1.000106187690000
1.17187500     1.000094494310000
1.36718750     1.000077264860000
1.56250000     1.000055099460000
1.75781250     1.000028775290000
1.95312500     0.999999219799000
2.14843750     0.999967475639000
2.34375000     0.999934659492000
2.53906250     0.999901922987000
2.73437500     0.999870419513000
2.92968750     0.999841270748000
3.12500000     0.999815523655000
3.32031250     0.999794098967000
3.51562500     0.999777746263000
3.71093750     0.999767022418000
3.90625000     0.999762294713000
4.10156250     0.999763751100000
4.29687500     0.999771396785000
4.49218750     0.999785032787000
4.68750000     0.999804233909000
4.88281250     0.999828351398000
5.07812500     0.999856552542000
5.27343750     0.999887885395000
5.46875000     0.999921339970000
5.66406250     0.999955881120000
5.85937500     0.999990450765000
6.05468750     1.000023960470000
6.25000000     1.000055302460000
6.44531250     1.000083396300000
6.64062500     1.000107267380000
6.83593750     1.000126130330000
7.03125000     1.000139436610000
7.22656250     1.000146860250000
7.42187500     1.000148239030000
7.61718750     1.000143524100000
7.81250000     1.000132780440000
8.00781250     1.000116231490000
8.20312500     1.000094305050000
8.39843750     1.000067646910000
8.59375000     1.000037101560000
8.78906250     1.000003673180000
8.98437500     0.999968466882000
9.17968750     0.999932603271000
9.37500000     0.999897122786000
9.57031250     0.999862928633000
9.76562500     0.999830812360000
9.96093750     0.999801550411000
10.15625000     0.999775994664000
10.35156250     0.999755066906000
10.54687500     0.999739628511000
10.74218750     0.999730289756000
10.93750000     0.999727275342000
11.13281250     0.999730431498000
11.32812500     0.999739367746000
11.52343750     0.999753640662000
11.71875000     0.999772867393000
11.91406250     0.999796711979000
12.10937500     0.999824773725000
12.30468750     0.999856464020000
12.50000000     0.999890952935000
12.69531250     0.999927212385000
12.89062500     0.999964121681000
13.08593750     1.000000574220000
13.28125000     1.000035541590000
13.47656250     1.000068092520000
13.67187500     1.000097395640000
13.86718750     1.000122735780000
14.06250000     1.000143547740000
14.25781250     1.000159443050000
14.45312500     1.000170198130000
14.64843750     1.000175693680000
14.84375000     1.000175831850000
15.03906250     1.000170482890000
15.23437500     1.000159507850000
15.42968750     1.000142866120000
15.62500000     1.000120766670000
15.82031250     1.000093787360000
16.01562500     1.000062890110000
16.21093750     1.000029301870000
16.40625000     0.999994294159000
16.60156250     0.999958945357000
16.79687500     0.999923985367000
16.99218750     0.999889790685000
17.18750000     0.999856534268000
17.38281250     0.999824426130000
17.57812500     0.999793938802000
17.77343750     0.999765915181000
17.96875000     0.999741503734000
18.16406250     0.999721937186000
18.35937500     0.999708235674000
18.55468750     0.999700947167000
18.75000000     0.999700024378000
18.94531250     0.999704884811000
19.14062500     0.999714630713000
19.33593750     0.999728346216000
19.53125000     0.999745362314000
19.72656250     0.999765395358000
19.92187500     0.999788514146000
20.11718750     0.999814954580000
20.31250000     0.999844855270000
20.50781250     0.999878013082000
20.70312500     0.999913746994000
20.89843750     0.999950917451000
21.09375000     0.999988093116000
21.28906250     1.000023807370000
21.48437500     1.000056819960000
21.67968750     1.000086302120000
21.87500000     1.000111893520000
22.07031250     1.000133624210000
22.26562500     1.000151738100000
22.46093750     1.000166483170000
22.65625000     1.000177938060000
22.85156250     1.000185927430000
23.04687500     1.000190045160000
23.24218750     1.000189769260000
23.43750000     1.000184624970000
23.63281250     1.000174341930000
23.82812500     1.000158958620000
24.02343750     1.000138848040000
24.21875000     1.000114665140000
24.41406250     1.000087239510000
24.60937500     1.000057449480000
24.80468750     1.000026113920000
25.00000000     0.999993926754000
25.19531250     0.999961441869000
25.39062500     0.999929099490000
25.58593750     0.999897274084000
25.78125000     0.999866321341000
25.97656250     0.999836607520000
26.17187500     0.999808514962000
26.36718750     0.999782428530000
26.56250000     0.999758714938000
26.75781250     0.999737708039000
26.95312500     0.999719708320000
27.14843750     0.999704996351000
27.34375000     0.999693851498000
27.53906250     0.999686562300000
27.73437500     0.999683415747000
27.92968750     0.999684659327000
28.12500000     0.999690440083000
28.32031250     0.999700735416000
28.51562500     0.999715297269000
28.71093750     0.999733631718000
28.90625000     0.999755029036000
29.10156250     0.999778646456000
29.29687500     0.999803630544000
29.49218750     0.999829252749000
29.68750000     0.999855024519000
29.88281250     0.999880759941000
30.07812500     0.999906564542000
30.27343750     0.999932746380000
30.46875000     0.999959665599000
30.66406250     0.999987555968000
30.85937500     1.000016361920000
31.05468750     1.000045634040000
31.25000000     1.000074514630000
31.44531250     1.000101824800000
31.64062500     1.000126240750000
31.83593750     1.000146524200000
32.03125000     1.000161757160000
32.22656250     1.000171527200000
32.42187500     1.000176017680000
32.61718750     1.000175977690000
32.81250000     1.000172571930000
33.00781250     1.000167138580000
33.20312500     1.000160904610000
33.39843750     1.000154719370000
33.59375000     1.000148865470000
33.78906250     1.000142990690000
33.98437500     1.000136179970000
34.17968750     1.000127156490000
34.37500000     1.000114572950000
34.57031250     1.000097333820000
34.76562500     1.000074880990000
34.96093750     1.000047381550000
35.15625000     1.000015775070000
35.35156250     0.999981666112000
35.54687500     0.999947079136000
35.74218750     0.999914121433000
35.93750000     0.999884619069000
36.13281250     0.999859797433000
36.32812500     0.999840070184000
36.52343750     0.999824979877000
36.71875000     0.999813304425000
36.91406250     0.999803311346000
37.10937500     0.999793112965000
37.30468750     0.999781055724000
37.50000000     0.999766069581000
37.69531250     0.999747910372000
37.89062500     0.999727247748000
38.08593750     0.999705580031000
38.28125000     0.999684989650000
38.47656250     0.999667782573000
38.67187500     0.999656076845000
38.86718750     0.999651414993000
39.06250000     0.999654471040000
39.25781250     0.999664906044000
39.45312500     0.999681399563000
39.64843750     0.999701853169000
39.84375000     0.999723731570000
40.03906250     0.999744482538000
40.23437500     0.999761962879000
40.42968750     0.999774796497000
40.62500000     0.999782602314000
40.82031250     0.999786052330000
41.01562500     0.999786749326000
41.21093750     0.999786944598000
41.40625000     0.999789143262000
41.60156250     0.999795663524000
41.79687500     0.999808223815000
41.99218750     0.999827626730000
42.18750000     0.999853592395000
42.38281250     0.999884769068000
42.57812500     0.999918919628000
42.77343750     0.999953253961000
42.96875000     0.999984853728000
43.16406250     1.000011121290000
43.35937500     1.000030180980000
43.55468750     1.000041168750000
43.75000000     1.000044364490000
43.94531250     1.000041146330000
44.14062500     1.000033774390000
44.33593750     1.000025038360000
44.53125000     1.000017823740000
44.72656250     1.000014664170000
44.92187500     1.000017348250000
45.11718750     1.000026640610000
45.31250000     1.000042158910000
45.50781250     1.000062424570000
45.70312500     1.000085078730000
45.89843750     1.000107230600000
46.09375000     1.000125885590000
46.28906250     1.000138389760000
46.48437500     1.000142824910000
46.67968750     1.000138296750000
46.87500000     1.000125074620000
47.07031250     1.000104563440000
47.26562500     1.000079112930000
47.46093750     1.000051692640000
47.65625000     1.000025480060000
47.85156250     1.000003420860000
48.04687500     0.999987823324000
48.24218750     0.999980043479000
48.43750000     0.999980303741000
48.63281250     0.999987669029000
48.82812500     1.000000182140000
49.02343750     1.000015138360000
49.21875000     1.000029460690000
49.41406250     1.000040123660000
49.60937500     1.000044568120000
49.80468750     1.000041051080000
50.00000000     1.000028884330000
50.19531250     1.000008531100000
50.39062500     0.999981549225000
50.58593750     0.999950390207000
50.78125000     0.999918081982000
50.97656250     0.999887838372000
51.17187500     0.999862646786000
51.36718750     0.999844887676000
51.56250000     0.999836034218000
51.75781250     0.999836469500000
51.95312500     0.999845442986000
52.14843750     0.999861170011000
52.34375000     0.999881060095000
52.53906250     0.999902043963000
52.73437500     0.999920957378000
52.92968750     0.999934933492000
53.12500000     0.999941755136000
53.32031250     0.999940124185000
53.51562500     0.999929816042000
53.71093750     0.999911701905000
53.90625000     0.999887637947000
54.10156250     0.999860236690000
54.29687500     0.999832549829000
54.49218750     0.999807701751000
54.68750000     0.999788518074000
54.88281250     0.999777193193000
55.07812500     0.999775035245000
55.27343750     0.999782317099000
55.46875000     0.999798249031000
55.66406250     0.999821074404000
55.85937500     0.999848275518000
56.05468750     0.999876864423000
56.25000000     0.999903724293000
56.44531250     0.999925961833000
56.64062500     0.999941230649000
56.83593750     0.999947989540000
57.03125000     0.999945667684000
57.22656250     0.999934719676000
57.42187500     0.999916566088000
57.61718750     0.999893428053000
57.81250000     0.999868075956000
58.00781250     0.999843521335000
58.20312500     0.999822686618000
58.39843750     0.999808088930000
58.59375000     0.999801571789000
58.78906250     0.999804112567000
58.98437500     0.999815724844000
59.17968750     0.999835464285000
59.37500000     0.999861535581000
59.57031250     0.999891487425000
59.76562500     0.999922473608000
59.96093750     0.999951551871000
60.15625000     0.999975988841000
60.35156250     0.999993539344000
60.54687500     1.000002671770000
60.74218750     1.000002717240000
60.93750000     0.999993928704000
61.13281250     0.999977445631000
61.32812500     0.999955169659000
61.52343750     0.999929565543000
61.71875000     0.999903408877000
61.91406250     0.999879506891000
62.10937500     0.999860420588000
62.30468750     0.999848215613000
62.50000000     0.999844265676000
62.69531250     0.999849126590000
62.89062500     0.999862491673000
63.08593750     0.999883231118000
63.28125000     0.999909509852000
63.47656250     0.999938971014000
63.67187500     0.999968966274000
63.86718750     0.999996810181000
64.06250000     1.000020034010000
64.25781250     1.000036615130000
64.45312500     1.000045160890000
64.64843750     1.000045030590000
64.84375000     1.000036385570000
65.03906250     1.000020164150000
65.23437500     0.999997985514000
65.42968750     0.999971992845000
65.62500000     0.999944651513000
65.82031250     0.999918521765000
66.01562500     0.999896027067000
66.21093750     0.999879239057000
66.40625000     0.999869697958000
66.60156250     0.999868283588000
66.79687500     0.999875147160000
66.99218750     0.999889708457000
67.18750000     0.999910717110000
67.38281250     0.999936371152000
67.57812500     0.999964481270000
67.77343750     0.999992665503000
67.96875000     1.000018556920000
68.16406250     1.000040006120000
68.35937500     1.000055261380000
68.55468750     1.000063111470000
68.75000000     1.000062979950000
68.94531250     1.000054963960000
69.14062500     1.000039815740000
69.33593750     1.000018869570000
69.53125000     0.999993921952000
69.72656250     0.999967075802000
69.92187500     0.999940562857000
70.11718750     0.999916559229000
70.31250000     0.999897009498000
70.50781250     0.999883473391000
70.70312500     0.999877006839000
70.89843750     0.999878086053000
71.09375000     0.999886579557000
71.28906250     0.999901769121000
71.48437500     0.999922416686000
71.67968750     0.999946870788000
71.87500000     0.999973203136000
72.07031250     0.999999363870000
72.26562500     1.000023342930000
72.46093750     1.000043324810000
72.65625000     1.000057824950000
72.85156250     1.000065797530000
73.04687500     1.000066707360000
73.24218750     1.000060561070000
73.43750000     1.000047896480000
73.63281250     1.000029731990000
73.82812500     1.000007481060000
74.02343750     0.999982839142000
74.21875000     0.999957652337000
74.41406250     0.999933778171000
74.60937500     0.999912948952000
74.80468750     0.999896647744000
75.00000000     0.999886005636000
75.19531250     0.999881727146000
75.39062500     0.999884048298000
75.58593750     0.999892729422000
75.78125000     0.999907082144000
75.97656250     0.999926027639000
76.17187500     0.999948181083000
76.36718750     0.999971955566000
76.56250000     0.999995677584000
76.75781250     1.000017705650000
76.95312500     1.000036543640000
77.14843750     1.000050941130000
77.34375000     1.000059974110000
77.53906250     1.000063101080000
77.73437500     1.000060191430000
77.92968750     1.000051524960000
78.12500000     1.000037763500000
78.32031250     1.000019897520000
78.51562500     0.999999172023000
78.71093750     0.999976997556000
78.90625000     0.999954852737000
79.10156250     0.999934185087000
79.29687500     0.999916316835000
79.49218750     0.999902361721000
79.68750000     0.999893157872000
79.88281250     0.999889220573000
80.07812500     0.999890717303000
80.27343750     0.999897465865000
80.46875000     0.999908954934000
80.66406250     0.999924384942000
80.85937500     0.999942725972000
81.05468750     0.999962788451000
81.25000000     0.999983301690000
81.44531250     1.000002995110000
81.64062500     1.000020676920000
81.83593750     1.000035305520000
82.03125000     1.000046049290000
82.22656250     1.000052331620000
82.42187500     1.000053858830000
82.61718750     1.000050629960000
82.81250000     1.000042928450000
83.00781250     1.000031296840000
83.20312500     1.000016496890000
83.39843750     0.999999457823000
83.59375000     0.999981216452000
83.78906250     0.999962853058000
83.98437500     0.999945426970000
84.17968750     0.999929915694000
84.37500000     0.999917161024000
84.57031250     0.999907824990000
84.76562500     0.999902357786000
84.96093750     0.999900979046000
85.15625000     0.999903672958000
85.35156250     0.999910196926000
85.54687500     0.999920102706000
85.74218750     0.999932768276000
85.93750000     0.999947438209000
86.13281250     0.999963269888000
86.32812500     0.999979382744000
86.52343750     0.999994907643000
86.71875000     1.000009033660000
86.91406250     1.000021049790000
87.10937500     1.000030379500000
87.30468750     1.000036606600000
87.50000000     1.000039491340000
87.69531250     1.000038976360000
87.89062500     1.000035182710000
88.08593750     1.000028396470000
88.28125000     1.000019047320000
88.47656250     1.000007680530000
88.67187500     0.999994924154000
88.86718750     0.999981453507000
89.06250000     0.999967954855000
89.25781250     0.999955090312000
89.45312500     0.999943465673000
89.64843750     0.999933602723000
89.84375000     0.999925917166000
90.03906250     0.999920703018000
90.23437500     0.999918123872000
90.42968750     0.999918211104000
90.62500000     0.999920868676000
90.82031250     0.999925883938000
91.01562500     0.999932943516000
91.21093750     0.999941653182000
91.40625000     0.999951560504000
91.60156250     0.999962178959000
91.79687500     0.999973012261000
91.99218750     0.999983577683000
92.18750000     0.999993427324000
92.38281250     1.000002166410000
92.57812500     1.000009467990000
92.77343750     1.000015083470000
92.96875000     1.000018848960000
93.16406250     1.000020687210000
93.35937500     1.000020605600000
93.55468750     1.000018690370000
93.75000000     1.000015097840000
93.94531250     1.000010043130000
94.14062500     1.000003787200000
94.33593750     0.999996622945000
94.53125000     0.999988861018000
94.72656250     0.999980816115000
94.92187500     0.999972794279000
95.11718750     0.999965081712000
95.31250000     0.999957935445000
95.50781250     0.999951576098000
95.70312500     0.999946182832000
95.89843750     0.999941890469000
96.09375000     0.999938788663000
96.28906250     0.999936922896000
96.48437500     0.999936297030000
96.67968750     0.999936877089000
96.87500000     0.999938595928000
97.07031250     0.999941358442000
97.26562500     0.999945047010000
97.46093750     0.999949526874000
97.65625000     0.999954651229000
97.85156250     0.999960265856000
98.04687500     0.999966213182000
98.24218750     0.999972335701000
98.43750000     0.999978478794000
98.63281250     0.999984492969000
98.82812500     0.999990235638000
99.02343750     0.999995572530000
99.21875000     1.000000378890000
99.41406250     1.000004540550000
99.60937500     1.000007955070000
99.80468750     1.000010532940000
100.00000000     1.000012199000000
100.19531250     1.000012893960000
100.39062500     1.000012576250000
100.58593750     1.000011223800000
100.78125000     1.000008836010000
100.97656250     1.000005435500000
101.17187500     1.000001069610000
101.36718750     0.999995811613000
101.56250000     0.999989761157000
101.75781250     0.999983044151000
101.95312500     0.999975811703000
102.14843750     0.999968238138000
102.34375000     0.999960518001000
102.53906250     0.999952862037000
102.73437500     0.999945492207000
102.92968750     0.999938635803000
103.12500000     0.999932518846000
103.32031250     0.999927358924000
103.51562500     0.999923357732000
103.71093750     0.999920693570000
103.90625000     0.999919514079000
104.10156250     0.999919929529000
104.29687500     0.999922006941000
104.49218750     0.999925765322000
104.68750000     0.999931172269000
104.88281250     0.999938142141000
105.07812500     0.999946535959000
105.27343750     0.999956163131000
105.46875000     0.999966785032000
105.66406250     0.999978120405000
105.85937500     0.999989852467000
106.05468750     1.000001637550000
106.25000000     1.000013115020000
106.44531250     1.000023918230000
106.64062500     1.000033686060000
106.83593750     1.000042074780000
107.03125000     1.000048769760000
107.22656250     1.000053496660000
107.42187500     1.000056031680000
107.61718750     1.000056210490000
107.81250000     1.000053935480000
108.00781250     1.000049181160000
108.20312500     1.000041997310000
108.39843750     1.000032509810000
108.59375000     1.000020919110000
108.78906250     1.000007496240000
108.98437500     0.999992576511000
109.17968750     0.999976551088000
109.37500000     0.999959856540000
109.57031250     0.999942962817000
109.76562500     0.999926359921000
109.96093750     0.999910543682000
110.15625000     0.999896001084000
110.35156250     0.999883195573000
110.54687500     0.999872552793000
110.74218750     0.999864447213000
110.93750000     0.999859190016000
111.13281250     0.999857018668000
111.32812500     0.999858088466000
111.52343750     0.999862466347000
111.71875000     0.999870127160000
111.91406250     0.999880952531000
112.10937500     0.999894732383000
112.30468750     0.999911169092000
112.50000000     0.999929884180000
112.69531250     0.999950427379000
112.89062500     0.999972287840000
113.08593750     0.999994907170000
113.28125000     1.000017693960000
113.47656250     1.000040039420000
113.67187500     1.000061333630000
113.86718750     1.000080982070000
114.06250000     1.000098421880000
114.25781250     1.000113137400000
114.45312500     1.000124674640000
114.64843750     1.000132654190000
114.84375000     1.000136782260000
115.03906250     1.000136859510000
115.23437500     1.000132787490000
115.42968750     1.000124572420000
115.62500000     1.000112326280000
115.82031250     1.000096265160000
116.01562500     1.000076704900000
116.21093750     1.000054054190000
116.40625000     1.000028805220000
116.60156250     1.000001522230000
116.79687500     0.999972828256000
116.99218750     0.999943390289000
117.18750000     0.999913903421000
117.38281250     0.999885074224000
117.57812500     0.999857603859000
117.77343750     0.999832171286000
117.96875000     0.999809417012000
118.16406250     0.999789927734000
118.35937500     0.999774222243000
118.55468750     0.999762738918000
118.75000000     0.999755825067000
118.94531250     0.999753728360000
119.14062500     0.999756590531000
119.33593750     0.999764443466000
119.53125000     0.999777207764000
119.72656250     0.999794693770000
119.92187500     0.999816605050000
120.11718750     0.999842544229000
120.31250000     0.999872021028000
120.50781250     0.999904462338000
120.70312500     0.999939224093000
120.89843750     0.999975604682000
121.09375000     1.000012859600000
121.28906250     1.000050217020000
121.48437500     1.000086893990000
121.67968750     1.000122112770000
121.87500000     1.000155117200000
122.07031250     1.000185188480000
122.26562500     1.000211660210000
122.46093750     1.000233932340000
122.65625000     1.000251483680000
122.85156250     1.000263882770000
123.04687500     1.000270796880000
123.24218750     1.000271998960000
123.43750000     1.000267372410000
123.63281250     1.000256913620000
123.82812500     1.000240732180000
124.02343750     1.000219048940000
124.21875000     1.000192191740000
124.41406250     1.000160589200000
124.60937500     1.000124762530000
124.80468750     1.000085315680000
125.00000000     1.000042923950000
125.19531250     0.999998321422000
125.39062500     0.999952287378000
125.58593750     0.999905632060000
125.78125000     0.999859182017000
125.97656250     0.999813765326000
126.17187500     0.999770196975000
126.36718750     0.999729264641000
126.56250000     0.999691715137000
126.75781250     0.999658241721000
126.95312500     0.999629472485000
127.14843750     0.999605959981000
127.34375000     0.999588172238000
127.53906250     0.999576485276000
127.73437500     0.999571177211000
127.92968750     0.999572424001000
128.12500000     0.999580296881000
128.32031250     0.999594761468000
128.51562500     0.999615678538000
128.71093750     0.999642806425000
128.90625000     0.999675804970000
129.10156250     0.999714240948000
129.29687500     0.999757594859000
129.49218750     0.999805268965000
129.68750000     0.999856596444000
129.88281250     0.999910851506000
130.07812500     0.999967260304000
130.27343750     1.000025012490000
130.46875000     1.000083273240000
130.66406250     1.000141195480000
130.85937500     1.000197932320000
131.05468750     1.000252649330000
131.25000000     1.000304536480000
131.44531250     1.000352819770000
131.64062500     1.000396772090000
131.83593750     1.000435723430000
132.03125000     1.000469070080000
132.22656250     1.000496282790000
132.42187500     1.000516913850000
132.61718750     1.000530602830000
132.81250000     1.000537081030000
133.00781250     1.000536174600000
133.20312500     1.000527806280000
133.39843750     1.000511995690000
133.59375000     1.000488858380000
133.78906250     1.000458603510000
133.98437500     1.000421530260000
134.17968750     1.000378023180000
134.37500000     1.000328546440000
134.57031250     1.000273637160000
134.76562500     1.000213897900000
134.96093750     1.000149988580000
135.15625000     1.000082617750000
135.35156250     1.000012533570000
135.54687500     0.999940514489000
135.74218750     0.999867359812000
135.93750000     0.999793880324000
136.13281250     0.999720889015000
136.32812500     0.999649192070000
136.52343750     0.999579580215000
136.71875000     0.999512820494000
136.91406250     0.999449648580000
137.10937500     0.999390761645000
137.30468750     0.999336811882000
137.50000000     0.999288400688000
137.69531250     0.999246073543000
137.89062500     0.999210315607000
138.08593750     0.999181548045000
138.28125000     0.999160125055000
138.47656250     0.999146331626000
138.67187500     0.999140381972000
138.86718750     0.999142418656000
139.06250000     0.999152512348000
139.25781250     0.999170662210000
139.45312500     0.999196796864000
139.64843750     0.999230775918000
139.84375000     0.999272392000000
140.03906250     0.999321373290000
140.23437500     0.999377386486000
140.42968750     0.999440040186000
140.62500000     0.999508888639000
140.82031250     0.999583435842000
141.01562500     0.999663139923000
141.21093750     0.999747417804000
141.40625000     0.999835650076000
141.60156250     0.999927186072000
141.79687500     1.000021349090000
141.99218750     1.000117441740000
142.18750000     1.000214751340000
142.38281250     1.000312555360000
142.57812500     1.000410126920000
142.77343750     1.000506740130000
142.96875000     1.000601675450000
143.16406250     1.000694224900000
143.35937500     1.000783697060000
143.55468750     1.000869421960000
143.75000000     1.000950755660000
143.94531250     1.001027084560000
144.14062500     1.001097829460000
144.33593750     1.001162449230000
144.53125000     1.001220444100000
144.72656250     1.001271358600000
144.92187500     1.001314784070000
145.11718750     1.001350360740000
145.31250000     1.001377779310000
145.50781250     1.001396782200000
145.70312500     1.001407164210000
145.89843750     1.001408772820000
146.09375000     1.001401508010000
146.28906250     1.001385321630000
146.48437500     1.001360216420000
146.67968750     1.001326244550000
146.87500000     1.001283505840000
147.07031250     1.001232145650000
147.26562500     1.001172352470000
147.46093750     1.001104355160000
147.65625000     1.001028420080000
147.85156250     1.000944847930000
148.04687500     1.000853970490000
148.24218750     1.000756147200000
148.43750000     1.000651761730000
148.63281250     1.000541218440000
148.82812500     1.000424938880000
149.02343750     1.000303358350000
149.21875000     1.000176922450000
149.41406250     1.000046083800000
149.60937500     0.999911298866000
149.80468750     0.999773024912000
150.00000000     0.999631717130000
150.19531250     0.999487825963000
150.39062500     0.999341794620000
150.58593750     0.999194056802000
150.78125000     0.999045034638000
150.97656250     0.998895136848000
151.17187500     0.998744757120000
151.36718750     0.998594272713000
151.56250000     0.998444043270000
151.75781250     0.998294409846000
151.95312500     0.998145694137000
152.14843750     0.997998197896000
152.34375000     0.997852202544000
152.53906250     0.997707968942000
152.73437500     0.997565737326000
152.92968750     0.997425727386000
153.12500000     0.997288138481000
153.32031250     0.997153149975000
153.51562500     0.997020921669000
153.71093750     0.996891594346000
153.90625000     0.996765290372000
154.10156250     0.996642114392000
154.29687500     0.996522154060000
154.49218750     0.996405480832000
154.68750000     0.996292150785000
154.88281250     0.996182205467000
155.07812500     0.996075672761000
155.27343750     0.995972567760000
155.46875000     0.995872893647000
155.66406250     0.995776642561000
155.85937500     0.995683796467000
156.05468750     0.995594327995000
156.25000000     0.995508201268000
156.44531250     0.995425372707000
156.64062500     0.995345791803000
156.83593750     0.995269401864000
157.03125000     0.995196140730000
157.22656250     0.995125941450000
157.42187500     0.995058732932000
157.61718750     0.994994440551000
157.81250000     0.994932986725000
158.00781250     0.994874291453000
158.20312500     0.994818272820000
158.39843750     0.994764847463000
158.59375000     0.994713931006000
158.78906250     0.994665438461000
158.98437500     0.994619284592000
159.17968750     0.994575384252000
159.37500000     0.994533652688000
159.57031250     0.994494005812000
159.76562500     0.994456360457000
159.96093750     0.994420634591000
160.15625000     0.994386747513000
160.35156250     0.994354620028000
160.54687500     0.994324174596000
160.74218750     0.994295335461000
160.93750000     0.994268028756000
161.13281250     0.994242182601000
161.32812500     0.994217727172000
161.52343750     0.994194594764000
161.71875000     0.994172719829000
161.91406250     0.994152039015000
162.10937500     0.994132491180000
162.30468750     0.994114017401000
162.50000000     0.994096560974000
162.69531250     0.994080067405000
162.89062500     0.994064484388000
163.08593750     0.994049761782000
163.28125000     0.994035851579000
163.47656250     0.994022707866000
163.67187500     0.994010286787000
163.86718750     0.993998546492000
164.06250000     0.993987447090000
164.25781250     0.993976950599000
164.45312500     0.993967020886000
164.64843750     0.993957623618000
164.84375000     0.993948726195000
165.03906250     0.993940297699000
165.23437500     0.993932308832000
165.42968750     0.993924731853000
165.62500000     0.993917540522000
165.82031250     0.993910710038000
166.01562500     0.993904216980000
166.21093750     0.993898039252000
166.40625000     0.993892156017000
166.60156250     0.993886547649000
166.79687500     0.993881195673000
166.99218750     0.993876082711000
167.18750000     0.993871192429000
167.38281250     0.993866509489000
167.57812500     0.993862019493000
167.77343750     0.993857708939000
167.96875000     0.993853565175000
168.16406250     0.993849576350000
168.35937500     0.993845731374000
168.55468750     0.993842019875000
168.75000000     0.993838432158000
168.94531250     0.993834959170000
169.14062500     0.993831592459000
169.33593750     0.993828324141000
169.53125000     0.993825146868000
169.72656250     0.993822053792000
169.92187500     0.993819038538000
170.11718750     0.993816095176000
170.31250000     0.993813218189000
170.50781250     0.993810402451000
170.70312500     0.993807643199000
170.89843750     0.993804936013000
171.09375000     0.993802276792000
171.28906250     0.993799661733000
171.48437500     0.993797087313000
171.67968750     0.993794550268000
171.87500000     0.993792047575000
172.07031250     0.993789576440000
172.26562500     0.993787134277000
172.46093750     0.993784718698000
172.65625000     0.993782327495000
172.85156250     0.993779958633000
173.04687500     0.993777610230000
173.24218750     0.993775280552000
173.43750000     0.993772968002000
173.63281250     0.993770671107000
173.82812500     0.993768388511000
174.02343750     0.993766118965000
174.21875000     0.993763861322000
174.41406250     0.993761614525000
174.60937500     0.993759377604000
174.80468750     0.993757149667000
175.00000000     0.993754929897000
175.19531250     0.993752717541000
175.39062500     0.993750511910000
175.58593750     0.993748312373000
175.78125000     0.993746118349000
175.97656250     0.993743929309000
176.17187500     0.993741744766000
176.36718750     0.993739564277000
176.56250000     0.993737387433000
176.75781250     0.993735213862000
176.95312500     0.993733043225000
177.14843750     0.993730875211000
177.34375000     0.993728709536000
177.53906250     0.993726545941000
177.73437500     0.993724384189000
177.92968750     0.993722224064000
178.12500000     0.993720065371000
178.32031250     0.993717907929000
178.51562500     0.993715751576000
178.71093750     0.993713596163000
178.90625000     0.993711441554000
179.10156250     0.993709287626000
179.29687500     0.993707134267000
179.49218750     0.993704981376000
179.68750000     0.993702828860000
179.88281250     0.993700676634000
180.07812500     0.993698524622000
180.27343750     0.993696372755000
180.46875000     0.993694220971000
180.66406250     0.993692069211000
180.85937500     0.993689917424000
181.05468750     0.993687765564000
181.25000000     0.993685613588000
181.44531250     0.993683461457000
181.64062500     0.993681309135000
181.83593750     0.993679156593000
182.03125000     0.993677003801000
182.22656250     0.993674850734000
182.42187500     0.993672697368000
182.61718750     0.993670543681000
182.81250000     0.993668389656000
183.00781250     0.993666235274000
183.20312500     0.993664080520000
183.39843750     0.993661925381000
183.59375000     0.993659769843000
183.78906250     0.993657613894000
183.98437500     0.993655457526000
184.17968750     0.993653300728000
184.37500000     0.993651143492000
184.57031250     0.993648985811000
184.76562500     0.993646827678000
184.96093750     0.993644669086000
185.15625000     0.993642510031000
185.35156250     0.993640350506000
185.54687500     0.993638190509000
185.74218750     0.993636030034000
185.93750000     0.993633869079000
186.13281250     0.993631707639000
186.32812500     0.993629545713000
186.52343750     0.993627383297000
186.71875000     0.993625220390000
186.91406250     0.993623056989000
187.10937500     0.993620893092000
187.30468750     0.993618728697000
187.50000000     0.993616563804000
187.69531250     0.993614398410000
187.89062500     0.993612232515000
188.08593750     0.993610066117000
188.28125000     0.993607899216000
188.47656250     0.993605731811000
188.67187500     0.993603563900000
188.86718750     0.993601395484000
189.06250000     0.993599226561000
189.25781250     0.993597057131000
189.45312500     0.993594887194000
189.64843750     0.993592716748000
189.84375000     0.993590545795000
190.03906250     0.993588374333000
190.23437500     0.993586202362000
190.42968750     0.993584029882000
190.62500000     0.993581856893000
190.82031250     0.993579683393000
191.01562500     0.993577509384000
191.21093750     0.993575334865000
191.40625000     0.993573159836000
191.60156250     0.993570984297000
191.79687500     0.993568808247000
191.99218750     0.993566631687000
192.18750000     0.993564454616000
192.38281250     0.993562277035000
192.57812500     0.993560098943000
192.77343750     0.993557920340000
192.96875000     0.993555741227000
193.16406250     0.993553561603000
193.35937500     0.993551381467000
193.55468750     0.993549200821000
193.75000000     0.993547019664000
193.94531250     0.993544837997000
194.14062500     0.993542655818000
194.33593750     0.993540473129000
194.53125000     0.993538289928000
194.72656250     0.993536106217000
194.92187500     0.993533921994000
195.11718750     0.993531737261000
195.31250000     0.993529552017000
195.50781250     0.993527366261000
195.70312500     0.993525179995000
195.89843750     0.993522993218000
196.09375000     0.993520805930000
196.28906250     0.993518618131000
196.48437500     0.993516429822000
196.67968750     0.993514241001000
196.87500000     0.993512051670000
197.07031250     0.993509861828000
197.26562500     0.993507671475000
197.46093750     0.993505480611000
197.65625000     0.993503289236000
197.85156250     0.993501097350000
198.04687500     0.993498904954000
198.24218750     0.993496712047000
198.43750000     0.993494518629000
198.63281250     0.993492324701000
198.82812500     0.993490130262000
199.02343750     0.993487935312000
199.21875000     0.993485739852000
199.41406250     0.993483543881000
199.60937500     0.993481347399000
199.80468750     0.993479150407000
200.00000000     0.993476952904000
200.19531250     0.993474754891000
200.39062500     0.993472556367000
200.58593750     0.993470357332000
200.78125000     0.993468157787000
200.97656250     0.993465957732000
201.17187500     0.993463757166000
201.36718750     0.993461556089000
201.56250000     0.993459354503000
201.75781250     0.993457152406000
201.95312500     0.993454949798000
202.14843750     0.993452746680000
202.34375000     0.993450543052000
202.53906250     0.993448338913000
202.73437500     0.993446134265000
202.92968750     0.993443929106000
203.12500000     0.993441723436000
203.32031250     0.993439517257000
203.51562500     0.993437310567000
203.71093750     0.993435103367000
203.90625000     0.993432895658000
204.10156250     0.993430687438000
204.29687500     0.993428478708000
204.49218750     0.993426269468000
204.68750000     0.993424059718000
204.88281250     0.993421849458000
205.07812500     0.993419638689000
205.27343750     0.993417427410000
205.46875000     0.993415215622000
205.66406250     0.993413003325000
205.85937500     0.993410790519000
206.05468750     0.993408577204000
206.25000000     0.993406363381000
206.44531250     0.993404149050000
206.64062500     0.993401934212000
206.83593750     0.993399718869000
207.03125000     0.993397503020000
207.22656250     0.993395286667000
207.42187500     0.993393069813000
207.61718750     0.993390852458000
207.81250000     0.993388634607000
208.00781250     0.993386416264000
208.20312500     0.993384197432000
208.39843750     0.993381978118000
208.59375000     0.993379758331000
208.78906250     0.993377538080000
208.98437500     0.993375317378000
209.17968750     0.993373096243000
209.37500000     0.993370874697000
209.57031250     0.993368652768000
209.76562500     0.993366430492000
209.96093750     0.993364207915000
210.15625000     0.993361985098000
210.35156250     0.993359762118000
210.54687500     0.993357539074000
210.74218750     0.993355316093000
210.93750000     0.993353093341000
211.13281250     0.993350871028000
211.32812500     0.993348649426000
211.52343750     0.993346428885000
211.71875000     0.993344209855000
211.91406250     0.993341992915000
212.10937500     0.993339778810000
212.30468750     0.993337568498000
212.50000000     0.993335363211000
212.69531250     0.993333164535000
212.89062500     0.993330974511000
213.08593750     0.993328795761000
213.28125000     0.993326631663000
213.47656250     0.993324486560000
213.67187500     0.993322366038000
213.86718750     0.993320277285000
214.06250000     0.993318229546000
214.25781250     0.993316234715000
214.45312500     0.993314308093000
214.64843750     0.993312469361000
214.84375000     0.993310743839000
215.03906250     0.993309164094000
215.23437500     0.993307772023000
215.42968750     0.993306621519000
215.62500000     0.993305781906000
215.82031250     0.993305342361000
216.01562500     0.993305417593000
216.21093750     0.993306155153000
216.40625000     0.993307744839000
216.60156250     0.993310430788000
216.79687500     0.993314527029000
216.99218750     0.993320437487000
217.18750000     0.993328681715000
217.38281250     0.993339927983000
217.57812500     0.993355035829000
217.77343750     0.993375110792000
217.96875000     0.993401574777000
218.16406250     0.993436256550000
218.35937500     0.993481508073000
218.55468750     0.993540354082000
218.75000000     0.993616684332000
218.94531250     0.993715500690000
219.14062500     0.993843234608000
219.33593750     0.994008154926000
219.53125000     0.994220891520000
219.72656250     0.994495107359000
219.92187500     0.994848360541000
220.11718750     0.995303209104000
220.31250000     0.995888625600000
220.50781250     0.996641805870000
220.70312500     0.997610477989000
220.89843750     0.998855843226000
221.09375000     1.000456311320000
221.28906250     1.002512226900000
221.48437500     1.005151820940000
221.67968750     1.008538656060000
221.87500000     1.012880860870000
222.07031250     1.018442449960000
222.26562500     1.025556980100000
222.46093750     1.034643656790000
222.65625000     1.046225714860000
222.85156250     1.060950352390000
223.04687500     1.079608556310000
223.24218750     1.103151630840000
223.43750000     1.132698903470000
223.63281250     1.169527742360000
223.82812500     1.215032656150000
224.02343750     1.270635319940000
224.21875000     1.337623323790000
224.41406250     1.416895391140000
224.60937500     1.508600129790000
224.80468750     1.611681274200000
225.00000000     1.723390960280000
225.19531250     1.838901616360000
225.39062500     1.951215220290000
225.58593750     2.051588716680000
225.78125000     2.130606134350000
225.97656250     2.179803651270000
226.17187500     2.193457717590000
226.36718750     2.169945014710000
226.56250000     2.112149443760000
226.75781250     2.026747911490000
226.95312500     1.922663936190000
227.14843750     1.809266319420000
227.34375000     1.694871328050000
227.53906250     1.585857615440000
227.73437500     1.486411462800000
227.92968750     1.398730637030000
228.12500000     1.323462838380000
228.32031250     1.260195633740000
228.51562500     1.207888184050000
228.71093750     1.165200256560000
228.90625000     1.130716024450000
229.10156250     1.103080360520000
229.29687500     1.081070953810000
229.49218750     1.063627646690000
229.68750000     1.049855675650000
229.88281250     1.039014563490000
230.07812500     1.030500314960000
230.27343750     1.023825555980000
230.46875000     1.018600211450000
230.66406250     1.014514012130000
230.85937500     1.011321335930000
231.05468750     1.008828445940000
231.25000000     1.006882958870000
231.44531250     1.005365277780000
231.64062500     1.004181695220000
231.83593750     1.003258884170000
232.03125000     1.002539523240000
232.22656250     1.001978837970000
232.42187500     1.001541875590000
232.61718750     1.001201363360000
232.81250000     1.000936028760000
233.00781250     1.000729284100000
233.20312500     1.000568197530000
233.39843750     1.000442689070000
233.59375000     1.000344902640000
233.78906250     1.000268716050000
233.98437500     1.000209358650000
234.17968750     1.000163113190000
234.37500000     1.000127083350000
234.57031250     1.000099012500000
234.76562500     1.000077142470000
234.96093750     1.000060103450000
235.15625000     1.000046828240000
235.35156250     1.000036485390000
235.54687500     1.000028427130000
235.74218750     1.000022148780000
235.93750000     1.000017257170000
236.13281250     1.000013445980000
236.32812500     1.000010476560000
236.52343750     1.000008162960000
236.71875000     1.000006360330000
236.91406250     1.000004955820000
237.10937500     1.000003861480000
237.30468750     1.000003008820000
237.50000000     1.000002344450000
237.69531250     1.000001826790000
237.89062500     1.000001423440000
238.08593750     1.000001109160000
238.28125000     1.000000864280000
238.47656250     1.000000673460000
238.67187500     1.000000524780000
238.86718750     1.000000408930000
239.06250000     1.000000318650000
239.25781250     1.000000248310000
239.45312500     1.000000193490000
239.64843750     1.000000150780000
239.84375000     1.000000117500000
240.03906250     1.000000091560000
240.23437500     1.000000071350000
240.42968750     1.000000055600000
240.62500000     1.000000043330000
240.82031250     1.000000033770000
241.01562500     1.000000026320000
241.21093750     1.000000020510000
241.40625000     1.000000015980000
241.60156250     1.000000012450000
241.79687500     1.000000009710000
241.99218750     1.000000007560000
242.18750000     1.000000005900000
242.38281250     1.000000004590000
242.57812500     1.000000003580000
242.77343750     1.000000002790000
242.96875000     1.000000002170000
243.16406250     1.000000001690000
243.35937500     1.000000001320000
243.55468750     1.000000001030000
243.75000000     1.000000000800000
243.94531250     1.000000000630000
244.14062500     1.000000000490000
244.33593750     1.000000000380000
244.53125000     1.000000000300000
244.72656250     1.000000000230000
244.92187500     1.000000000180000
245.11718750     1.000000000140000
245.31250000     1.000000000110000
245.50781250     1.000000000090000
245.70312500     1.000000000070000
245.89843750     1.000000000050000
246.09375000     1.000000000040000
246.28906250     1.000000000030000
246.48437500     1.000000000020000
246.67968750     1.000000000020000
246.87500000     1.000000000010000
247.07031250     1.000000000010000
247.26562500     1.000000000010000
247.46093750     1.000000000010000
247.65625000     1.000000000010000
247.85156250     1.000000000000000
248.04687500     1.000000000000000
248.24218750     1.000000000000000
248.43750000     1.000000000000000
248.63281250     1.000000000000000
248.82812500     1.000000000000000
249.02343750     1.000000000000000
249.21875000     1.000000000000000
249.41406250     1.000000000000000
249.60937500     1.000000000000000
249.80468750     1.000000000000000
